	Gene Name	Gene Start (bp)	Gene End (bp)	length
0	AT1G23960	8478391	8480356	1965
1	AT1G23965	8480422	8481599	1177
2	AT1G23970	8481997	8483875	1878
3	AT1G24020	8500119	8502065	1946
4	AT1G23980	8484703	8486002	1299
5	AT1G23985	8485337	8487029	1692
6	AT1G23995	8487048	8487347	299
7	AT1G24030	8503217	8505460	2243
8	AT1G24040	8503777	8506837	3060
9	AT1G24050	8506968	8508909	1941
10	AT1G24060	8509736	8510056	320
11	AT1G24062	8510401	8510967	566
12	AT1G24090	8520443	8523193	2750
13	AT1G24095	8523225	8524929	1704
14	AT1G24110	8527714	8529018	1304
15	AT1G24120	8529064	8532262	3198
16	AT1G24130	8534146	8535660	1514
17	AT1G24145	8540838	8542053	1215
18	AT1G24159	8552775	8553385	610
19	AT1G24160	8553313	8556750	3437
20	AT1G24200	8571173	8572377	1204
21	AT1G24210	8573544	8575184	1640
22	AT1G24220	8578658	8582767	4109
23	AT1G24230	8584039	8585135	1096
24	AT1G24260	8593536	8596123	2587
25	AT1G24240	8586335	8588180	1845
26	AT1G24250	8588295	8589546	1251
27	AT1G24256	8592078	8592989	911
28	AT1G24265	8600391	8603913	3522
29	AT1G24267	8604022	8607484	3462
30	AT1G24270	8607851	8608763	912
31	AT1G24290	8612505	8614283	1778
32	AT1G24300	8614363	8620664	6301
33	AT1G24310	8624014	8626405	2391
34	AT1G24320	8626315	8631027	4712
35	AT1G24330	8631206	8635055	3849
36	AT1G24350	8638520	8640825	2305
37	AT1G24340	8635187	8638986	3799
38	AT1G24360	8640582	8643503	2921
39	AT1G24380	8646056	8647674	1618
40	AT1G24388	8648099	8648694	595
41	AT1G24420	8656021	8657997	1976
42	AT1G24440	8661838	8664007	2169
43	AT1G24475	8676282	8676343	61
44	AT1G24480	8676360	8677228	868
45	AT1G24485	8678858	8681894	3036
46	AT1G24510	8685271	8688247	2976
47	AT1G24530	8692630	8694705	2075
48	AT1G24560	8702361	8705879	3518
49	AT1G24570	8706800	8709782	2982
50	AT1G24575	8710847	8711578	731
51	AT1G24577	8712478	8713225	747
52	AT1G24580	8709941	8710824	883
53	AT1G24660	8740205	8740469	264
54	AT2G04305	1501372	1503827	2455
55	AT1G24735	8757864	8759645	1781
56	AT1G24800	8769511	8771553	2042
57	AT1G24807	8771370	8773535	2165
58	AT1G24822	8774997	8777882	2885
59	AT1G24851	8778280	8780257	1977
60	AT1G24881	8784036	8785634	1598
61	AT1G24909	8785785	8787914	2129
62	AT1G25025	8800808	8801584	776
63	AT1G25097	8811733	8814788	3055
64	AT1G25112	8815186	8815962	776
65	AT1G25141	8817678	8818395	717
66	AT1G25155	8822692	8824821	2129
67	AT1G25180	8829564	8831390	1826
68	AT1G25211	8835386	8837007	1621
69	AT1G25230	8840203	8842445	2242
70	AT1G25240	8845142	8846726	1584
71	AT2G04340	1513490	1515594	2104
72	AT1G25250	8849034	8851790	2756
73	AT1G25260	8853534	8855874	2340
74	AT1G25275	8860527	8861522	995
75	AT1G25277	8861734	8862797	1063
76	AT1G25300	8871568	8872386	818
77	AT1G25320	8877790	8880388	2598
78	AT1G25360	8894380	8897124	2744
79	AT1G25370	8897564	8899111	1547
80	AT1G25375	8900110	8903428	3318
81	AT1G25390	8906029	8909334	3305
82	AT1G25380	8903405	8906455	3050
83	AT1G25400	8911096	8912822	1726
84	AT1G25420	8915915	8918267	2352
85	AT1G25422	8918789	8919892	1103
86	AT1G25460	8942713	8944442	1729
87	AT1G25480	8948232	8951031	2799
88	AT1G25500	8955195	8958132	2937
89	AT1G25510	8959087	8961183	2096
90	AT1G25520	8962087	8964564	2477
91	AT1G25530	8964544	8967562	3018
92	AT1G25550	8976326	8978305	1979
93	AT1G25570	8991708	8995617	3909
94	AT1G25580	8996714	8999917	3203
95	AT1G25682	9002285	9004762	2477
96	AT1G25988	9016252	9017450	1198
97	AT1G26090	9020380	9022769	2389
98	AT1G26100	9022542	9024081	1539
99	AT1G26110	9024341	9027955	3614
100	AT1G26130	9033016	9039099	6083
101	AT1G26140	9038708	9039540	832
102	AT1G26160	9044422	9047049	2627
103	AT1G26170	9047292	9054703	7411
104	AT1G26180	9054673	9056941	2268
105	AT1G26190	9057095	9061140	4045
106	AT1G26200	9063306	9065320	2014
107	AT1G26220	9071140	9071861	721
108	AT1G26225	9072634	9072835	201
109	AT1G26240	9077874	9079646	1772
110	AT1G26270	9089469	9092560	3091
111	AT1G26290	9097643	9098964	1321
112	AT1G26300	9095768	9099766	3998
113	AT1G26320	9105038	9107231	2193
114	AT1G26330	9107519	9113747	6228
115	AT1G26350	9116010	9116781	771
116	AT1G26370	9121443	9125578	4135
117	AT1G26450	9148636	9150250	1614
118	AT1G26460	9151628	9154762	3134
119	AT1G26470	9155091	9156370	1279
120	AT1G26510	9159851	9161044	1193
121	AT1G26515	9161810	9162910	1100
122	AT1G26520	9163211	9165900	2689
123	AT1G26530	9165360	9167570	2210
124	AT1G26540	9167549	9170953	3404
125	AT1G26550	9171118	9173033	1915
126	AT1G26580	9184567	9187578	3011
127	AT1G26590	9188945	9190896	1951
128	AT1G26610	9193327	9195382	2055
129	AT1G26620	9195512	9199671	4159
130	AT1G26640	9207383	9209902	2519
131	AT1G26650	9210051	9211588	1537
132	AT1G26660	9211599	9214004	2405
133	AT1G26665	9214072	9215557	1485
134	AT1G26680	9219460	9223795	4335
135	AT1G26690	9224059	9225792	1733
136	AT1G26700	9227378	9232437	5059
137	AT1G26710	9232328	9233206	878
138	AT1G26720	9234099	9234939	840
139	AT1G26730	9241036	9244918	3882
140	AT1G26740	9244981	9246652	1671
141	AT1G26762	9253599	9254167	568
142	AT1G26773	9264404	9264580	176
143	AT1G26790	9273684	9275193	1509
144	AT1G26800	9285025	9286395	1370
145	AT1G26815	9290870	9291301	431
146	AT1G26850	9300806	9304328	3522
147	AT1G26880	9315305	9318277	2972
148	AT1G26890	9317589	9319246	1657
149	AT1G26900	9319643	9321512	1869
150	AT1G26921	9330944	9331201	257
151	AT1G26940	9343112	9345323	2211
152	AT1G26970	9359325	9361833	2508
153	AT1G26976	9364749	9365610	861
154	AT1G27000	9373885	9376828	2943
155	AT1G27008	9376788	9377491	703
156	AT1G27020	9378404	9380790	2386
157	AT1G27030	9381527	9384060	2533
158	AT1G27040	9386693	9390042	3349
159	AT1G27050	9393653	9394716	1063
160	AT1G27070	9396658	9399500	2842
161	AT1G27090	9403753	9406369	2616
162	AT1G27100	9407085	9411368	4283
163	AT1G27110	9412783	9417604	4821
164	AT1G27120	9421009	9424084	3075
165	AT1G27135	9427164	9427529	365
166	AT1G27150	9429008	9432310	3302
167	AT1G27160	9432418	9433190	772
168	AT1G27170	9433393	9439417	6024
169	AT1G27180	9439653	9446223	6570
170	AT1G27190	9446597	9449046	2449
171	AT1G27200	9449338	9451768	2430
172	AT1G27210	9455277	9458176	2899
173	AT1G27220	9463806	9465444	1638
174	AT1G27240	9466237	9467076	839
175	AT1G27250	9468568	9469634	1066
176	AT1G27300	9483157	9484368	1211
177	AT1G27385	9510475	9512971	2496
178	AT1G27400	9515114	9517070	1956
179	AT1G27410	9517201	9519025	1824
180	AT1G27420	9519067	9520716	1649
181	AT1G27430	9520825	9527280	6455
182	AT1G27435	9527501	9528878	1377
183	AT1G27460	9534488	9537614	3126
184	AT1G27461	9537736	9539027	1291
185	AT1G27470	9540049	9544303	4254
186	AT1G27520	9558562	9562485	3923
187	AT1G27480	9544410	9546285	1875
188	AT1G27530	9562487	9564031	1544
189	AT1G27535	9564726	9565134	408
190	AT1G27540	9565913	9567906	1993
191	AT1G27550	9568813	9569330	517
192	AT1G27555	9570397	9570962	565
193	AT1G27565	9574550	9575189	639
194	AT1G27570	9575538	9582376	6838
195	AT1G27580	9589807	9591075	1268
196	AT1G27595	9592088	9602917	10829
197	AT1G27610	9606968	9607996	1028
198	AT1G27620	9608153	9610566	2413
199	AT1G27640	9614463	9614906	443
200	AT1G27660	9621398	9626067	4669
201	AT1G27670	9627533	9628749	1216
202	AT1G27690	9636588	9638901	2313
203	AT1G27695	9639024	9640204	1180
204	AT1G27700	9639859	9641902	2043
205	AT1G27720	9642486	9647620	5134
206	AT1G27710	9642472	9643352	880
207	AT1G27750	9657173	9661994	4821
208	AT1G27752	9662021	9667550	5529
209	AT1G27820	9691628	9692560	932
210	AT1G27850	9698298	9703944	5646
211	AT1G27860	9704558	9706238	1680
212	AT1G27870	9706657	9707298	641
213	AT1G27880	9708861	9714366	5505
214	AT1G27890	9714136	9715176	1040
215	AT1G27900	9715342	9720629	5287
216	AT1G27910	9720733	9724800	4067
217	AT1G27930	9730959	9733000	2041
218	AT1G27990	9752742	9753952	1210
219	AT1G28020	9768889	9771157	2268
220	AT1G28030	9771793	9773389	1596
221	AT1G28040	9773580	9775481	1901
222	AT1G28060	9778851	9782907	4056
223	AT1G28070	9782847	9784091	1244
224	AT1G28080	9789691	9791546	1855
225	AT1G28100	9801082	9804394	3312
226	AT1G28120	9812930	9815560	2630
227	AT1G28135	9829261	9829584	323
228	AT1G28140	9831876	9834510	2634
229	AT1G28150	9834642	9836210	1568
230	AT1G28160	9839316	9840124	808
231	AT1G28190	9846747	9848015	1268
232	AT1G28210	9854517	9860158	5641
233	AT1G28240	9868257	9872278	4021
234	AT1G28250	9874247	9875579	1332
235	AT1G28260	9875527	9879433	3906
236	AT1G28265	9879035	9879310	275
237	AT1G28280	9885400	9887478	2078
238	AT1G28305	9904710	9905516	806
239	AT1G28306	9906882	9907725	843
240	AT1G28327	9931934	9933451	1517
241	AT1G28340	9939961	9943616	3655
242	AT1G28350	9943737	9949835	6098
243	AT1G28375	9961055	9961745	690
244	AT1G28395	9969246	9971681	2435
245	AT1G28400	9972185	9973942	1757
246	AT1G28410	9976182	9979793	3611
247	AT1G28490	10015856	10018047	2191
248	AT1G28500	10018691	10020479	1788
249	AT1G28510	10023817	10026311	2494
250	AT1G28560	10038029	10041544	3515
251	AT1G28530	10031985	10035638	3653
252	AT1G28540	10035617	10037403	1786
253	AT1G28570	10041576	10044258	2682
254	AT1G28580	10044337	10046552	2215
255	AT1G28590	10047276	10049343	2067
256	AT1G28600	10050957	10053218	2261
257	AT1G28610	10053443	10055881	2438
258	AT1G28630	10058456	10063460	5004
259	AT1G28640	10067563	10069177	1614
260	AT1G28650	10069365	10071108	1743
261	AT1G28660	10071609	10073549	1940
262	AT1G28690	10080042	10081604	1562
263	AT1G28695	10081871	10083122	1251
264	AT1G28710	10086366	10089772	3406
265	AT1G28960	10109500	10111738	2238
266	AT1G28760	10103081	10104883	1802
267	AT1G28765	10105047	10107645	2598
268	AT1G28815	10095674	10096374	700
269	AT1G29000	10112564	10114491	1927
270	AT1G29005	10114912	10115749	837
271	AT1G29030	10128999	10133992	4993
272	AT1G29010	10117715	10119085	1370
273	AT1G29020	10120300	10122973	2673
274	AT1G29025	10124286	10127098	2812
275	AT1G29040	10133983	10136124	2141
276	AT1G29041	10135451	10136241	790
277	AT1G29060	10147605	10149780	2175
278	AT1G29070	10149791	10151407	1616
279	AT1G29100	10168717	10169916	1199
280	AT1G29110	10171683	10173071	1388
281	AT1G29120	10174162	10178521	4359
282	AT1G29140	10178902	10180225	1323
283	AT1G29160	10183390	10184512	1122
284	AT1G29179	10198764	10200255	1491
285	AT1G29180	10199628	10200962	1334
286	AT1G29200	10207577	10210622	3045
287	AT1G29220	10210520	10212722	2202
288	AT1G29240	10216779	10219942	3163
289	AT1G29250	10223266	10224799	1533
290	AT1G29320	10255250	10258343	3093
291	AT1G29330	10258248	10261232	2984
292	AT1G29350	10268421	10273821	5400
293	AT1G29355	10274048	10275539	1491
294	AT1G29370	10277748	10283225	5477
295	AT1G29380	10283396	10286164	2768
296	AT1G29410	10297750	10300073	2323
297	AT1G29418	10300631	10301302	671
298	AT1G29420	10301377	10302099	722
299	AT1G29430	10302585	10303418	833
300	AT1G29460	10307352	10308246	894
301	AT1G29470	10310131	10314147	4016
302	AT1G29480	10317936	10318711	775
303	AT1G29490	10319732	10320402	670
304	AT1G29520	10323636	10324826	1190
305	AT1G29530	10324745	10326848	2103
306	AT1G29560	10332371	10335714	3343
307	AT1G29570	10335910	10337854	1944
308	AT1G29580	10338443	10339146	703
309	AT1G29620	10347363	10349017	1654
310	AT1G29630	10349427	10353833	4406
311	AT1G29640	10355638	10356482	844
312	AT1G29660	10371675	10374005	2330
313	AT1G29670	10375599	10377871	2272
314	AT1G29680	10377790	10378961	1171
315	AT1G29690	10379020	10382153	3133
316	AT1G29700	10384945	10387441	2496
317	AT1G29710	10387514	10389286	1772
318	AT1G29720	10393659	10399873	6214
319	AT1G29730	10400564	10405913	5349
320	AT1G29740	10407220	10413119	5899
321	AT2G04400	1531148	1533737	2589
322	AT1G29760	10422292	10424513	2221
323	AT1G29770	10424463	10425801	1338
324	AT1G29790	10429718	10432123	2405
325	AT1G29800	10432599	10435441	2842
326	AT1G29810	10435374	10437558	2184
327	AT1G29820	10437657	10440786	3129
328	AT1G29830	10441053	10445657	4604
329	AT1G29840	10445619	10447753	2134
330	AT1G29850	10447347	10449969	2622
331	AT1G29880	10459457	10462967	3510
332	AT1G29950	10491698	10494598	2900
333	AT1G29960	10494627	10496205	1578
334	AT1G29965	10498310	10499462	1152
335	AT1G29980	10503239	10506189	2950
336	AT2G04410	1533697	1535118	1421
337	AT1G30020	10515874	10516347	473
338	AT1G30080	10550855	10553295	2440
339	AT1G30090	10559496	10561545	2049
340	AT1G30110	10581735	10584152	2417
341	AT1G30130	10587471	10590209	2738
342	AT1G30140	10598542	10599696	1154
343	AT1G30170	10607888	10609618	1730
344	AT1G30200	10625000	10627135	2135
345	AT1G30240	10641031	10646195	5164
346	AT1G30250	10646842	10647650	808
347	AT1G30260	10650914	10651829	915
348	AT1G30280	10662608	10664668	2060
349	AT1G30290	10670129	10672836	2707
350	AT1G30300	10672973	10675455	2482
351	AT2G04420	1535489	1536250	761
352	AT1G30320	10680079	10683137	3058
353	AT1G30330	10685822	10690988	5166
354	AT1G30350	10709999	10711667	1668
355	AT1G30440	10758743	10762429	3686
356	AT1G30455	10769722	10770775	1053
357	AT1G30470	10779111	10786697	7586
358	AT1G30473	10786979	10788683	1704
359	AT2G04500	1568279	1570271	1992
360	AT1G30510	10806930	10809188	2258
361	AT1G30515	10809200	10809939	739
362	AT1G30540	10816616	10819419	2803
363	AT1G30545	10819495	10822055	2560
364	AT1G30550	10822161	10823903	1742
365	AT1G30580	10831673	10835635	3962
366	AT1G30590	10835735	10840872	5137
367	AT1G30600	10841107	10845242	4135
368	AT1G30630	10858232	10860322	2090
369	AT1G30640	10860619	10865074	4455
370	AT1G30650	10868218	10871297	3079
371	AT1G30660	10876724	10879143	2419
372	AT1G30670	10879173	10880188	1015
373	AT1G30680	10881479	10886472	4993
374	AT1G30690	10887607	10890407	2800
375	AT1G30700	10892445	10894714	2269
376	AT1G30720	10897925	10899975	2050
377	AT1G30730	10900681	10902626	1945
378	AT1G30750	10904775	10905724	949
379	AT1G30755	10905731	10909760	4029
380	AT1G30760	10918267	10920709	2442
381	AT1G30780	10923919	10926561	2642
382	AT1G30790	10932713	10934066	1353
383	AT1G30795	10935684	10936396	712
384	AT1G30800	10936923	10938099	1176
385	AT1G30814	10942648	10944727	2079
386	AT1G30820	10944908	10949482	4574
387	AT1G30845	10979646	10980725	1079
388	AT1G30860	10986496	10989593	3097
389	AT1G30870	10991478	10993083	1605
390	AT1G30880	10993002	10994152	1150
391	AT1G30890	10994243	10996223	1980
392	AT1G30910	11000862	11003226	2364
393	AT1G30920	11004084	11005444	1360
394	AT1G30925	11009888	11012280	2392
395	AT1G30960	11037552	11040084	2532
396	AT1G31010	11054731	11056959	2228
397	AT1G30972	11044628	11045466	838
398	AT1G30974	11046969	11047816	847
399	AT1G30990	11051999	11053295	1296
400	AT1G31040	11069510	11072564	3054
401	AT1G31050	11075398	11079289	3891
402	AT1G31070	11084666	11088589	3923
403	AT1G31080	11091832	11092899	1067
404	AT1G31090	11094407	11095649	1242
405	AT1G31095	11102778	11103644	866
406	AT1G31130	11114693	11116195	1502
407	AT1G31120	11104237	11108095	3858
408	AT1G31150	11119827	11122675	2848
409	AT1G31163	11128732	11130239	1507
410	AT1G31175	11140471	11142716	2245
411	AT2G04515	1573637	1574508	871
412	AT1G31220	11156698	11158683	1985
413	AT1G31240	11163858	11164928	1070
414	AT1G31243	11164639	11165022	383
415	AT1G31250	11166557	11167547	990
416	AT1G31230	11158618	11163274	4656
417	AT1G31300	11193625	11196397	2772
418	AT2G04520	1574562	1575960	1398
419	AT1G31310	11198353	11200141	1788
420	AT1G31370	11238298	11239363	1065
421	AT1G31380	11240451	11241099	648
422	AT1G31390	11243182	11244392	1210
423	AT1G31410	11246817	11249587	2770
424	AT1G31430	11253912	11255745	1833
425	AT1G31440	11255836	11258814	2978
426	AT1G31450	11259851	11261234	1383
427	AT1G31460	11261443	11263364	1921
428	AT1G31490	11271228	11273294	2066
429	AT1G31500	11273573	11276636	3063
430	AT1G31510	11277417	11278462	1045
431	AT1G31520	11278983	11279639	656
432	AT1G31530	11281188	11282468	1280
433	AT1G31540	11288378	11293799	5421
434	AT1G31550	11295446	11297379	1933
435	AT1G31555	11297813	11298409	596
436	AT1G31620	11316941	11317894	953
437	AT1G31660	11330924	11333540	2616
438	AT1G31650	11326251	11330791	4540
439	AT1G31670	11337536	11341889	4353
440	AT1G31690	11343854	11347945	4091
441	AT1G31710	11349697	11355587	5890
442	AT1G31720	11356076	11358095	2019
443	AT1G31730	11359512	11364288	4776
444	AT1G31750	11370585	11372197	1612
445	AT1G31760	11372394	11374301	1907
446	AT1G31772	11377879	11379734	1855
447	AT1G31780	11391199	11394748	3549
448	AT1G31790	11394690	11396018	1328
449	AT1G31800	11396402	11399714	3312
450	AT1G31810	11399607	11406809	7202
451	AT1G31835	11422636	11423684	1048
452	AT1G31840	11423906	11426818	2912
453	AT1G31850	11430100	11434115	4015
454	AT1G31870	11436719	11440275	3556
455	AT1G31880	11445490	11450232	4742
456	AT1G31910	11456802	11463896	7094
457	AT1G31920	11461855	11463857	2002
458	AT2G04540	1581376	1584702	3326
459	AT1G31940	11470056	11471481	1425
460	AT1G31950	11475623	11478548	2925
461	AT1G31960	11479133	11479654	521
462	AT1G31990	11488002	11489318	1316
463	AT1G32000	11508285	11508909	624
464	AT1G32010	11509341	11512040	2699
465	AT1G32020	11512552	11513067	515
466	AT1G32060	11532199	11534639	2440
467	AT1G32090	11539993	11544166	4173
468	AT1G32120	11552426	11556391	3965
469	AT1G32127	11556744	11558702	1958
470	AT1G32140	11562742	11564833	2091
471	AT1G32160	11568654	11570438	1784
472	AT1G32190	11592927	11596056	3129
473	AT1G32210	11605606	11607866	2260
474	AT1G32220	11607854	11609968	2114
475	AT1G32225	11610114	11610625	511
476	AT1G32250	11639741	11640393	652
477	AT1G32260	11640558	11641889	1331
478	AT1G32280	11646189	11647001	812
479	AT1G32300	11651327	11653380	2053
480	AT1G32337	11661815	11662122	307
481	AT1G32360	11672766	11675387	2621
482	AT1G32375	11678886	11680839	1953
483	AT1G32380	11681734	11684520	2786
484	AT1G32410	11693799	11695575	1776
485	AT1G32415	11695596	11697964	2368
486	AT1G32420	11701995	11702903	908
487	AT1G32430	11704932	11706357	1425
488	AT1G32460	11738118	11739326	1208
489	AT1G32500	11749798	11752190	2392
490	AT1G32520	11758211	11759324	1113
491	AT1G32530	11759427	11762635	3208
492	AT1G32550	11771621	11774294	2673
493	AT1G32570	11776765	11777557	792
494	AT1G32580	11783543	11785704	2161
495	AT1G32583	11785806	11788286	2480
496	AT1G32585	11788515	11789177	662
497	AT1G32600	11794802	11795683	881
498	AT1G32630	11797330	11801359	4029
499	AT1G32650	11810531	11810724	193
500	AT1G32690	11820872	11821824	952
501	AT1G32700	11827359	11829933	2574
502	AT1G32710	11833113	11833706	593
503	AT1G32730	11840910	11843308	2398
504	AT1G32740	11844660	11846347	1687
505	AT1G32760	11858080	11859468	1388
506	AT1G32763	11860407	11860923	516
507	AT1G32780	11869752	11872926	3174
508	AT1G32810	11881311	11886015	4704
509	AT1G32850	11902629	11907049	4420
510	AT1G32860	11907044	11909049	2005
511	AT1G32880	11913928	11914735	807
512	AT1G32910	11925320	11927302	1982
513	AT1G32920	11928757	11929993	1236
514	AT1G32928	11931149	11931801	652
515	AT1G32930	11931842	11934759	2917
516	AT1G32950	11941048	11944824	3776
517	AT1G32970	11948650	11951982	3332
518	AT1G32975	11953089	11953899	810
519	AT1G32980	11954278	11955362	1084
520	AT1G33020	11962746	11964832	2086
521	AT1G33050	11967783	11971532	3749
522	AT1G33055	11971308	11972580	1272
523	AT1G33070	11982889	11985299	2410
524	AT1G33080	11985650	11990520	4870
525	AT1G33090	11993298	11996712	3414
526	AT1G33100	11997500	12001421	3921
527	AT1G33102	12002238	12003005	767
528	AT1G33110	12004854	12008852	3998
529	AT1G33260	12064323	12066454	2131
530	AT1G33120	12010879	12012547	1668
531	AT1G33170	12026936	12030539	3603
532	AT1G33230	12046379	12050095	3716
533	AT1G33250	12057198	12059792	2594
534	AT1G33240	12051361	12054753	3392
535	AT1G33265	12066595	12068101	1506
536	AT1G33270	12068063	12070455	2392
537	AT1G33290	12074099	12076289	2190
538	AT1G33320	12081009	12083619	2610
539	AT1G33330	12084914	12086883	1969
540	AT1G33340	12087196	12088999	1803
541	AT1G33350	12089249	12091743	2494
542	AT1G33355	12089635	12089662	27
543	AT1G33390	12099482	12104680	5198
544	AT1G33360	12091780	12096486	4706
545	AT2G04620	1610506	1612960	2454
546	AT2G04621	1610662	1611347	685
547	AT2G04650	1621749	1624647	2898
548	AT1G33420	12120886	12123576	2690
549	AT1G33430	12124237	12126481	2244
550	AT1G33440	12127389	12130444	3055
551	AT1G33470	12144440	12147208	2768
552	AT1G33475	12147188	12148380	1192
553	AT1G33480	12148515	12150617	2102
554	AT1G33490	12150674	12152460	1786
555	AT1G33520	12157054	12159125	2071
556	AT1G33500	12152519	12154921	2402
557	AT1G33530	12159884	12161314	1430
558	AT1G33540	12162112	12164714	2602
559	AT1G33590	12177673	12179628	1955
560	AT1G33600	12180483	12184528	4045
561	AT1G33607	12186941	12187423	482
562	AT1G33612	12191133	12193270	2137
563	AT1G33640	12195722	12196223	501
564	AT1G33680	12203945	12208698	4753
565	AT1G33700	12208308	12214313	6005
566	AT1G33710	12219657	12220289	632
567	AT1G33750	12233632	12236576	2944
568	AT1G33760	12237547	12238710	1163
569	AT1G33770	12241614	12245292	3678
570	AT1G33790	12256474	12260638	4164
571	AT1G33810	12264942	12266920	1978
572	AT1G33811	12267808	12269913	2105
573	AT1G33820	12278438	12279451	1013
574	AT1G33850	12287913	12288210	297
575	AT1G33860	12294394	12295305	911
576	AT1G33870	12301325	12303330	2005
577	AT1G33880	12303862	12305203	1341
578	AT1G33940	12330576	12332785	2209
579	AT1G33890	12308136	12309914	1778
580	AT1G33900	12311518	12313518	2000
581	AT1G33910	12314904	12316258	1354
582	AT1G33930	12323474	12327311	3837
583	AT1G33945	12331977	12332469	492
584	AT1G33950	12332834	12340409	7575
585	AT1G33970	12349304	12351318	2014
586	AT1G34010	12359454	12361313	1859
587	AT1G34020	12366810	12370014	3204
588	AT1G34030	12370065	12371554	1489
589	AT1G34040	12374259	12376367	2108
590	AT1G34042	12379427	12379703	276
591	AT1G34046	12388595	12389447	852
592	AT1G34047	12390238	12390915	677
593	AT1G34050	12393426	12396194	2768
594	AT1G34060	12396397	12398418	2021
595	AT1G34070	12402283	12403209	926
596	AT1G34095	12411670	12412514	844
597	AT1G34110	12417012	12421792	4780
598	AT1G34150	12435882	12439499	3617
599	AT1G34160	12441244	12443368	2124
600	AT1G34200	12455653	12457547	1894
601	AT1G34220	12462849	12466089	3240
602	AT1G34260	12485318	12492207	6889
603	AT1G34270	12492321	12494584	2263
604	AT1G34300	12503360	12506172	2812
605	AT1G34315	12514106	12516521	2415
606	AT1G34317	12516112	12516555	443
607	AT1G34320	12520059	12524377	4318
608	AT1G34340	12530815	12534306	3491
609	AT1G34350	12534426	12536162	1736
610	AT1G34360	12542796	12546244	3448
611	AT1G34370	12550339	12552629	2290
612	AT1G34380	12552655	12554363	1708
613	AT1G34410	12577722	12580824	3102
614	AT1G34400	12565992	12566615	623
615	AT1G34403	12575892	12576173	281
616	AT1G34420	12584345	12587778	3433
617	AT1G34440	12591348	12593579	2231
618	AT1G34470	12604161	12607033	2872
619	AT1G34480	12607222	12609084	1862
620	AT1G34490	12609440	12610495	1055
621	AT1G34550	12646674	12652646	5972
622	AT1G34560	12653961	12654779	818
623	AT1G34575	12657027	12658756	1729
624	AT1G34580	12660497	12663870	3373
625	AT1G34630	12685176	12687641	2465
626	AT1G34640	12687552	12688543	991
627	AT1G34750	12736000	12738196	2196
628	AT1G34760	12743722	12745748	2026
629	AT1G34770	12746405	12748617	2212
630	AT1G34807	12777711	12778231	520
631	AT1G34792	12766263	12766651	388
632	AT1G34800	12773164	12773442	278
633	AT1G34805	12776578	12776856	278
634	AT1G34810	12779992	12780270	278
635	AT1G34815	12783406	12783684	278
636	AT1G34822	12787950	12788590	640
637	AT1G34825	12790122	12790605	483
638	AT1G34827	12791364	12791884	520
639	AT1G34830	12793536	12794023	487
640	AT1G34840	12796984	12797247	263
641	AT1G34850	12800308	12800571	263
642	AT1G35035	12811030	12811308	278
643	AT1G35040	12812157	12812569	412
644	AT1G35150	12864158	12866238	2080
645	AT1G35180	12877107	12878835	1728
646	AT1G35181	12879306	12879470	164
647	AT1G35183	12882654	12884762	2108
648	AT1G35190	12890404	12892955	2551
649	AT1G35210	12896582	12897675	1093
650	AT1G35215	12902718	12906171	3453
651	AT1G35220	12908848	12914858	6010
652	AT1G35240	12927303	12930523	3220
653	AT1G35242	12930980	12931555	575
654	AT1G35250	12932024	12934656	2632
655	AT1G35255	12935647	12936586	939
656	AT1G35290	12947517	12948849	1332
657	AT1G35320	12958841	12962853	4012
658	AT1G35330	12964986	12966113	1127
659	AT1G35340	12977668	12979947	2279
660	AT1G35350	12980689	12984740	4051
661	AT1G35353	12988649	12989373	724
662	AT1G35365	12991392	12992145	753
663	AT1G35375	13005673	13006187	514
664	AT1G35400	13018289	13019198	909
665	AT1G35410	13024161	13024941	780
666	AT1G35435	13032806	13033280	474
667	AT1G35490	13061549	13063455	1906
668	AT1G35500	13066087	13066596	509
669	AT1G35510	13071165	13074984	3819
670	AT1G35516	13078416	13079773	1357
671	AT1G35537	13105130	13105596	466
672	AT1G35550	13112506	13113136	630
673	AT1G35560	13115824	13117235	1411
674	AT1G35610	13143061	13144988	1927
675	AT1G35614	13148592	13149559	967
676	AT1G35617	13153583	13153948	365
677	AT1G35660	13192608	13198142	5534
678	AT1G35670	13205345	13208289	2944
679	AT1G35710	13220471	13224681	4210
680	AT1G35780	13277259	13280387	3128
681	AT1G35820	13308119	13309257	1138
682	AT1G35890	13341300	13341953	653
683	AT1G35895	13346878	13354225	7347
684	AT1G36005	13432418	13433062	644
685	AT1G36020	13433919	13434340	421
686	AT1G36030	13436586	13436828	242
687	AT1G36050	13450089	13453683	3594
688	AT1G36060	13454496	13456336	1840
689	AT1G36070	13466694	13470936	4242
690	AT1G36078	13481665	13482785	1120
691	AT1G36085	13486004	13486920	916
692	AT1G36100	13494652	13495215	563
693	AT1G36230	13610985	13614051	3066
694	AT1G36240	13614890	13616233	1343
695	AT1G36272	13635336	13635521	185
696	AT1G36280	13640508	13643126	2618
697	AT1G36310	13669425	13671203	1778
698	AT1G36325	13681704	13683045	1341
699	AT1G36380	13700765	13701632	867
700	AT1G36390	13701401	13703573	2172
701	AT1G36510	13761926	13764265	2339
702	AT1G36580	13816459	13818556	2097
703	AT1G36622	13835620	13836954	1334
704	AT1G36623	13835832	13836121	289
705	AT1G36627	13848529	13849091	562
706	AT1G36640	13852958	13853687	729
707	AT1G36675	13867568	13869490	1922
708	AT1G36730	13898210	13900831	2621
709	AT1G36745	13911137	13911679	542
710	AT1G36756	13917331	13917816	485
711	AT1G36920	13982995	13984424	1429
712	AT1G36922	13984576	13985480	904
713	AT1G36925	13986436	13987289	853
714	AT1G36940	14003819	14005502	1683
715	AT1G36942	14006147	14006341	194
716	AT1G36970	14016385	14018356	1971
717	AT1G36980	14024634	14027040	2406
718	AT1G36990	14027222	14030500	3278
719	AT1G37130	14158452	14161938	3486
720	AT1G37000	14036038	14037145	1107
721	AT1G37020	14046735	14049742	3007
722	AT1G37113	14136413	14138703	2290
723	AT1G38065	14289533	14292098	2565
724	AT1G38131	14292996	14296253	3257
725	AT1G38790	14543277	14544528	1251
726	AT1G39060	14701718	14703805	2087
727	AT1G39070	14733525	14745983	12458
728	AT1G40083	14922423	14923055	632
729	AT1G40086	14930278	14932360	2082
730	AT1G40087	14999615	15001868	2253
731	AT1G40090	15013792	15014764	972
732	AT1G40104	15081952	15085893	3941
733	AT1G40129	15240553	15244036	3483
734	AT1G40390	15432576	15434674	2098
735	AT1G41820	15582423	15585143	2720
736	AT1G41880	15650635	15652542	1907
737	AT1G41920	15680978	15684487	3509
738	AT1G42080	15716714	15717169	455
739	AT1G42190	15761082	15761276	194
740	AT1G42430	15891281	15894576	3295
741	AT1G42440	15895197	15900105	4908
742	AT1G42470	15926676	15935529	8853
743	AT1G42480	15936156	15938974	2818
744	AT1G42525	15966381	15968239	1858
745	AT1G42615	16037606	16038455	849
746	AT1G42680	16041656	16042880	1224
747	AT1G42560	15980135	15983571	3436
748	AT1G42700	16066931	16067592	661
749	AT1G42710	16077592	16078567	975
750	AT1G42960	16125743	16127298	1555
751	AT1G42980	16133286	16135587	2301
752	AT1G43005	16151095	16152240	1145
753	AT1G43010	16153609	16154468	859
754	AT1G43020	16155278	16157950	2672
755	AT1G43040	16184038	16184776	738
756	AT1G43080	16213995	16215828	1833
757	AT1G43090	16217197	16219150	1953
758	AT1G43100	16220519	16222473	1954
759	AT1G43140	16232785	16236109	3324
760	AT1G43145	16238525	16240015	1490
761	AT1G43171	16269075	16270513	1438
762	AT1G43245	16308510	16311094	2584
763	AT1G43260	16318253	16319234	981
764	AT1G43310	16345916	16346475	559
765	AT1G43320	16356762	16357118	356
766	AT1G43330	16359029	16360023	994
767	AT1G43580	16410372	16412736	2364
768	AT1G43600	16415357	16416022	665
769	AT1G43605	16416733	16417928	1195
770	AT1G43610	16424578	16425345	767
771	AT1G43630	16436250	16437755	1505
772	AT1G43665	16452981	16453804	823
773	AT1G43666	16461072	16461734	662
774	AT1G43667	16465056	16465565	509
775	AT1G43680	16472205	16473343	1138
776	AT1G43690	16478159	16482859	4700
777	AT1G43710	16486230	16488462	2232
778	AT1G43720	16495080	16496078	998
779	AT1G43722	16496403	16497377	974
780	AT1G43730	16508723	16509784	1061
781	AT1G43810	16580447	16580800	353
782	AT1G43815	16582084	16584556	2472
783	AT1G43825	16608603	16608818	215
784	AT1G43860	16620769	16624504	3735
785	AT1G43900	16654030	16655928	1898
786	AT1G43910	16655884	16657686	1802
787	AT1G43980	16687430	16689563	2133
788	AT1G44000	16708004	16709713	1709
789	AT1G44020	16715972	16718656	2684
790	AT1G44050	16739192	16741652	2460
791	AT1G44085	16758110	16758508	398
792	AT1G44120	16780059	16787623	7564
793	AT1G44130	16787508	16789436	1928
794	AT1G44160	16794820	16796450	1630
795	AT1G44180	16807828	16810565	2737
796	AT1G44191	16813599	16814733	1134
797	AT1G44224	16820929	16821823	894
798	AT1G44414	16847684	16848343	659
799	AT1G44446	16848308	16851271	2963
800	AT1G44478	16852341	16853238	897
801	AT1G44542	16864831	16866787	1956
802	AT1G44608	16875092	16876549	1457
803	AT1G44740	16887217	16889155	1938
804	AT1G44760	16896679	16898645	1966
805	AT1G44770	16907537	16909572	2035
806	AT1G44780	16909708	16912270	2562
807	AT1G44790	16912154	16913664	1510
808	AT1G44810	16923440	16924821	1381
809	AT1G44820	16926297	16929196	2899
810	AT1G44830	16933699	16934568	869
811	AT1G44835	16939692	16942558	2866
812	AT1G44890	16963125	16965019	1894
813	AT1G44895	16965181	16965586	405
814	AT1G44920	16982904	16984444	1540
815	AT1G44940	16994155	16995044	889
816	AT1G44941	16995113	16995295	182
817	AT1G44960	16999446	17001734	2288
818	AT1G44990	17007542	17007808	266
819	AT1G45000	17009051	17011929	2878
820	AT1G45010	17013385	17015520	2135
821	AT1G45015	17021514	17022795	1281
822	AT1G45063	17033335	17035105	1770
823	AT1G45100	17050631	17052189	1558
824	AT1G45110	17052475	17054827	2352
825	AT1G45150	17077386	17082592	5206
826	AT1G45160	17083077	17090588	7511
827	AT1G45163	17090677	17091464	787
828	AT1G45165	17090807	17091338	531
829	AT1G45170	17095980	17098041	2061
830	AT1G45180	17098475	17101954	3479
831	AT1G45201	17123785	17129223	5438
832	AT1G45207	17130350	17133809	3459
833	AT1G45215	17137703	17138251	548
834	AT1G45221	17139448	17140012	564
835	AT1G45223	17141192	17141771	579
836	AT1G45229	17154865	17159397	4532
837	AT1G45230	17169436	17171472	2036
838	AT1G45231	17147707	17151211	3504
839	AT1G45243	17147058	17147849	791
840	AT1G45248	17162813	17164779	1966
841	AT1G45332	17172121	17177060	4939
842	AT1G45403	17177804	17178415	611
843	AT1G45545	17180615	17183237	2622
844	AT1G45688	17191362	17193314	1952
845	AT1G46336	17230411	17230653	242
846	AT1G47056	17275890	17277839	1949
847	AT1G46840	17270185	17271706	1521
848	AT1G47130	17291755	17292755	1000
849	AT1G47265	17324318	17324911	593
850	AT1G47271	17328813	17330536	1723
851	AT1G47280	17331972	17334412	2440
852	AT1G47300	17339561	17340972	1411
853	AT1G47310	17342739	17344828	2089
854	AT1G47317	17347094	17347515	421
855	AT1G47330	17351018	17353875	2857
856	AT1G47340	17353847	17356564	2717
857	AT1G47350	17358447	17360722	2275
858	AT1G47370	17365898	17368703	2805
859	AT1G47380	17372371	17376091	3720
860	AT1G47389	17378580	17379391	811
861	AT1G47390	17379544	17380656	1112
862	AT1G47395	17382998	17383830	832
863	AT1G47400	17385707	17386485	778
864	AT1G47450	17402636	17403214	578
865	AT1G47480	17417492	17419442	1950
866	AT1G47485	17422432	17423071	639
867	AT1G47495	17428945	17429813	868
868	AT1G47530	17451553	17454461	2908
869	AT1G47540	17455533	17456186	653
870	AT2G04675	1637437	1638647	1210
871	AT1G47570	17477579	17483502	5923
872	AT2G04680	1640058	1642209	2151
873	AT1G47578	17484348	17485470	1122
874	AT1G47610	17504714	17506043	1329
875	AT1G47640	17518047	17520129	2082
876	AT1G47657	17531871	17535174	3303
877	AT1G47660	17533941	17535551	1610
878	AT1G47670	17536625	17539719	3094
879	AT1G47680	17540775	17541089	314
880	AT1G47695	17546326	17546545	219
881	AT1G47730	17563931	17565106	1175
882	AT1G47740	17566511	17569297	2786
883	AT1G47765	17574906	17576092	1186
884	AT1G47770	17590266	17591261	995
885	AT1G47813	17606558	17606818	260
886	AT1G47820	17611905	17612613	708
887	AT1G47830	17613029	17614986	1957
888	AT1G47870	17634697	17637809	3112
889	AT1G47845	17622110	17624274	2164
890	AT1G47885	17642397	17642805	408
891	AT1G47900	17647144	17651791	4647
892	AT1G47915	17660752	17661058	306
893	AT1G47920	17661095	17662455	1360
894	AT1G47970	17686990	17688859	1869
895	AT1G47980	17691811	17693887	2076
896	AT1G48040	17719584	17721891	2307
897	AT1G48060	17728095	17729102	1007
898	AT1G48070	17730417	17731157	740
899	AT1G48090	17732010	17758508	26498
900	AT1G48095	17760142	17761998	1856
901	AT1G48100	17766738	17769951	3213
902	AT1G48140	17781988	17784211	2223
903	AT1G48120	17773627	17780106	6479
904	AT1G48145	17784507	17784913	406
905	AT1G48150	17785397	17786368	971
906	AT1G48160	17786498	17789024	2526
907	AT1G48170	17788763	17790246	1483
908	AT1G48180	17792343	17794460	2117
909	AT1G48190	17794560	17795163	603
910	AT1G48195	17796258	17796784	526
911	AT1G48200	17796764	17798337	1573
912	AT1G48210	17798431	17802330	3899
913	AT1G48220	17802863	17804955	2092
914	AT1G48230	17805761	17808993	3232
915	AT1G48280	17835032	17837781	2749
916	AT1G48285	17844350	17844900	550
917	AT1G48325	17857258	17857722	464
918	AT1G48330	17863660	17864558	898
919	AT1G48355	17868121	17868536	415
920	AT1G48390	17879369	17881251	1882
921	AT1G48400	17881968	17883967	1999
922	AT1G48405	17884645	17885614	969
923	AT1G48410	17885633	17892632	6999
924	AT1G48430	17902632	17906873	4241
925	AT1G48440	17906871	17908534	1663
926	AT1G48450	17908503	17910523	2020
927	AT1G48460	17910779	17913344	2565
928	AT1G48490	17921900	17928954	7054
929	AT2G04690	1644456	1646443	1987
930	AT1G48510	17934746	17936946	2200
931	AT1G48530	17943242	17944315	1073
932	AT1G48540	17945369	17950598	5229
933	AT1G48550	17950569	17952743	2174
934	AT1G48560	17952854	17955509	2655
935	AT1G48570	17953870	17957719	3849
936	AT1G48580	17957942	17960916	2974
937	AT1G48590	17962520	17964465	1945
938	AT1G48600	17965871	17969354	3483
939	AT1G48610	17970611	17973402	2791
940	AT1G48640	17986303	17989163	2860
941	AT1G48650	17989131	17995339	6208
942	AT1G48660	17995785	17998037	2252
943	AT1G48670	17998795	18001289	2494
944	AT1G48690	18008813	18010086	1273
945	AT1G48700	18011035	18013257	2222
946	AT1G48720	18017730	18018458	728
947	AT1G48725	18019274	18020642	1368
948	AT1G48730	18020337	18022277	1940
949	AT1G48740	18023378	18026097	2719
950	AT1G48745	18030704	18031593	889
951	AT1G48750	18035967	18036510	543
952	AT1G48780	18041380	18042886	1506
953	AT1G48800	18049810	18053152	3342
954	AT1G48820	18055229	18059521	4292
955	AT1G48830	18059450	18061302	1852
956	AT1G48840	18061356	18065031	3675
957	AT1G48850	18064905	18068154	3249
958	AT1G48860	18068698	18071667	2969
959	AT1G48870	18072123	18076405	4282
960	AT1G48900	18084715	18087934	3219
961	AT1G48912	18094900	18095046	146
962	AT1G48950	18106860	18110386	3526
963	AT1G48953	18110814	18111463	649
964	AT1G48960	18112458	18113733	1275
965	AT1G48970	18113714	18117833	4119
966	AT1G48980	18118017	18120667	2650
967	AT1G48990	18121434	18122155	721
968	AT1G49000	18123071	18124289	1218
969	AT1G49050	18150466	18153364	2898
970	AT1G49100	18166128	18170105	3977
971	AT1G49110	18171563	18172450	887
972	AT1G49140	18176772	18179264	2492
973	AT1G49150	18178479	18179228	749
974	AT1G49170	18183184	18184583	1399
975	AT1G49180	18184654	18187529	2875
976	AT1G49200	18198227	18199168	941
977	AT1G49205	18198298	18200366	2068
978	AT1G49210	18201889	18202764	875
979	AT1G49240	18215800	18218339	2539
980	AT1G49220	18205934	18206701	767
981	AT1G49225	18206312	18211390	5078
982	AT1G49230	18209194	18210177	983
983	AT1G49270	18227122	18230330	3208
984	AT1G49245	18218341	18219269	928
985	AT1G49250	18220533	18224325	3792
986	AT1G49260	18225870	18226967	1097
987	AT1G49290	18232407	18233680	1273
988	AT1G49310	18237701	18238497	796
989	AT1G49330	18249866	18251038	1172
990	AT1G49350	18264944	18267270	2326
991	AT1G49360	18267231	18269465	2234
992	AT1G49380	18276643	18279532	2889
993	AT1G49390	18279559	18281122	1563
994	AT1G49420	18287859	18288650	791
995	AT1G49450	18305445	18307557	2112
996	AT1G49490	18317259	18320210	2951
997	AT1G49500	18320490	18322505	2015
998	AT1G49520	18329659	18332102	2443
999	AT1G49560	18342451	18344452	2001
1000	AT1G49570	18346958	18349049	2091
1001	AT1G49580	18351324	18354634	3310
1002	AT1G49590	18354744	18356733	1989
1003	AT1G49610	18361679	18363192	1513
1004	AT2G04700	1646799	1649037	2238
1005	AT1G49640	18375538	18376806	1268
1006	AT1G49650	18377154	18378634	1480
1007	AT1G49680	18386867	18387166	299
1008	AT1G49700	18388792	18390523	1731
1009	AT1G49715	18396744	18397454	710
1010	AT1G49730	18402506	18405681	3175
1011	AT1G49740	18407400	18410022	2622
1012	AT1G49750	18410857	18413016	2159
1013	AT1G49830	18445111	18446772	1661
1014	AT1G49840	18451746	18454463	2717
1015	AT1G49870	18460158	18463791	3633
1016	AT1G49900	18473908	18477643	3735
1017	AT1G49920	18481584	18484393	2809
1018	AT1G49930	18484932	18485639	707
1019	AT1G49940	18488127	18491769	3642
1020	AT1G49950	18494029	18497318	3289
1021	AT1G49960	18498639	18501886	3247
1022	AT1G49975	18504757	18506184	1427
1023	AT1G49980	18507922	18513340	5418
1024	AT1G49990	18513624	18515099	1475
1025	AT1G50000	18515059	18517290	2231
1026	AT1G50020	18519946	18521781	1835
1027	AT1G50010	18517586	18520000	2414
1028	AT1G50040	18542061	18544034	1973
1029	AT1G50050	18546086	18549046	2960
1030	AT1G50060	18551121	18552660	1539
1031	AT1G50080	18554001	18554276	275
1032	AT1G50090	18554564	18556826	2262
1033	AT1G50110	18557984	18560391	2407
1034	AT1G50120	18561728	18566269	4541
1035	AT1G50140	18569686	18579182	9496
1036	AT1G50160	18581429	18581650	221
1037	AT1G50180	18583964	18587136	3172
1038	AT1G50190	18588229	18590799	2570
1039	AT1G50220	18602958	18604826	1868
1040	AT1G50270	18622017	18624250	2233
1041	AT1G50280	18623698	18626441	2743
1042	AT1G50290	18627551	18628452	901
1043	AT1G50310	18635955	18638449	2494
1044	AT1G50360	18649706	18657400	7694
1045	AT1G50380	18662266	18666515	4249
1046	AT1G50390	18666986	18667677	691
1047	AT1G50400	18668010	18670576	2566
1048	AT1G50410	18672132	18677652	5520
1049	AT2G04740	1656982	1659710	2728
1050	AT1G50440	18685769	18687907	2138
1051	AT1G50450	18687785	18690503	2718
1052	AT1G50460	18693644	18697709	4065
1053	AT1G50470	18700000	18700444	444
1054	AT1G50510	18716112	18719336	3224
1055	AT1G50530	18721212	18721729	517
1056	AT1G50570	18726235	18728369	2134
1057	AT1G50600	18737063	18739649	2586
1058	AT1G50580	18730759	18732238	1479
1059	AT1G50620	18748241	18751338	3097
1060	AT1G50630	18751456	18753941	2485
1061	AT1G50650	18763640	18764367	727
1062	AT1G50660	18770937	18774759	3822
1063	AT1G50670	18774805	18777030	2225
1064	AT1G50680	18777601	18778614	1013
1065	AT1G50690	18779606	18780693	1087
1066	AT1G50700	18781764	18784582	2818
1067	AT1G50720	18789127	18789687	560
1068	AT1G50730	18795210	18802370	7160
1069	AT1G50732	18802552	18803755	1203
1070	AT1G50740	18807672	18809035	1363
1071	AT1G50750	18810603	18812050	1447
1072	AT1G50760	18814947	18815309	362
1073	AT1G50770	18818459	18820503	2044
1074	AT1G50790	18823822	18826637	2815
1075	AT1G50820	18827706	18834861	7155
1076	AT1G50830	18835271	18838029	2758
1077	AT1G50870	18855147	18856337	1190
1078	AT1G50890	18862154	18866113	3959
1079	AT1G50910	18866753	18869933	3180
1080	AT1G50920	18870059	18872968	2909
1081	AT1G50930	18876810	18877844	1034
1082	AT1G50950	18880112	18884326	4214
1083	AT1G50960	18889473	18891838	2365
1084	AT1G50970	18896142	18900369	4227
1085	AT1G50980	18900541	18902057	1516
1086	AT1G51000	18909913	18910169	256
1087	AT1G51010	18911389	18912001	612
1088	AT1G51020	18913110	18913828	718
1089	AT1G51030	18915134	18915596	462
1090	AT1G51040	18920658	18923319	2661
1091	AT1G51055	18925212	18926315	1103
1092	AT1G51090	18932766	18934049	1283
1093	AT1G51110	18935301	18937665	2364
1094	AT1G51130	18939194	18941719	2525
1095	AT1G51140	18943447	18945812	2365
1096	AT1G51160	18949532	18951891	2359
1097	AT1G51190	18977176	18980618	3442
1098	AT1G51172	18963205	18965571	2366
1099	AT1G51200	18984281	18986653	2372
1100	AT1G51210	18987702	18989267	1565
1101	AT1G51230	18997026	18997434	408
1102	AT1G51240	19000369	19000945	576
1103	AT1G51250	19001424	19002215	791
1104	AT1G51270	19007364	19011285	3921
1105	AT1G51290	19012173	19013306	1133
1106	AT1G51300	19014255	19016205	1950
1107	AT1G51310	19018941	19021808	2867
1108	AT1G51320	19025642	19026769	1127
1109	AT1G51330	19028841	19029844	1003
1110	AT1G51340	19030998	19035121	4123
1111	AT1G51350	19035644	19039398	3754
1112	AT1G51355	19041397	19042414	1017
1113	AT1G51370	19045059	19047518	2459
1114	AT1G51380	19047672	19050214	2542
1115	AT1G51400	19052023	19052582	559
1116	AT1G51402	19052193	19053535	1342
1117	AT1G51405	19057472	19059766	2294
1118	AT1G51410	19059720	19061714	1994
1119	AT1G51450	19074328	19076545	2217
1120	AT1G51430	19068241	19069776	1535
1121	AT1G51440	19070798	19072753	1955
1122	AT1G51480	19090716	19093478	2762
1123	AT1G51500	19097712	19101265	3553
1124	AT1G51520	19106687	19109648	2961
1125	AT1G51530	19109854	19112157	2303
1126	AT1G51538	19113085	19115393	2308
1127	AT1G51540	19115557	19117534	1977
1128	AT1G51550	19117032	19119382	2350
1129	AT1G51560	19119606	19122038	2432
1130	AT1G51570	19122161	19125375	3214
1131	AT1G51580	19125583	19128161	2578
1132	AT1G51610	19136214	19139989	3775
1133	AT1G51620	19140130	19141926	1796
1134	AT1G51670	19156135	19158769	2634
1135	AT1G51710	19175609	19180195	4586
1136	AT1G51720	19180744	19186532	5788
1137	AT1G51730	19186488	19188805	2317
1138	AT1G51740	19188799	19191372	2573
1139	AT1G51745	19191466	19194908	3442
1140	AT1G51770	19201789	19203386	1597
1141	AT1G51790	19206615	19211971	5356
1142	AT1G51805	19220236	19225797	5561
1143	AT1G51810	19227074	19232359	5285
1144	AT1G51820	19237219	19241965	4746
1145	AT1G51823	19242294	19242437	143
1146	AT1G51830	19242654	19246154	3500
1147	AT1G51840	19249401	19250863	1462
1148	AT1G51850	19252811	19256927	4116
1149	AT1G51860	19257403	19261794	4391
1150	AT1G51870	19262698	19267167	4469
1151	AT1G51890	19274604	19278798	4194
1152	AT2G04750	1659762	1662748	2986
1153	AT1G51900	19279806	19282895	3089
1154	AT1G51910	19284270	19288385	4115
1155	AT1G51913	19292909	19293339	430
1156	AT1G51915	19293478	19294117	639
1157	AT1G51920	19294184	19294612	428
1158	AT1G51930	19294838	19295236	398
1159	AT1G51970	19314542	19314916	374
1160	AT1G51980	19323055	19326918	3863
1161	AT1G51990	19330949	19332667	1718
1162	AT1G52000	19333088	19336135	3047
1163	AT1G52050	19354919	19356901	1982
1164	AT1G52060	19358800	19360822	2022
1165	AT1G52070	19364809	19366925	2116
1166	AT1G52100	19383078	19385602	2524
1167	AT1G52110	19386709	19389740	3031
1168	AT1G52120	19396081	19398244	2163
1169	AT1G52130	19400510	19402789	2279
1170	AT1G52140	19407259	19408319	1060
1171	AT1G52150	19409688	19414764	5076
1172	AT1G52155	19417434	19419874	2440
1173	AT1G52180	19424944	19425928	984
1174	AT1G52190	19434480	19439031	4551
1175	AT1G52191	19439367	19441724	2357
1176	AT1G52200	19441636	19443631	1995
1177	AT1G52220	19453435	19454765	1330
1178	AT1G52245	19458612	19459763	1151
1179	AT1G52270	19463675	19464434	759
1180	AT1G52300	19474898	19476234	1336
1181	AT1G52310	19478066	19481154	3088
1182	AT1G52315	19481046	19482863	1817
1183	AT1G52320	19484221	19487997	3776
1184	AT1G52325	19487793	19488418	625
1185	AT1G52330	19488755	19489914	1159
1186	AT1G52360	19499146	19506309	7163
1187	AT1G52370	19506356	19508934	2578
1188	AT1G52380	19508938	19511641	2703
1189	AT1G52400	19514989	19518411	3422
1190	AT1G52390	19511968	19512279	311
1191	AT1G52415	19526153	19526888	735
1192	AT1G52420	19527822	19531443	3621
1193	AT1G52430	19531350	19536422	5072
1194	AT1G52440	19538821	19540907	2086
1195	AT1G52450	19541577	19546357	4780
1196	AT1G52460	19549331	19551282	1951
1197	AT1G52470	19553213	19555543	2330
1198	AT1G52490	19556218	19556945	727
1199	AT1G52495	19558499	19559143	644
1200	AT1G52510	19561510	19565272	3762
1201	AT1G52530	19568588	19570058	1470
1202	AT1G52540	19570058	19572204	2146
1203	AT1G52550	19572755	19574059	1304
1204	AT1G52570	19583617	19587531	3914
1205	AT1G52560	19574538	19575866	1328
1206	AT1G52590	19589009	19590281	1272
1207	AT1G52600	19590434	19592731	2297
1208	AT1G52603	19595751	19596295	544
1209	AT1G52618	19603147	19603743	596
1210	AT1G52620	19603796	19606287	2491
1211	AT1G52630	19606335	19608648	2313
1212	AT1G52640	19608709	19610452	1743
1213	AT1G52650	19610856	19612417	1561
1214	AT1G52670	19614931	19617611	2680
1215	AT1G52695	19621238	19623461	2223
1216	AT1G52700	19630884	19634051	3167
1217	AT1G52710	19638285	19640512	2227
1218	AT1G52720	19640525	19641665	1140
1219	AT1G52730	19642452	19645211	2759
1220	AT1G52750	19646465	19649340	2875
1221	AT1G52770	19655831	19657795	1964
1222	AT1G52780	19658614	19662186	3572
1223	AT1G52810	19667127	19668237	1110
1224	AT1G52820	19669005	19670427	1422
1225	AT1G52855	19682773	19683565	792
1226	AT1G52857	19681209	19681787	578
1227	AT1G52870	19685545	19688028	2483
1228	AT1G52930	19711179	19713308	2129
1229	AT1G52950	19725483	19728035	2552
1230	AT1G52990	19740400	19743449	3049
1231	AT1G53000	19744948	19747804	2856
1232	AT1G53010	19747847	19748383	536
1233	AT1G53023	19754214	19755843	1629
1234	AT1G53025	19756445	19759700	3255
1235	AT1G53030	19760001	19761496	1495
1236	AT1G53035	19761550	19762561	1011
1237	AT1G53040	19764245	19767507	3262
1238	AT1G53050	19771916	19775817	3901
1239	AT1G53060	19775923	19777030	1107
1240	AT1G53100	19786900	19789150	2250
1241	AT1G53110	19790142	19792589	2447
1242	AT1G53120	19792751	19794778	2027
1243	AT1G53163	19812087	19813290	1203
1244	AT1G53190	19837110	19840370	3260
1245	AT1G53200	19840368	19843499	3131
1246	AT1G53210	19844450	19847856	3406
1247	AT1G53250	19857351	19859275	1924
1248	AT1G53260	19859267	19860976	1709
1249	AT1G53265	19861098	19861475	377
1250	AT1G53282	19867930	19868335	405
1251	AT1G53285	19869560	19870095	535
1252	AT1G53290	19871116	19873727	2611
1253	AT1G53325	19895227	19895733	506
1254	AT1G53330	19895967	19898360	2393
1255	AT1G53340	19898849	19901091	2242
1256	AT1G53350	19903777	19907068	3291
1257	AT1G53360	19907179	19908548	1369
1258	AT1G53366	19909840	19909977	137
1259	AT1G53380	19912990	19916686	3696
1260	AT1G53400	19924660	19926631	1971
1261	AT1G53420	19926626	19931494	4868
1262	AT1G53430	19934987	19941185	6198
1263	AT1G53440	19945869	19951562	5693
1264	AT1G53450	19951006	19954325	3319
1265	AT1G53460	19954390	19956915	2525
1266	AT1G53530	19978101	19980125	2024
1267	AT1G53540	19980299	19981199	900
1268	AT1G53541	19981385	19981495	110
1269	AT1G53542	19981628	19981813	185
1270	AT1G53550	19983411	19984637	1226
1271	AT1G53600	20001236	20004055	2819
1272	AT1G53610	20008996	20009320	324
1273	AT1G53620	20011429	20011972	543
1274	AT1G53625	20014379	20015038	659
1275	AT1G53633	20017389	20017932	543
1276	AT1G53635	20019287	20019835	548
1277	AT1G53640	20020885	20025541	4656
1278	AT1G53645	20026016	20028756	2740
1279	AT1G53655	20032703	20033724	1021
1280	AT1G53660	20033885	20036189	2304
1281	AT1G53705	20050475	20051451	976
1282	AT1G53710	20053161	20056396	3235
1283	AT1G53760	20068965	20071171	2206
1284	AT1G53770	20071251	20073863	2612
1285	AT1G53780	20073989	20079022	5033
1286	AT1G53790	20079081	20081464	2383
1287	AT1G53800	20081644	20084551	2907
1288	AT1G53815	20090249	20090962	713
1289	AT1G53820	20091491	20092423	932
1290	AT1G53850	20103756	20106077	2321
1291	AT1G53840	20101299	20103690	2391
1292	AT1G53860	20107017	20109665	2648
1293	AT1G53870	20112141	20113960	1819
1294	AT1G53875	20114920	20115845	925
1295	AT1G53880	20115874	20118434	2560
1296	AT1G53885	20119506	20120480	974
1297	AT1G53887	20122332	20123140	808
1298	AT1G53890	20124706	20126525	1819
1299	AT1G53900	20127545	20131050	3505
1300	AT1G53903	20132071	20133045	974
1301	AT1G53930	20140279	20140887	608
1302	AT1G53935	20142065	20142866	801
1303	AT1G54000	20154154	20156520	2366
1304	AT1G53945	20146393	20146813	420
1305	AT1G53950	20147503	20148068	565
1306	AT1G53970	20148419	20149749	1330
1307	AT1G54010	20158589	20160864	2275
1308	AT1G54020	20161555	20163750	2195
1309	AT1G54030	20167597	20169684	2087
1310	AT1G54050	20179357	20180566	1209
1311	AT1G54070	20182581	20183505	924
1312	AT1G54090	20189472	20191900	2428
1313	AT1G54095	20192768	20194099	1331
1314	AT1G54110	20199310	20201787	2477
1315	AT1G54160	20217336	20219452	2116
1316	AT1G54220	20246026	20250345	4319
1317	AT1G54230	20250518	20252365	1847
1318	AT1G54260	20256936	20259417	2481
1319	AT1G54280	20262468	20267859	5391
1320	AT1G54290	20268474	20270140	1666
1321	AT1G54310	20273567	20275574	2007
1322	AT1G54320	20275534	20277981	2447
1323	AT1G54340	20283326	20286786	3460
1324	AT1G54380	20297805	20300979	3174
1325	AT1G54385	20301072	20303949	2877
1326	AT1G54400	20307572	20308846	1274
1327	AT1G54410	20309473	20310850	1377
1328	AT1G54420	20311619	20312418	799
1329	AT1G54440	20322964	20328238	5274
1330	AT1G54445	20332149	20332970	821
1331	AT1G54450	20336203	20339769	3566
1332	AT1G54460	20340572	20343554	2982
1333	AT1G54475	20348397	20349032	635
1334	AT1G54500	20356954	20357879	925
1335	AT1G54520	20363393	20366123	2730
1336	AT1G54530	20366313	20367117	804
1337	AT1G54575	20386809	20387710	901
1338	AT1G54590	20391560	20393503	1943
1339	AT1G54610	20393664	20397295	3631
1340	AT1G54620	20400211	20401025	814
1341	AT1G54650	20405467	20407753	2286
1342	AT1G54680	20413012	20414574	1562
1343	AT1G54710	20416770	20421156	4386
1344	AT1G54700	20415898	20416145	247
1345	AT1G54720	20422831	20423754	923
1346	AT1G54730	20424332	20430194	5862
1347	AT1G54740	20430769	20431986	1217
1348	AT1G54770	20434550	20436453	1903
1349	AT1G54773	20436502	20436785	283
1350	AT1G54775	20437784	20438014	230
1351	AT1G54790	20440979	20444066	3087
1352	AT1G54820	20447157	20450916	3759
1353	AT1G54840	20452593	20454266	1673
1354	AT1G54890	20462940	20464697	1757
1355	AT1G54920	20470678	20475193	4515
1356	AT1G54930	20478030	20479769	1739
1357	AT1G54950	20488088	20491291	3203
1358	AT1G54953	20495106	20495432	326
1359	AT1G54957	20497904	20498468	564
1360	AT1G54980	20507375	20508355	980
1361	AT1G55020	20525654	20530468	4814
1362	AT1G55000	20514634	20516558	1924
1363	AT1G55030	20530417	20532151	1734
1364	AT1G55040	20534874	20539189	4315
1365	AT1G55050	20541837	20545861	4024
1366	AT1G55070	20551452	20552633	1181
1367	AT1G55090	20554352	20558529	4177
1368	AT1G55110	20560258	20563269	3011
1369	AT1G55140	20572405	20574382	1977
1370	AT1G55152	20577424	20578308	884
1371	AT1G55160	20577377	20580010	2633
1372	AT1G55170	20580274	20581975	1701
1373	AT1G55200	20589129	20593000	3871
1374	AT1G55175	20582965	20584859	1894
1375	AT1G55205	20594443	20596034	1591
1376	AT1G55207	20595969	20596498	529
1377	AT1G55210	20597734	20598768	1034
1378	AT1G55250	20606953	20612649	5696
1379	AT1G55260	20614573	20616466	1893
1380	AT1G55265	20617313	20618005	692
1381	AT1G55270	20617954	20620146	2192
1382	AT1G55280	20622930	20624794	1864
1383	AT1G55290	20626029	20627513	1484
1384	AT1G55335	20648469	20648832	363
1385	AT1G55350	20653740	20665110	11370
1386	AT1G55340	20651814	20653764	1950
1387	AT1G55360	20666180	20668817	2637
1388	AT1G55365	20673455	20674503	1048
1389	AT1G55380	20676504	20678607	2103
1390	AT1G55390	20680876	20683143	2267
1391	AT1G55430	20697392	20699687	2295
1392	AT1G55440	20701363	20703460	2097
1393	AT1G55450	20704915	20707071	2156
1394	AT1G55475	20711465	20713560	2095
1395	AT1G55510	20723279	20725747	2468
1396	AT1G55530	20729125	20731356	2231
1397	AT1G55535	20731589	20734066	2477
1398	AT1G55540	20734446	20743188	8742
1399	AT1G55546	20743828	20745109	1281
1400	AT1G55550	20748639	20753079	4440
1401	AT1G55580	20763844	20765823	1979
1402	AT1G55590	20769300	20771880	2580
1403	AT1G55630	20791635	20793581	1946
1404	AT1G55650	20796340	20798594	2254
1405	AT1G55675	20803661	20804574	913
1406	AT1G55680	20804592	20807940	3348
1407	AT1G55660	20800694	20802377	1683
1408	AT1G55673	20802971	20803449	478
1409	AT1G55690	20808199	20813061	4862
1410	AT1G55700	20821591	20823640	2049
1411	AT1G55710	20825924	20826142	218
1412	AT1G55750	20840091	20845899	5808
1413	AT1G55755	20846115	20847732	1617
1414	AT1G55760	20846872	20849054	2182
1415	AT1G55770	20850977	20851664	687
1416	AT1G55775	20852491	20853395	904
1417	AT1G55790	20853872	20856122	2250
1418	AT1G55805	20858610	20859483	873
1419	AT1G55820	20864339	20867761	3422
1420	AT1G55830	20867559	20870338	2779
1421	AT1G55840	20873425	20876346	2921
1422	AT1G55865	20893943	20895393	1450
1423	AT1G55880	20898793	20901247	2454
1424	AT1G55890	20901243	20902800	1557
1425	AT1G55915	20907477	20910911	3434
1426	AT1G55917	20911125	20912277	1152
1427	AT1G55930	20918683	20922786	4103
1428	AT1G55945	20923651	20924243	592
1429	AT1G55947	20925041	20925619	578
1430	AT1G55950	20926717	20927545	828
1431	AT1G55960	20927643	20930209	2566
1432	AT1G55980	20938899	20941884	2985
1433	AT1G55990	20942487	20942951	464
1434	AT1G56000	20944136	20946718	2582
1435	AT1G56020	20951856	20953595	1739
1436	AT1G56030	20957098	20958550	1452
1437	AT1G56045	20962570	20963546	976
1438	AT1G56050	20963686	20966341	2655
1439	AT1G56060	20966528	20967180	652
1440	AT1G56080	20974161	20976372	2211
1441	AT1G56085	20976515	20977561	1046
1442	AT1G56090	20977541	20979448	1907
1443	AT1G56100	20980369	20984115	3746
1444	AT1G56105	20983737	20984402	665
1445	AT1G56120	20987128	20993572	6444
1446	AT1G56130	20994746	21001013	6267
1447	AT1G56140	21001269	21007855	6586
1448	AT1G56145	21008057	21014095	6038
1449	AT1G56150	21017311	21018122	811
1450	AT1G56180	21024486	21028066	3580
1451	AT1G56190	21028137	21030684	2547
1452	AT1G56210	21035590	21037285	1695
1453	AT1G56220	21042951	21044998	2047
1454	AT1G56225	21044756	21045708	952
1455	AT1G56230	21045993	21049241	3248
1456	AT1G56233	21050540	21051017	477
1457	AT1G56280	21072855	21074877	2022
1458	AT1G56290	21075262	21078797	3535
1459	AT1G56300	21078023	21080423	2400
1460	AT1G56310	21082490	21085651	3161
1461	AT1G56320	21085548	21086499	951
1462	AT1G56345	21092993	21094518	1525
1463	AT1G56350	21094743	21098047	3304
1464	AT1G56380	21101327	21102701	1374
1465	AT1G56385	21106245	21106797	552
1466	AT1G56415	21119816	21120415	599
1467	AT1G56418	21122030	21122536	506
1468	AT1G56420	21122551	21124491	1940
1469	AT1G56423	21128912	21130939	2027
1470	AT1G56460	21146236	21149805	3569
1471	AT1G56500	21159736	21167341	7605
1472	AT1G56520	21174609	21179077	4468
1473	AT1G56530	21179237	21180888	1651
1474	AT1G56540	21181585	21185495	3910
1475	AT1G56553	21189705	21190192	487
1476	AT1G56555	21191121	21192217	1096
1477	AT1G56610	21211719	21214562	2843
1478	AT1G56620	21219806	21220413	607
1479	AT1G56630	21223406	21227112	3706
1480	AT1G56660	21237839	21241014	3175
1481	AT1G56670	21241579	21244207	2628
1482	AT1G56690	21253686	21256048	2362
1483	AT1G56700	21256025	21257973	1948
1484	AT1G56710	21257728	21259974	2246
1485	AT1G56720	21263344	21266469	3125
1486	AT1G57540	21309895	21311521	1626
1487	AT1G57550	21312257	21312919	662
1488	AT1G57570	21320915	21324637	3722
1489	AT1G57580	21325079	21326252	1173
1490	AT1G57590	21327360	21329944	2584
1491	AT1G57600	21330017	21334790	4773
1492	AT1G57610	21337125	21339034	1909
1493	AT1G57613	21340183	21340716	533
1494	AT1G57620	21342627	21344804	2177
1495	AT1G57630	21345445	21346157	712
1496	AT1G57650	21351166	21354311	3145
1497	AT1G57660	21355475	21356637	1162
1498	AT1G57670	21357169	21359872	2703
1499	AT1G57690	21366721	21368150	1429
1500	AT1G57700	21370587	21374226	3639
1501	AT1G57720	21377320	21380382	3062
1502	AT1G57730	21380765	21381461	696
1503	AT1G57760	21390003	21390565	562
1504	AT1G57770	21395096	21398300	3204
1505	AT1G57775	21399618	21400150	532
1506	AT1G57777	21401235	21401798	563
1507	AT1G57780	21403000	21404338	1338
1508	AT1G57830	21420244	21420803	559
1509	AT1G57850	21425481	21428078	2597
1510	AT1G57860	21429826	21430910	1084
1511	AT1G57906	21435427	21436810	1383
1512	AT1G57980	21439206	21440847	1641
1513	AT1G58025	21457667	21462243	4576
1514	AT1G58037	21472554	21474602	2048
1515	AT1G58050	21478590	21487839	9249
1516	AT1G58055	21488716	21489132	416
1517	AT1G58060	21489284	21501890	12606
1518	AT1G58070	21502905	21504078	1173
1519	AT1G58090	21510510	21511625	1115
1520	AT1G58110	21515405	21518270	2865
1521	AT1G58120	21520401	21522457	2056
1522	AT1G58150	21530103	21530458	355
1523	AT2G04810	1688773	1689966	1193
1524	AT1G58200	21548140	21553266	5126
1525	AT1G58215	21554927	21558187	3260
1526	AT1G58220	21558243	21562966	4723
1527	AT1G58223	21558383	21559933	1550
1528	AT1G58225	21564111	21565261	1150
1529	AT1G58230	21566057	21579159	13102
1530	AT1G58235	21579622	21581165	1543
1531	AT1G58242	21581964	21582370	406
1532	AT1G58245	21584252	21584524	272
1533	AT1G58248	21586036	21586311	275
1534	AT1G58265	21610909	21611388	479
1535	AT1G58280	21620278	21622611	2333
1536	AT1G58310	21631947	21633642	1695
1537	AT1G58350	21662891	21667629	4738
1538	AT2G04842	1697902	1701438	3536
1539	AT1G58370	21684263	21688359	4096
1540	AT1G58390	21690642	21694447	3805
1541	AT1G58400	21695699	21699695	3996
1542	AT1G58410	21701185	21704982	3797
1543	AT1G58420	21707175	21708125	950
1544	AT1G58520	21729913	21738808	8895
1545	AT1G58525	21729913	21731344	1431
1546	AT1G58602	21746354	21766048	19694
1547	AT1G58643	21766847	21769657	2810
1548	AT1G58684	21769674	21771303	1629
1549	AT1G58766	21774381	21776765	2384
1550	AT1G58807	21780076	21784581	4505
1551	AT1G58848	21791688	21797050	5362
1552	AT1G58936	21803600	21805714	2114
1553	AT1G59312	21839363	21842173	2810
1554	AT1G58983	21805932	21807496	1564
1555	AT1G59077	21810644	21813023	2379
1556	AT1G59124	21816334	21820839	4505
1557	AT1G59171	21821024	21822713	1689
1558	AT1G59218	21827945	21833018	5073
1559	AT1G59359	21842190	21843819	1629
1560	AT1G59406	21844352	21846019	1667
1561	AT1G59540	21874012	21879570	5558
1562	AT1G59560	21881534	21883806	2272
1563	AT1G59550	21879649	21880788	1139
1564	AT1G59580	21884018	21886051	2033
1565	AT1G59620	21902264	21905717	3453
1566	AT1G59630	21907177	21907955	778
1567	AT1G59660	21923986	21929437	5451
1568	AT1G59690	21935310	21935820	510
1569	AT1G59710	21938367	21940184	1817
1570	AT1G59722	21944689	21945221	532
1571	AT1G59723	21945608	21946151	543
1572	AT1G59725	21950503	21952491	1988
1573	AT1G59740	21967986	21972503	4517
1574	AT1G59780	21993220	21999632	6412
1575	AT1G59790	22001504	22003575	2071
1576	AT1G59800	22004964	22006172	1208
1577	AT1G59833	22023337	22023714	377
1578	AT1G59835	22024945	22025421	476
1579	AT1G59840	22026462	22029379	2917
1580	AT1G59850	22028509	22030261	1752
1581	AT1G59865	22032313	22033297	984
1582	AT1G59890	22043643	22051114	7471
1583	AT1G59885	22042308	22042815	507
1584	AT1G59910	22053863	22057268	3405
1585	AT1G59920	22059424	22059842	418
1586	AT1G59930	22060924	22061516	592
1587	AT1G59950	22068033	22070588	2555
1588	AT1G59960	22071217	22073267	2050
1589	AT1G59980	22080689	22086845	6156
1590	AT1G60000	22093353	22094802	1449
1591	AT1G60010	22095285	22096620	1335
1592	AT1G60030	22113671	22117018	3347
1593	AT1G60060	22139170	22141815	2645
1594	AT1G60070	22142604	22149527	6923
1595	AT1G60080	22152230	22154643	2413
1596	AT1G60095	22159694	22162426	2732
1597	AT1G60110	22168424	22170803	2379
1598	AT1G60140	22176934	22181740	4806
1599	AT1G60130	22173937	22176343	2406
1600	AT1G60160	22188030	22191543	3513
1601	AT1G60200	22200694	22205400	4706
1602	AT1G60230	22212084	22214431	2347
1603	AT1G60240	22215168	22216329	1161
1604	AT1G60300	22229780	22230748	968
1605	AT1G60420	22261754	22264408	2654
1606	AT1G60320	22235091	22235606	515
1607	AT1G60370	22244963	22245814	851
1608	AT1G60380	22246455	22247411	956
1609	AT1G60460	22275484	22279007	3523
1610	AT1G60490	22285572	22290389	4817
1611	AT1G60560	22308478	22311377	2899
1612	AT2G04850	1704111	1705778	1667
1613	AT1G60570	22311836	22312981	1145
1614	AT1G60590	22314089	22317070	2981
1615	AT1G60610	22327792	22330318	2526
1616	AT1G60630	22334540	22336994	2454
1617	AT1G60640	22337253	22339736	2483
1618	AT1G60670	22343585	22347624	4039
1619	AT1G60680	22347622	22349317	1695
1620	AT1G60690	22349759	22351780	2021
1621	AT1G60700	22351804	22354517	2713
1622	AT1G60720	22356860	22357941	1081
1623	AT1G60730	22357976	22360277	2301
1624	AT1G60740	22360977	22362003	1026
1625	AT1G60750	22362293	22363854	1561
1626	AT1G60760	22365799	22366598	799
1627	AT1G60770	22366701	22368714	2013
1628	AT1G60783	22374909	22375846	937
1629	AT1G60787	22378102	22379981	1879
1630	AT1G60830	22395003	22396133	1130
1631	AT1G60890	22412188	22417312	5124
1632	AT1G60900	22423894	22428053	4159
1633	AT1G60913	22428605	22428914	309
1634	AT1G60940	22439063	22442221	3158
1635	AT1G60970	22447811	22449536	1725
1636	AT1G60990	22462026	22465495	3469
1637	AT1G60995	22465571	22470839	5268
1638	AT1G61000	22470828	22474187	3359
1639	AT1G61030	22477896	22482451	4555
1640	AT2G04860	1706787	1708926	2139
1641	AT1G61050	22486657	22488361	1704
1642	AT1G61080	22492878	22497267	4389
1643	AT1G61090	22499317	22500331	1014
1644	AT1G61093	22501885	22502941	1056
1645	AT1G61100	22508524	22512333	3809
1646	AT1G61105	22513585	22514492	907
1647	AT1G61150	22542402	22545661	3259
1648	AT1G61160	22544868	22546230	1362
1649	AT1G61165	22548023	22548243	220
1650	AT1G61170	22549523	22550711	1188
1651	AT1G61180	22551271	22554684	3413
1652	AT1G61190	22555689	22560757	5068
1653	AT1G61200	22562811	22563577	766
1654	AT1G61210	22564359	22572029	7670
1655	AT1G61230	22578951	22580781	1830
1656	AT1G61240	22581336	22585225	3889
1657	AT2G04865	1711596	1715007	3411
1658	AT1G61250	22585752	22588969	3217
1659	AT1G61255	22589098	22589789	691
1660	AT1G61260	22593465	22595338	1873
1661	AT1G61270	22599541	22602252	2711
1662	AT1G61280	22603586	22605008	1422
1663	AT1G61310	22612998	22616373	3375
1664	AT1G61320	22617370	22619853	2483
1665	AT1G61330	22622975	22624527	1552
1666	AT1G61350	22633774	22636101	2327
1667	AT1G61360	22637688	22641999	4311
1668	AT1G61370	22641843	22645922	4079
1669	AT1G61390	22650111	22654395	4284
1670	AT1G61400	22654507	22658469	3962
1671	AT1G61410	22658552	22659552	1000
1672	AT1G61415	22659661	22660967	1306
1673	AT1G61420	22660460	22664502	4042
1674	AT1G61430	22664501	22668651	4150
1675	AT1G61440	22669134	22673111	3977
1676	AT1G61450	22672992	22674109	1117
1677	AT1G61460	22674268	22677188	2920
1678	AT1G61470	22678092	22679302	1210
1679	AT1G61475	22679770	22680771	1001
1680	AT1G61480	22681256	22684626	3370
1681	AT1G61490	22684894	22689611	4717
1682	AT1G61500	22689623	22693799	4176
1683	AT1G61550	22704198	22707829	3631
1684	AT1G61562	22709009	22710122	1113
1685	AT1G61565	22715075	22717595	2520
1686	AT1G61590	22723368	22726190	2822
1687	AT1G61610	22733359	22736858	3499
1688	AT1G61620	22737475	22739443	1968
1689	AT1G61640	22746340	22749264	2924
1690	AT1G61660	22753611	22756387	2776
1691	AT1G61667	22767464	22768645	1181
1692	AT1G61670	22769364	22772426	3062
1693	AT1G61688	22780732	22781388	656
1694	AT2G04870	1716168	1716386	218
1695	AT1G61700	22787012	22788380	1368
1696	AT1G61730	22793170	22794714	1544
1697	AT1G61740	22798035	22801416	3381
1698	AT1G61790	22814216	22816688	2472
1699	AT1G61840	22847247	22849989	2742
1700	AT1G61850	22855751	22862398	6647
1701	AT1G61860	22862655	22864898	2243
1702	AT1G61890	22867689	22871358	3669
1703	AT1G61900	22882176	22885125	2949
1704	AT1G61970	22904449	22907730	3281
1705	AT1G61980	22908018	22910878	2860
1706	AT1G61990	22911159	22913122	1963
1707	AT1G62000	22913359	22914146	787
1708	AT1G62020	22919487	22924024	4537
1709	AT1G62030	22924039	22926625	2586
1710	AT1G62045	22934667	22935458	791
1711	AT1G62050	22936049	22939024	2975
1712	AT1G62060	22941569	22942300	731
1713	AT1G62070	22943594	22944289	695
1714	AT1G62085	22947843	22950488	2645
1715	AT1G62110	22957876	22959884	2008
1716	AT1G62120	22960139	22962103	1964
1717	AT1G62130	22962129	22968998	6869
1718	AT1G62150	22969830	22971771	1941
1719	AT1G62160	22972352	22973303	951
1720	AT1G62170	22973840	22975754	1914
1721	AT1G62190	22980817	22982007	1190
1722	AT1G62210	22986002	22986861	859
1723	AT1G62240	22994544	22995471	927
1724	AT1G62250	22994538	22997709	3171
1725	AT1G62270	23004499	23005650	1151
1726	AT1G62290	23009885	23013601	3716
1727	AT1G62305	23026692	23029531	2839
1728	AT1G62310	23033403	23039787	6384
1729	AT1G62320	23041408	23045426	4018
1730	AT1G62330	23046768	23050337	3569
1731	AT1G62333	23050381	23050940	559
1732	AT1G62350	23056386	23058114	1728
1733	AT1G62410	23092915	23093869	954
1734	AT1G62420	23102777	23104756	1979
1735	AT1G62421	23099484	23099889	405
1736	AT1G62450	23115536	23117594	2058
1737	AT1G62480	23128651	23129759	1108
1738	AT1G62490	23129872	23131533	1661
1739	AT1G62530	23146200	23148367	2167
1740	AT1G62590	23176930	23179248	2318
1741	AT1G62600	23179461	23181519	2058
1742	AT1G62610	23181463	23183227	1764
1743	AT1G62620	23182644	23185151	2507
1744	AT1G62660	23199612	23203808	4196
1745	AT1G62680	23207017	23209987	2970
1746	AT1G62690	23210414	23211395	981
1747	AT1G62710	23223874	23226983	3109
1748	AT1G62780	23249145	23251195	2050
1749	AT1G62790	23252140	23253743	1603
1750	AT1G62820	23263214	23264399	1185
1751	AT1G62840	23271416	23272578	1162
1752	AT1G62850	23271703	23274340	2637
1753	AT1G62870	23283912	23286797	2885
1754	AT1G62880	23291900	23295266	3366
1755	AT1G62886	23294413	23294710	297
1756	AT1G62895	23295989	23296858	869
1757	AT1G62900	23297720	23298682	962
1758	AT1G62910	23298948	23301141	2193
1759	AT1G62914	23301315	23303162	1847
1760	AT1G62920	23304313	23306374	2061
1761	AT1G62950	23314871	23318234	3363
1762	AT1G62970	23323258	23326188	2930
1763	AT1G62975	23328727	23330812	2085
1764	AT1G62978	23331462	23331608	146
1765	AT1G63010	23347561	23352831	5270
1766	AT1G63055	23379665	23380669	1004
1767	AT1G63057	23379665	23383179	3514
1768	AT1G63060	23383971	23385109	1138
1769	AT1G63080	23387574	23390838	3264
1770	AT1G63100	23399112	23402176	3064
1771	AT1G63105	23404141	23404537	396
1772	AT1G63110	23404688	23408119	3431
1773	AT1G63130	23412518	23415155	2637
1774	AT1G63150	23419294	23421714	2420
1775	AT1G63170	23425352	23427408	2056
1776	AT1G63190	23431730	23433178	1448
1777	AT1G63210	23443688	23447354	3666
1778	AT1G63220	23448812	23450530	1718
1779	AT1G63230	23450560	23452372	1812
1780	AT1G63260	23466700	23469289	2589
1781	AT1G63280	23471343	23471705	362
1782	AT1G63290	23471844	23473922	2078
1783	AT1G63295	23473975	23475532	1557
1784	AT1G63300	23481907	23486220	4313
1785	AT1G63310	23486244	23487091	847
1786	AT1G63320	23488884	23489578	694
1787	AT1G63330	23489805	23491981	2176
1788	AT1G63340	23491882	23494019	2137
1789	AT1G63350	23494643	23497940	3297
1790	AT1G63360	23498484	23502321	3837
1791	AT1G63370	23503115	23505667	2552
1792	AT1G63380	23505250	23506510	1260
1793	AT1G63390	23506461	23506967	506
1794	AT1G63400	23507178	23509484	2306
1795	AT1G63410	23510075	23512088	2013
1796	AT1G63420	23515680	23518944	3264
1797	AT1G63430	23522449	23526832	4383
1798	AT1G63470	23536466	23539242	2776
1799	AT1G63480	23539557	23542233	2676
1800	AT2G04920	1726138	1727268	1130
1801	AT1G63490	23544554	23553232	8678
1802	AT1G63500	23555399	23558917	3518
1803	AT1G63520	23559882	23562153	2271
1804	AT1G63522	23562201	23562659	458
1805	AT1G63530	23563315	23565586	2271
1806	AT1G63535	23566045	23566227	182
1807	AT1G63540	23566958	23569495	2537
1808	AT1G63550	23569538	23571107	1569
1809	AT1G63570	23575263	23576468	1205
1810	AT1G63580	23577329	23578486	1157
1811	AT1G63610	23583196	23585784	2588
1812	AT1G63615	23586927	23588064	1137
1813	AT1G63630	23587005	23588421	1416
1814	AT1G63640	23588936	23595925	6989
1815	AT2G04925	1729666	1730190	524
1816	AT1G63660	23603791	23607275	3484
1817	AT1G63670	23607357	23610779	3422
1818	AT1G63690	23618012	23622396	4384
1819	AT1G63730	23641770	23645132	3362
1820	AT1G63740	23645206	23649289	4083
1821	AT1G63750	23650840	23655453	4613
1822	AT2G04940	1735963	1740568	4605
1823	AT1G63770	23657506	23664793	7287
1824	AT1G63810	23669458	23675949	6491
1825	AT1G63820	23682278	23684373	2095
1826	AT1G63830	23685093	23687374	2281
1827	AT1G63840	23689603	23690807	1204
1828	AT1G63850	23696720	23699030	2310
1829	AT1G63860	23701408	23706058	4650
1830	AT1G63855	23699369	23701013	1644
1831	AT1G63870	23707131	23711944	4813
1832	AT1G63880	23712216	23716206	3990
1833	AT1G63950	23734848	23735745	897
1834	AT1G63960	23737247	23738633	1386
1835	AT1G63980	23740493	23743302	2809
1836	AT1G64010	23750764	23751671	907
1837	AT1G64020	23751655	23752121	466
1838	AT1G64050	23762259	23766168	3909
1839	AT1G64065	23778255	23779529	1274
1840	AT1G64100	23791585	23795563	3978
1841	AT1G64107	23796066	23796589	523
1842	AT1G64110	23796698	23801799	5101
1843	AT1G64130	23803023	23803687	664
1844	AT1G64140	23803793	23807159	3366
1845	AT1G64150	23808835	23812725	3890
1846	AT1G64180	23821453	23824359	2906
1847	AT1G64195	23827521	23828048	527
1848	AT1G64210	23830688	23832863	2175
1849	AT1G64235	23836154	23836815	661
1850	AT1G64253	23842219	23844438	2219
1851	AT1G64255	23844954	23847206	2252
1852	AT1G64260	23847405	23850142	2737
1853	AT1G64295	23859554	23860624	1070
1854	AT1G64320	23867971	23870703	2732
1855	AT1G64330	23870885	23874201	3316
1856	AT1G64340	23878066	23881073	3007
1857	AT1G64360	23887809	23888615	806
1858	AT1G64385	23899994	23902281	2287
1859	AT1G64405	23923517	23924395	878
1860	AT1G64430	23933380	23936867	3487
1861	AT1G64440	23936975	23939899	2924
1862	AT1G64450	23941598	23942900	1302
1863	AT1G64455	23941764	23942418	654
1864	AT1G64490	23952133	23952839	706
1865	AT1G64500	23953099	23954610	1511
1866	AT1G64530	23959627	23963083	3456
1867	AT1G64540	23966684	23968512	1828
1868	AT1G64561	23974041	23974789	748
1869	AT1G64580	23984790	23986762	1972
1870	AT1G64583	23986890	23988812	1922
1871	AT1G64584	23989052	23989425	373
1872	AT1G64590	23993477	23995509	2032
1873	AT1G64600	23995909	23998832	2923
1874	AT1G64610	23998725	24002058	3333
1875	AT1G64620	24006913	24009415	2502
1876	AT1G64625	24016643	24019380	2737
1877	AT1G64633	24019584	24019586	2
1878	AT1G64650	24023498	24026530	3032
1879	AT1G64680	24035941	24037429	1488
1880	AT1G64700	24039706	24040636	930
1881	AT1G64710	24044686	24046621	1935
1882	AT1G64760	24054051	24056491	2440
1883	AT1G64795	24082579	24082848	269
1884	AT1G64800	24085046	24085954	908
1885	AT1G64820	24088605	24090558	1953
1886	AT1G64830	24091137	24092579	1442
1887	AT1G64840	24093496	24095485	1989
1888	AT1G64850	24096290	24097733	1443
1889	AT1G64870	24102917	24103831	914
1890	AT1G64880	24105611	24109243	3632
1891	AT1G64890	24109538	24111489	1951
1892	AT1G65000	24146925	24148801	1876
1893	AT1G65010	24149208	24154412	5204
1894	AT1G65020	24154344	24156616	2272
1895	AT1G65030	24156672	24158675	2003
1896	AT1G65032	24158650	24159635	985
1897	AT1G65050	24164141	24165935	1794
1898	AT1G65070	24172577	24176356	3779
1899	AT1G65080	24176563	24180871	4308
1900	AT1G65090	24180830	24183300	2470
1901	AT1G65110	24183949	24188726	4777
1902	AT2G05105	1836841	1837441	600
1903	AT1G65120	24191179	24196337	5158
1904	AT1G65130	24196345	24201346	5001
1905	AT2G05120	1841876	1846949	5073
1906	AT1G65140	24201488	24203226	1738
1907	AT1G65150	24203841	24205830	1989
1908	AT1G65160	24206156	24206987	831
1909	AT1G65165	24206977	24207828	851
1910	AT1G65170	24209613	24211116	1503
1911	AT1G65180	24211678	24213946	2268
1912	AT1G65190	24215591	24217436	1845
1913	AT1G65200	24218470	24222794	4324
1914	AT1G65220	24225951	24228970	3019
1915	AT1G65230	24229063	24230902	1839
1916	AT1G65240	24230867	24233523	2656
1917	AT1G65260	24236088	24240728	4640
1918	AT1G65270	24241706	24245074	3368
1919	AT1G65280	24245122	24248762	3640
1920	AT1G65352	24277772	24278337	565
1921	AT1G65425	24299857	24300588	731
1922	AT1G65481	24340736	24341919	1183
1923	AT1G65483	24342483	24344158	1675
1924	AT1G65484	24347750	24348619	869
1925	AT1G65490	24354646	24355490	844
1926	AT1G65500	24357749	24358732	983
1927	AT1G65510	24359328	24360081	753
1928	AT1G65541	24366066	24366405	339
1929	AT1G65550	24367694	24370800	3106
1930	AT1G65560	24371387	24373823	2436
1931	AT1G65570	24373874	24375895	2021
1932	AT1G65690	24431417	24433165	1748
1933	AT1G65710	24436901	24438623	1722
1934	AT1G65780	24462958	24466888	3930
1935	AT1G65810	24476949	24480869	3920
1936	AT1G65820	24485046	24486954	1908
1937	AT1G65845	24493011	24493923	912
1938	AT1G65850	24494678	24498826	4148
1939	AT1G65870	24503315	24504390	1075
1940	AT1G65900	24515758	24518601	2843
1941	AT1G65920	24525102	24529362	4260
1942	AT1G65950	24546682	24551144	4462
1943	AT1G65985	24562398	24568966	6568
1944	AT1G65990	24571603	24573471	1868
1945	AT1G66045	24588269	24588794	525
1946	AT1G66060	24593915	24595544	1629
1947	AT1G66070	24595774	24598631	2857
1948	AT1G66080	24599939	24601308	1369
1949	AT1G66090	24602033	24604763	2730
1950	AT1G66100	24605538	24606722	1184
1951	AT1G66130	24614817	24616960	2143
1952	AT1G66190	24652741	24653998	1257
1953	AT1G66210	24665538	24668850	3312
1954	AT1G66220	24670536	24673661	3125
1955	AT1G66245	24690444	24691307	863
1956	AT1G66250	24692799	24695660	2861
1957	AT1G66260	24695637	24698914	3277
1958	AT1G66290	24713306	24714843	1537
1959	AT1G66280	24706512	24709996	3484
1960	AT1G66310	24722971	24724475	1504
1961	AT1G66345	24737719	24739353	1634
1962	AT1G66320	24726812	24728637	1825
1963	AT1G66330	24729629	24732575	2946
1964	AT1G66350	24748105	24750186	2081
1965	AT1G66360	24751310	24752834	1524
1966	AT1G66420	24777184	24778032	848
1967	AT1G66430	24778257	24780742	2485
1968	AT1G66440	24782042	24784397	2355
1969	AT1G66450	24786028	24788370	2342
1970	AT1G66460	24789735	24792163	2428
1971	AT1G66465	24788868	24790516	1648
1972	AT1G66480	24805418	24807557	2139
1973	AT1G66510	24812793	24816620	3827
1974	AT1G66530	24818911	24822410	3499
1975	AT1G66540	24824356	24826683	2327
1976	AT1G66610	24849716	24851450	1734
1977	AT1G66660	24861876	24863426	1550
1978	AT1G66690	24869340	24870865	1525
1979	AT1G66720	24881180	24882480	1300
1980	AT1G66760	24901882	24904443	2561
1981	AT1G66780	24909178	24911740	2562
1982	AT1G66800	24924774	24926412	1638
1983	AT1G66820	24929887	24930627	740
1984	AT1G66830	24929898	24932937	3039
1985	AT1G66850	24936876	24937434	558
1986	AT1G66852	24938500	24938832	332
1987	AT1G66855	24939550	24940013	463
1988	AT1G66860	24942188	24944514	2326
1989	AT1G66880	24946928	24955694	8766
1990	AT1G66890	24957362	24958293	931
1991	AT1G66900	24959250	24961616	2366
1992	AT1G66910	24961634	24963946	2312
1993	AT1G66920	24965134	24967586	2452
1994	AT1G66930	24969937	24973320	3383
1995	AT1G66940	24973028	24974946	1918
1996	AT1G66970	24992386	24996359	3973
1997	AT1G67000	25003818	25007647	3829
1998	AT1G67020	25010710	25012987	2277
1999	AT1G67025	25013026	25014725	1699
2000	AT1G67035	25018077	25019057	980
2001	AT1G67060	25036502	25039439	2937
2002	AT1G67120	25069428	25095638	26210
2003	AT1G67130	25099262	25100625	1363
2004	AT1G67148	25121211	25121947	736
2005	AT1G67150	25122404	25125025	2621
2006	AT1G67160	25124819	25127098	2279
2007	AT1G67170	25127173	25129464	2291
2008	AT1G67180	25129647	25132283	2636
2009	AT1G67190	25132498	25134470	1972
2010	AT1G67210	25140815	25144049	3234
2011	AT1G67235	25162507	25163104	597
2012	AT1G67250	25163599	25165056	1457
2013	AT1G67270	25183019	25185939	2920
2014	AT1G67280	25188238	25190694	2456
2015	AT1G67300	25193704	25197158	3454
2016	AT1G67310	25198182	25203126	4944
2017	AT1G67325	25209394	25213253	3859
2018	AT1G67330	25213852	25215174	1322
2019	AT1G67390	25244690	25247343	2653
2020	AT1G67400	25247918	25251191	3273
2021	AT1G67410	25251166	25253682	2516
2022	AT1G67420	25255155	25260590	5435
2023	AT1G67430	25262134	25263857	1723
2024	AT1G67450	25266163	25267359	1196
2025	AT1G67455	25267925	25269475	1550
2026	AT1G67460	25269428	25271904	2476
2027	AT1G67480	25276183	25278780	2597
2028	AT1G67500	25287356	25296988	9632
2029	AT1G67510	25297306	25300353	3047
2030	AT1G67520	25302628	25306357	3729
2031	AT1G67530	25307617	25311308	3691
2032	AT1G67550	25312660	25317495	4835
2033	AT1G67540	25311242	25312482	1240
2034	AT1G67570	25325138	25327286	2148
2035	AT1G67580	25327282	25331461	4179
2036	AT1G67590	25333058	25335025	1967
2037	AT1G67600	25336235	25337747	1512
2038	AT1G67623	25342101	25343243	1142
2039	AT1G67635	25349342	25350384	1042
2040	AT1G67640	25351906	25354026	2120
2041	AT1G67650	25359612	25362444	2832
2042	AT1G67660	25363502	25365314	1812
2043	AT1G67680	25365756	25368834	3078
2044	AT1G67690	25368874	25373977	5103
2045	AT1G67700	25374072	25376085	2013
2046	AT1G67720	25386131	25391258	5127
2047	AT1G67750	25401514	25403595	2081
2048	AT1G67780	25412666	25415797	3131
2049	AT1G67785	25415771	25417222	1451
2050	AT1G67790	25417542	25420099	2557
2051	AT1G67800	25420646	25423731	3085
2052	AT1G67820	25429750	25431600	1850
2053	AT1G67850	25437900	25442221	4321
2054	AT1G67855	25442256	25442876	620
2055	AT1G67856	25442404	25443690	1286
2056	AT1G67860	25444752	25445357	605
2057	AT1G67865	25445994	25447622	1628
2058	AT1G67880	25453823	25455823	2000
2059	AT1G67890	25457033	25462847	5814
2060	AT1G67900	25464376	25470189	5813
2061	AT1G67910	25471288	25472577	1289
2062	AT1G67920	25473544	25474140	596
2063	AT1G67930	25474140	25477545	3405
2064	AT1G67950	25478713	25480580	1867
2065	AT1G67960	25480652	25484396	3744
2066	AT1G67970	25484449	25486512	2063
2067	AT1G68030	25500378	25501803	1425
2068	AT1G68040	25502864	25505263	2399
2069	AT1G68070	25515232	25517061	1829
2070	AT1G68080	25517411	25519653	2242
2071	AT1G68110	25524718	25526150	1432
2072	AT1G68140	25538924	25541823	2899
2073	AT1G68160	25545758	25548894	3136
2074	AT1G68170	25551490	25554471	2981
2075	AT1G68180	25554721	25556097	1376
2076	AT1G68185	25556383	25558533	2150
2077	AT1G68200	25561638	25564272	2634
2078	AT2G05753	2171390	2171936	546
2079	AT1G68220	25570092	25571733	1641
2080	AT1G68230	25572119	25573447	1328
2081	AT1G68250	25579373	25580199	826
2082	AT1G68260	25585774	25587717	1943
2083	AT1G68270	25588191	25590254	2063
2084	AT1G68280	25592286	25593640	1354
2085	AT1G68300	25598331	25599350	1019
2086	AT1G68325	25608432	25609405	973
2087	AT1G68350	25616405	25617265	860
2088	AT1G68360	25621533	25622593	1060
2089	AT1G68390	25642534	25645607	3073
2090	AT1G68400	25646039	25649254	3215
2091	AT1G68410	25649624	25653019	3395
2092	AT1G68420	25653893	25654156	263
2093	AT1G68430	25654630	25655574	944
2094	AT1G68470	25676361	25678468	2107
2095	AT1G68490	25693449	25696250	2801
2096	AT1G68500	25701770	25702778	1008
2097	AT1G68526	25711869	25712379	510
2098	AT1G68560	25734060	25738134	4074
2099	AT1G68570	25746697	25750291	3594
2100	AT1G68580	25752624	25756113	3489
2101	AT2G05755	2170760	2173943	3183
2102	AT1G68585	25756600	25757563	963
2103	AT1G68600	25759736	25762982	3246
2104	AT1G68630	25768539	25770260	1721
2105	AT1G68650	25775731	25777910	2179
2106	AT1G68660	25777851	25779249	1398
2107	AT1G68670	25781801	25784118	2317
2108	AT1G68680	25785506	25787342	1836
2109	AT1G68700	25792593	25793123	530
2110	AT1G68710	25793207	25799061	5854
2111	AT1G68720	25804392	25809031	4639
2112	AT1G68723	25809246	25809811	565
2113	AT1G68730	25810321	25811180	859
2114	AT2G05760	2180755	2183904	3149
2115	AT1G68780	25831662	25833966	2304
2116	AT1G68810	25861094	25863534	2440
2117	AT1G68820	25865471	25869029	3558
2118	AT1G68845	25882434	25883045	611
2119	AT1G68850	25883556	25885261	1705
2120	AT1G68862	25886673	25889127	2454
2121	AT1G68875	25892086	25892811	725
2122	AT1G68890	25896854	25906714	9860
2123	AT1G68905	25906716	25907092	376
2124	AT1G68907	25907429	25907891	462
2125	AT1G68920	25914976	25918007	3031
2126	AT1G68930	25918066	25921034	2968
2127	AT1G68935	25921525	25923094	1569
2128	AT1G68937	25925469	25926222	753
2129	AT1G68940	25921453	25926075	4622
2130	AT1G68945	25926849	25927337	488
2131	AT1G68960	25929896	25931257	1361
2132	AT1G68980	25932955	25935030	2075
2133	AT1G69020	25943886	25947211	3325
2134	AT1G69030	25947236	25949340	2104
2135	AT1G69050	25961604	25962435	831
2136	AT1G69060	25964319	25967450	3131
2137	AT1G69070	25967312	25971542	4230
2138	AT1G69080	25971915	25973505	1590
2139	AT1G69085	25974861	25975997	1136
2140	AT1G69120	25982294	25986349	4055
2141	AT1G69150	25993262	25995435	2173
2142	AT2G05786	2198271	2198405	134
2143	AT2G05790	2199151	2201603	2452
2144	AT1G69160	25999837	26001614	1777
2145	AT1G69170	26005068	26007368	2300
2146	AT1G69190	26013012	26015018	2006
2147	AT1G69220	26020089	26026285	6196
2148	AT1G69210	26018438	26020058	1620
2149	AT1G69250	26032637	26035515	2878
2150	AT1G69280	26045158	26048190	3032
2151	AT1G69290	26047372	26049348	1976
2152	AT1G69325	26063187	26063877	690
2153	AT1G69340	26065698	26069843	4145
2154	AT1G69350	26069880	26072245	2365
2155	AT1G69360	26072284	26076374	4090
2156	AT1G69400	26086881	26089034	2153
2157	AT1G69390	26084562	26086512	1950
2158	AT1G69420	26093026	26097167	4141
2159	AT1G69430	26097729	26099388	1659
2160	AT1G69450	26106790	26110357	3567
2161	AT1G69460	26111688	26113256	1568
2162	AT1G69470	26113575	26113997	422
2163	AT1G69480	26113990	26117955	3965
2164	AT1G69485	26118229	26119710	1481
2165	AT1G69520	26128288	26129602	1314
2166	AT1G69523	26129551	26131292	1741
2167	AT1G69526	26131294	26133313	2019
2168	AT1G69540	26145001	26147751	2750
2169	AT1G69550	26148021	26153600	5579
2170	AT1G69570	26161528	26163715	2187
2171	AT1G69580	26171856	26174022	2166
2172	AT1G69610	26186713	26189568	2855
2173	AT1G69640	26193618	26195726	2108
2174	AT1G69660	26199623	26200603	980
2175	AT1G69680	26204805	26206991	2186
2176	AT1G69710	26222004	26226664	4660
2177	AT1G69730	26228565	26231375	2810
2178	AT1G69760	26239260	26240843	1583
2179	AT1G69790	26266592	26269013	2421
2180	AT1G69800	26274195	26276336	2141
2181	AT1G69830	26288228	26293173	4945
2182	AT1G69818	26282320	26283481	1161
2183	AT1G69825	26286496	26286929	433
2184	AT1G69860	26309628	26312174	2546
2185	AT1G69890	26323086	26324946	1860
2186	AT1G69910	26329863	26332426	2563
2187	AT1G69990	26360235	26362010	1775
2188	AT1G70040	26381233	26382131	898
2189	AT1G70070	26390016	26394196	4180
2190	AT2G05810	2213960	2217159	3199
2191	AT1G70080	26394492	26397603	3111
2192	AT1G70100	26402978	26406190	3212
2193	AT1G70110	26406238	26408343	2105
2194	AT1G70120	26408921	26409597	676
2195	AT1G70130	26409601	26411828	2227
2196	AT1G70150	26416872	26419788	2916
2197	AT1G70160	26419894	26422531	2637
2198	AT1G70180	26426269	26429409	3140
2199	AT1G70200	26432297	26434538	2241
2200	AT1G70209	26439653	26439796	143
2201	AT1G70220	26446084	26448058	1974
2202	AT1G70260	26456774	26459570	2796
2203	AT1G70250	26452847	26456305	3458
2204	AT1G70270	26464226	26464919	693
2205	AT1G70280	26465804	26468804	3000
2206	AT1G70335	26502917	26503258	341
2207	AT1G70340	26503961	26506672	2711
2208	AT1G70350	26507040	26508356	1316
2209	AT1G70360	26508721	26509325	604
2210	AT1G70390	26529171	26530282	1111
2211	AT1G70400	26531399	26533460	2061
2212	AT1G70420	26539542	26540818	1276
2213	AT1G70430	26545189	26549216	4027
2214	AT1G70450	26552576	26554559	1983
2215	AT1G70470	26559359	26560123	764
2216	AT1G70475	26559661	26561232	1571
2217	AT1G70480	26561716	26563952	2236
2218	AT1G70500	26566398	26568871	2473
2219	AT1G70505	26570226	26572821	2595
2220	AT1G70550	26597067	26600445	3378
2221	AT1G70570	26608600	26612349	3749
2222	AT1G70590	26618099	26620421	2322
2223	AT1G70600	26620821	26621779	958
2224	AT1G70620	26626528	26631104	4576
2225	AT2G05830	2229539	2232149	2610
2226	AT1G70630	26631112	26634259	3147
2227	AT1G70640	26636110	26637876	1766
2228	AT1G70650	26638075	26642268	4193
2229	AT1G70680	26647205	26648737	1532
2230	AT1G70720	26666383	26667305	922
2231	AT1G70740	26673563	26676042	2479
2232	AT1G70750	26679872	26683355	3483
2233	AT1G70770	26687798	26691281	3483
2234	AT1G70780	26695166	26696392	1226
2235	AT1G70790	26699321	26702544	3223
2236	AT1G70810	26703966	26705360	1394
2237	AT1G70820	26705420	26708265	2845
2238	AT1G70850	26714866	26716901	2035
2239	AT1G70860	26718070	26719211	1141
2240	AT1G70870	26721020	26721563	543
2241	AT1G70880	26722846	26723978	1132
2242	AT1G70900	26731782	26734022	2240
2243	AT1G70960	26756253	26757362	1109
2244	AT1G70944	26749137	26749253	116
2245	AT1G70949	26752401	26752664	263
2246	AT1G70950	26752597	26755407	2810
2247	AT1G70970	26759834	26761042	1208
2248	AT1G70985	26764672	26765285	613
2249	AT1G70990	26767250	26768215	965
2250	AT1G71040	26796725	26800483	3758
2251	AT1G71015	26788861	26790262	1401
2252	AT1G71020	26790549	26793319	2770
2253	AT1G71070	26807183	26809520	2337
2254	AT1G71080	26809720	26811848	2128
2255	AT1G71090	26812156	26814173	2017
2256	AT1G71110	26817878	26821094	3216
2257	AT1G71140	26824564	26826914	2350
2258	AT1G71170	26830603	26832123	1520
2259	AT1G71200	26835200	26837991	2791
2260	AT1G71210	26838289	26841507	3218
2261	AT1G71235	26854559	26855222	663
2262	AT1G71240	26855331	26859844	4513
2263	AT1G71250	26860110	26861726	1616
2264	AT1G71280	26870093	26872152	2059
2265	AT1G71290	26872643	26873242	599
2266	AT1G71300	26874064	26878319	4255
2267	AT1G71320	26882485	26883818	1333
2268	AT1G71350	26888368	26891284	2916
2269	AT1G71360	26891956	26894856	2900
2270	AT1G71370	26897005	26899434	2429
2271	AT1G71410	26912726	26917732	5006
2272	AT1G71420	26917786	26920099	2313
2273	AT1G71430	26920440	26921152	712
2274	AT1G71490	26932905	26935825	2920
2275	AT1G71450	26927012	26928056	1044
2276	AT1G71460	26927984	26930347	2363
2277	AT1G71470	26930706	26931568	862
2278	AT1G71480	26931852	26933313	1461
2279	AT1G71500	26935982	26937607	1625
2280	AT1G71530	26939567	26942952	3385
2281	AT1G71680	26944587	26947219	2632
2282	AT1G71690	26947754	26949248	1494
2283	AT1G71691	26948743	26951547	2804
2284	AT1G71695	26964087	26966688	2601
2285	AT1G71697	26970968	26973464	2496
2286	AT1G71710	26973567	26981046	7479
2287	AT1G71720	26983615	26985990	2375
2288	AT1G71730	26985969	26986909	940
2289	AT1G71740	26987245	26987637	392
2290	AT1G71780	26994977	26996673	1696
2291	AT1G71810	27002414	27008184	5770
2292	AT1G71820	27009564	27017124	7560
2293	AT1G71840	27022138	27024551	2413
2294	AT1G71850	27024731	27026363	1632
2295	AT1G71865	27029116	27030560	1444
2296	AT1G71866	27030427	27031461	1034
2297	AT1G71870	27032221	27035182	2961
2298	AT1G71920	27066948	27069166	2218
2299	AT1G71900	27061461	27064530	3069
2300	AT1G71910	27064932	27066109	1177
2301	AT1G71940	27078524	27080248	1724
2302	AT1G71950	27080184	27081641	1457
2303	AT1G71970	27092893	27094035	1142
2304	AT1G72050	27115016	27117509	2493
2305	AT1G72010	27107558	27109275	1717
2306	AT1G72060	27118177	27119011	834
2307	AT1G72070	27118621	27119918	1297
2308	AT1G72080	27120157	27122783	2626
2309	AT1G72090	27123567	27126950	3383
2310	AT1G72100	27127170	27128978	1808
2311	AT1G72110	27128995	27131469	2474
2312	AT1G72120	27132014	27134101	2087
2313	AT1G72125	27134108	27136403	2295
2314	AT1G72130	27137102	27139384	2282
2315	AT1G72140	27141765	27144490	2725
2316	AT1G72141	27145146	27145322	176
2317	AT1G72160	27153555	27155793	2238
2318	AT1G72170	27156321	27157809	1488
2319	AT1G72180	27162820	27167430	4610
2320	AT1G72190	27167363	27169754	2391
2321	AT1G72200	27169759	27171410	1651
2322	AT1G72210	27179458	27182456	2998
2323	AT1G72240	27190036	27190754	718
2324	AT1G72250	27192740	27198379	5639
2325	AT1G72270	27199623	27209096	9473
2326	AT1G72275	27209404	27211500	2096
2327	AT1G72290	27215787	27216857	1070
2328	AT1G72340	27236797	27238720	1923
2329	AT1G72350	27239273	27239947	674
2330	AT1G72390	27245082	27251672	6590
2331	AT1G72370	27242845	27244931	2086
2332	AT1G72410	27251710	27257081	5371
2333	AT1G72416	27258747	27260521	1774
2334	AT1G72420	27261087	27263828	2741
2335	AT1G72430	27264602	27265806	1204
2336	AT1G72440	27268092	27273935	5843
2337	AT1G72450	27273968	27276562	2594
2338	AT1G72460	27279341	27281830	2489
2339	AT1G72480	27285999	27288522	2523
2340	AT1G72490	27288900	27291107	2207
2341	AT1G72500	27295147	27298715	3568
2342	AT1G72510	27303323	27304927	1604
2343	AT1G72530	27312954	27314644	1690
2344	AT1G72545	27315740	27316417	677
2345	AT1G72550	27319688	27324112	4424
2346	AT1G72570	27331381	27333698	2317
2347	AT1G72580	27334076	27334771	695
2348	AT1G72590	27335531	27337123	1592
2349	AT1G72600	27338034	27340328	2294
2350	AT1G72620	27341021	27342466	1445
2351	AT1G72640	27346156	27348256	2100
2352	AT1G72645	27348261	27349219	958
2353	AT1G72660	27353765	27356852	3087
2354	AT1G72690	27361146	27361958	812
2355	AT1G72700	27365772	27371784	6012
2356	AT1G72720	27376682	27377473	791
2357	AT1G72730	27377759	27380182	2423
2358	AT1G72740	27380260	27382924	2664
2359	AT1G72755	27383530	27383850	320
2360	AT1G72760	27385130	27388534	3404
2361	AT1G72790	27394598	27396799	2201
2362	AT1G72800	27397089	27398500	1411
2363	AT1G72810	27397877	27400474	2597
2364	AT1G72840	27409196	27413851	4655
2365	AT1G72850	27413881	27415483	1602
2366	AT1G72860	27416228	27420946	4718
2367	AT1G72870	27420939	27423338	2399
2368	AT1G72880	27423385	27426215	2830
2369	AT1G72890	27429916	27432003	2087
2370	AT1G72900	27432178	27433782	1604
2371	AT1G72950	27444415	27445997	1582
2372	AT1G72960	27446069	27451067	4998
2373	AT1G72990	27457266	27462487	5221
2374	AT1G73020	27469496	27473660	4164
2375	AT1G73040	27475060	27475962	902
2376	AT1G73050	27476565	27478534	1969
2377	AT1G73065	27481734	27482171	437
2378	AT1G73066	27481785	27484078	2293
2379	AT1G73090	27488217	27490831	2614
2380	AT1G73060	27478970	27481561	2591
2381	AT1G73110	27494121	27496969	2848
2382	AT1G73120	27497176	27498062	886
2383	AT1G73130	27498929	27502273	3344
2384	AT1G73160	27506485	27508185	1700
2385	AT1G73170	27511176	27514837	3661
2386	AT1G73180	27517891	27521710	3819
2387	AT1G73200	27523043	27526818	3775
2388	AT1G73210	27527752	27530952	3200
2389	AT1G73270	27549021	27552517	3496
2390	AT1G73230	27540228	27541952	1724
2391	AT1G73240	27542147	27544920	2773
2392	AT1G73280	27552650	27555322	2672
2393	AT1G73290	27556168	27558774	2606
2394	AT1G73310	27562441	27565177	2736
2395	AT1G73320	27565394	27567222	1828
2396	AT1G73325	27567419	27568281	862
2397	AT1G73340	27573114	27575273	2159
2398	AT1G73350	27575377	27577283	1906
2399	AT1G73360	27578421	27582685	4264
2400	AT1G73380	27589015	27590838	1823
2401	AT1G73390	27590810	27595752	4942
2402	AT1G73400	27598033	27600281	2248
2403	AT1G73430	27603655	27611120	7465
2404	AT1G73440	27611354	27612815	1461
2405	AT1G73450	27613420	27619095	5675
2406	AT1G73460	27619535	27625140	5605
2407	AT2G05920	2269315	2272452	3137
2408	AT1G73470	27625116	27628325	3209
2409	AT1G73480	27628678	27632840	4162
2410	AT1G73490	27633183	27634990	1807
2411	AT1G73510	27642386	27643295	909
2412	AT1G73530	27643609	27645525	1916
2413	AT1G73560	27649695	27650471	776
2414	AT1G73570	27650992	27654025	3033
2415	AT1G73580	27654744	27655769	1025
2416	AT1G73600	27669152	27673572	4420
2417	AT1G73610	27678313	27680060	1747
2418	AT1G73650	27688123	27690307	2184
2419	AT1G73655	27690350	27691819	1469
2420	AT1G73660	27691893	27697372	5479
2421	AT1G73680	27703944	27707657	3713
2422	AT1G73700	27717380	27719741	2361
2423	AT1G73710	27721190	27724954	3764
2424	AT1G73740	27734024	27736363	2339
2425	AT1G73750	27736546	27739210	2664
2426	AT1G73730	27730031	27732683	2652
2427	AT1G73760	27739168	27742008	2840
2428	AT1G73770	27742081	27743565	1484
2429	AT1G73780	27743685	27744453	768
2430	AT1G73810	27752342	27755297	2955
2431	AT1G73820	27755454	27757463	2009
2432	AT1G73850	27766941	27770841	3900
2433	AT1G73840	27763617	27766372	2755
2434	AT1G73860	27770870	27776883	6013
2435	AT1G73875	27780855	27784920	4065
2436	AT1G73885	27786864	27787708	844
2437	AT1G73890	27787903	27788658	755
2438	AT1G73920	27790737	27794928	4191
2439	AT1G73930	27795040	27798005	2965
2440	AT1G73940	27798237	27799695	1458
2441	AT1G73950	27799696	27804687	4991
2442	AT1G73970	27816778	27820170	3392
2443	AT1G73980	27820060	27824127	4067
2444	AT1G74010	27832095	27834207	2112
2445	AT1G74035	27839443	27839775	332
2446	AT1G74050	27847038	27849008	1970
2447	AT1G74055	27849230	27849820	590
2448	AT1G74060	27849217	27851437	2220
2449	AT1G74070	27851460	27853269	1809
2450	AT2G05970	2308651	2309784	1133
2451	AT1G74120	27871174	27873332	2158
2452	AT1G74140	27876905	27879780	2875
2453	AT1G74150	27880380	27883857	3477
2454	AT1G74220	27912931	27914161	1230
2455	AT1G74240	27917249	27920192	2943
2456	AT1G74250	27920241	27922722	2481
2457	AT1G74270	27928171	27929537	1366
2458	AT1G74280	27929643	27931364	1721
2459	AT1G74290	27931836	27934268	2432
2460	AT1G74300	27935156	27936608	1452
2461	AT1G74320	27940594	27943204	2610
2462	AT1G74330	27943243	27947886	4643
2463	AT1G74350	27949022	27951413	2391
2464	AT1G74360	27954129	27958114	3985
2465	AT1G74370	27958086	27959400	1314
2466	AT1G74385	27960725	27960970	245
2467	AT1G74390	27961537	27963954	2417
2468	AT1G74380	27959527	27961487	1960
2469	AT1G74400	27963926	27965390	1464
2470	AT1G74410	27965534	27967926	2392
2471	AT1G74440	27976502	27980456	3954
2472	AT1G74450	27982453	27984280	1827
2473	AT1G74430	27975168	27977434	2266
2474	AT1G74460	27987890	27989865	1975
2475	AT1G74470	27991165	27993445	2280
2476	AT1G74490	27994652	27996794	2142
2477	AT1G74510	28005264	28007748	2484
2478	AT1G74530	28009465	28012634	3169
2479	AT1G74580	28020548	28023905	3357
2480	AT1G74620	28028252	28029001	749
2481	AT1G74630	28030465	28032556	2091
2482	AT1G74640	28032562	28034863	2301
2483	AT1G74680	28059108	28061130	2022
2484	AT1G74660	28045472	28048289	2817
2485	AT1G74700	28065014	28067423	2409
2486	AT1G74730	28078852	28079987	1135
2487	AT1G74750	28085753	28089642	3889
2488	AT1G74770	28089172	28094956	5784
2489	AT1G74780	28095729	28098225	2496
2490	AT1G74790	28098464	28101896	3432
2491	AT1G74800	28101762	28105193	3431
2492	AT1G74810	28107822	28111940	4118
2493	AT1G74820	28111808	28112579	771
2494	AT1G74830	28113194	28115281	2087
2495	AT1G74840	28115443	28117422	1979
2496	AT1G74860	28123301	28126076	2775
2497	AT1G74870	28126928	28128790	1862
2498	AT1G74875	28128470	28129745	1275
2499	AT1G74910	28135361	28138971	3610
2500	AT1G74929	28143997	28144098	101
2501	AT1G74940	28145978	28147485	1507
2502	AT1G74990	28159715	28160510	795
2503	AT1G75000	28163344	28164814	1470
2504	AT1G75060	28181275	28183517	2242
2505	AT1G75090	28187447	28189765	2318
2506	AT1G75125	28199140	28199887	747
2507	AT1G75140	28202053	28204362	2309
2508	AT1G75150	28204387	28208590	4203
2509	AT1G75160	28209407	28211826	2419
2510	AT1G75170	28213666	28215887	2221
2511	AT1G75180	28215836	28218801	2965
2512	AT1G75190	28219225	28220372	1147
2513	AT1G75200	28220626	28223785	3159
2514	AT1G75210	28223836	28229082	5246
2515	AT1G75230	28234086	28237290	3204
2516	AT1G75280	28251626	28253686	2060
2517	AT1G75300	28255495	28257040	1545
2518	AT1G75330	28266259	28268416	2157
2519	AT1G75335	28268541	28269002	461
2520	AT1G75340	28268968	28272081	3113
2521	AT1G75360	28274588	28276589	2001
2522	AT1G75370	28276281	28280033	3752
2523	AT1G75400	28296886	28299768	2882
2524	AT1G75420	28305218	28307548	2330
2525	AT1G75460	28327698	28329764	2066
2526	AT1G75490	28335502	28336990	1488
2527	AT1G75500	28337726	28340275	2549
2528	AT1G75530	28359309	28361815	2506
2529	AT1G75550	28368447	28370061	1614
2530	AT1G75560	28371141	28373301	2160
2531	AT1G75580	28377377	28378310	933
2532	AT1G75590	28382813	28383769	956
2533	AT1G75620	28394763	28396677	1914
2534	AT1G75640	28403371	28407182	3811
2535	AT1G75670	28415152	28416961	1809
2536	AT1G75710	28428671	28431339	2668
2537	AT1G75717	28433919	28434261	342
2538	AT1G75720	28434524	28435489	965
2539	AT1G75730	28435625	28439835	4210
2540	AT2G06000	2327253	2329873	2620
2541	AT1G75760	28446632	28448735	2103
2542	AT1G75770	28449905	28451148	1243
2543	AT1G75785	28451154	28451792	638
2544	AT1G75800	28458691	28460961	2270
2545	AT1G75810	28461444	28462366	922
2546	AT1G75860	28484129	28486077	1948
2547	AT1G75870	28486229	28487443	1214
2548	AT1G75880	28490443	28492578	2135
2549	AT1G75890	28492944	28495246	2302
2550	AT1G75900	28498821	28501254	2433
2551	AT1G75920	28504041	28507168	3127
2552	AT1G75945	28515245	28515916	671
2553	AT1G75960	28517939	28519938	1999
2554	AT1G75990	28524404	28526848	2444
2555	AT1G76010	28528059	28531771	3712
2556	AT1G76020	28532045	28533694	1649
2557	AT1G76050	28540784	28543227	2443
2558	AT1G76065	28544338	28545708	1370
2559	AT1G76110	28555034	28557615	2581
2560	AT1G76120	28558630	28560473	1843
2561	AT1G76140	28571119	28575036	3917
2562	AT1G76170	28583850	28586418	2568
2563	AT1G76150	28574740	28577700	2960
2564	AT1G76185	28590325	28591531	1206
2565	AT1G76190	28592059	28592820	761
2566	AT1G76210	28594950	28595996	1046
2567	AT1G76220	28597376	28598420	1044
2568	AT1G76230	28599678	28600491	813
2569	AT1G76250	28606444	28609225	2781
2570	AT1G76270	28613207	28616785	3578
2571	AT1G76280	28617577	28622777	5200
2572	AT1G76290	28623398	28625408	2010
2573	AT1G76320	28631223	28634588	3365
2574	AT1G76350	28639453	28643086	3633
2575	AT1G76360	28643038	28646721	3683
2576	AT1G76370	28648327	28650577	2250
2577	AT1G76380	28651069	28654660	3591
2578	AT1G76390	28655208	28658711	3503
2579	AT1G76400	28658554	28661710	3156
2580	AT1G76405	28661789	28663826	2037
2581	AT1G76440	28682084	28683785	1701
2582	AT1G76450	28684551	28686244	1693
2583	AT1G76460	28686181	28689208	3027
2584	AT1G76465	28688781	28689163	382
2585	AT1G76470	28689766	28691659	1893
2586	AT1G76510	28708339	28712968	4629
2587	AT1G76520	28714765	28717910	3145
2588	AT1G76530	28718069	28720371	2302
2589	AT1G76550	28722657	28727111	4454
2590	AT1G76570	28728998	28730851	1853
2591	AT1G76580	28734207	28738967	4760
2592	AT1G76590	28740540	28742231	1691
2593	AT1G76600	28746833	28747848	1015
2594	AT1G76610	28750872	28751875	1003
2595	AT1G76620	28756521	28759332	2811
2596	AT1G76630	28759478	28765042	5564
2597	AT1G76640	28765254	28765866	612
2598	AT1G76680	28776626	28778837	2211
2599	AT1G76660	28768759	28771538	2779
2600	AT1G76670	28772563	28775002	2439
2601	AT1G76710	28789698	28792719	3021
2602	AT1G76700	28780408	28783257	2849
2603	AT1G76705	28786290	28787328	1038
2604	AT1G76720	28794144	28800402	6258
2605	AT1G76728	28802633	28802734	101
2606	AT1G76740	28805114	28810647	5533
2607	AT1G76780	28814434	28822256	7822
2608	AT1G76810	28830902	28836748	5846
2609	AT1G76820	28837573	28842566	4993
2610	AT1G76910	28887218	28888104	886
2611	AT1G76920	28891976	28893721	1745
2612	AT1G76940	28902318	28904420	2102
2613	AT1G76954	28917866	28918537	671
2614	AT1G76955	28918791	28919764	973
2615	AT1G76960	28920317	28920976	659
2616	AT1G76970	28922415	28925468	3053
2617	AT1G76980	28925708	28927391	1683
2618	AT1G76994	28937319	28937798	479
2619	AT1G77000	28940147	28942639	2492
2620	AT1G77010	28942710	28944827	2117
2621	AT1G77020	28944843	28947186	2343
2622	AT1G77030	28947743	28951655	3912
2623	AT1G77060	28951643	28953580	1937
2624	AT1G77090	28960312	28961974	1662
2625	AT1G77093	28962465	28963321	856
2626	AT1G77122	28977357	28978750	1393
2627	AT1G77145	28989838	28991454	1616
2628	AT1G77180	28999577	29002143	2566
2629	AT1G77150	28992876	28993170	294
2630	AT1G77200	29004163	29005281	1118
2631	AT1G77220	29012674	29015846	3172
2632	AT1G77230	29016120	29019768	3648
2633	AT1G77260	29023712	29027108	3396
2634	AT1G77270	29027753	29031386	3633
2635	AT1G77280	29030998	29034822	3824
2636	AT1G77290	29038366	29040217	1851
2637	AT1G77310	29051498	29056431	4933
2638	AT1G77320	29056427	29062978	6551
2639	AT1G77330	29062945	29064637	1692
2640	AT1G77340	29068343	29070037	1694
2641	AT1G77400	29085575	29086925	1350
2642	AT1G77405	29087126	29088521	1395
2643	AT1G77420	29093499	29095719	2220
2644	AT1G77460	29103608	29111956	8348
2645	AT1G77480	29114449	29117344	2895
2646	AT1G77500	29121226	29125204	3978
2647	AT1G77520	29130375	29132272	1897
2648	AT1G77525	29133936	29134531	595
2649	AT1G77540	29137626	29138282	656
2650	AT1G77550	29138277	29143050	4773
2651	AT1G77570	29143350	29144011	661
2652	AT1G77580	29144025	29147646	3621
2653	AT1G77590	29148160	29152395	4235
2654	AT1G77600	29152642	29162448	9806
2655	AT1G77610	29165170	29167773	2603
2656	AT1G77620	29167764	29173032	5268
2657	AT1G77640	29178705	29179877	1172
2658	AT1G77650	29181110	29182261	1151
2659	AT1G77660	29185838	29187932	2094
2660	AT1G77700	29204747	29206511	1764
2661	AT1G77730	29214220	29215832	1612
2662	AT1G77750	29229990	29231727	1737
2663	AT1G77765	29244775	29246281	1506
2664	AT1G77770	29246074	29248150	2076
2665	AT1G77780	29248300	29249528	1228
2666	AT1G77790	29250692	29251976	1284
2667	AT1G77800	29253332	29260617	7285
2668	AT1G77810	29260621	29263119	2498
2669	AT1G77850	29272074	29275507	3433
2670	AT1G77815	29263348	29263650	302
2671	AT1G77830	29267160	29267752	592
2672	AT1G77840	29268336	29270700	2364
2673	AT1G77855	29277083	29278631	1548
2674	AT1G77880	29285902	29287190	1288
2675	AT1G77885	29289873	29290925	1052
2676	AT1G77890	29292075	29296160	4085
2677	AT1G77910	29296138	29296407	269
2678	AT1G77930	29300971	29303570	2599
2679	AT1G77932	29302716	29303519	803
2680	AT1G77940	29303864	29305411	1547
2681	AT1G77960	29310021	29313571	3550
2682	AT1G78010	29333412	29336484	3072
2683	AT1G78020	29338530	29339760	1230
2684	AT1G78040	29344539	29347183	2644
2685	AT1G78050	29347581	29349755	2174
2686	AT1G78060	29349679	29352946	3267
2687	AT1G78070	29354944	29359032	4088
2688	AT1G78140	29401759	29404025	2266
2689	AT1G78150	29404648	29406752	2104
2690	AT1G78170	29413874	29415197	1323
2691	AT1G78172	29415477	29416592	1115
2692	AT1G78190	29418620	29418994	374
2693	AT1G78200	29419466	29421922	2456
2694	AT1G78210	29422716	29424589	1873
2695	AT1G78230	29430052	29432764	2712
2696	AT1G78260	29446861	29450515	3654
2697	AT1G78390	29490705	29492875	2170
2698	AT1G78310	29463548	29465249	1701
2699	AT1G78410	29502506	29503938	1432
2700	AT1G78420	29504532	29507680	3148
2701	AT1G78470	29521770	29523191	1421
2702	AT1G78476	29523982	29526284	2302
2703	AT1G78500	29531467	29535204	3737
2704	AT1G78520	29537806	29538712	906
2705	AT1G78530	29539086	29540865	1779
2706	AT1G78550	29544902	29546518	1616
2707	AT1G78560	29546559	29548866	2307
2708	AT1G78620	29573657	29575801	2144
2709	AT1G78635	29579715	29580644	929
2710	AT1G78630	29575806	29577880	2074
2711	AT1G78640	29581170	29581988	818
2712	AT1G78720	29605457	29607678	2221
2713	AT1G78730	29607689	29609441	1752
2714	AT1G78740	29610494	29611492	998
2715	AT1G78750	29612904	29614884	1980
2716	AT1G78780	29621340	29623337	1997
2717	AT1G78790	29623205	29625078	1873
2718	AT1G78800	29625587	29628024	2437
2719	AT1G78810	29628234	29630578	2344
2720	AT1G78830	29636818	29638773	1955
2721	AT1G78840	29639290	29641018	1728
2722	AT1G78850	29641860	29643535	1675
2723	AT1G78880	29652633	29655949	3316
2724	AT1G78890	29656430	29658634	2204
2725	AT1G78895	29658116	29660006	1890
2726	AT1G78910	29665166	29667656	2490
2727	AT1G78915	29667565	29671341	3776
2728	AT1G78920	29671413	29677537	6124
2729	AT1G78922	29676755	29677815	1060
2730	AT1G78930	29677904	29680757	2853
2731	AT1G78940	29680782	29684180	3398
2732	AT1G78955	29688906	29694255	5349
2733	AT1G78990	29713316	29715017	1701
2734	AT1G78995	29715072	29716255	1183
2735	AT1G79010	29724796	29727028	2232
2736	AT1G79020	29727044	29730593	3549
2737	AT1G79030	29730642	29734444	3802
2738	AT1G79060	29741728	29743766	2038
2739	AT1G79070	29744271	29745815	1544
2740	AT1G79080	29746972	29749085	2113
2741	AT1G79090	29749101	29753330	4229
2742	AT1G79100	29753648	29754256	608
2743	AT1G79103	29754536	29755988	1452
2744	AT1G79120	29764089	29768793	4704
2745	AT1G79130	29771218	29771887	669
2746	AT1G79150	29772510	29778016	5506
2747	AT1G79160	29779517	29780876	1359
2748	AT1G79170	29782273	29782622	349
2749	AT1G79190	29788466	29794251	5785
2750	AT1G79210	29796081	29798836	2755
2751	AT1G79220	29798851	29800571	1720
2752	AT1G79260	29813146	29814351	1205
2753	AT1G79270	29815470	29819678	4208
2754	AT1G79390	29863225	29864330	1105
2755	AT1G79420	29871326	29874329	3003
2756	AT1G79440	29882121	29887414	5293
2757	AT1G79460	29890367	29894646	4279
2758	AT1G79470	29894569	29897166	2597
2759	AT1G79480	29897597	29899604	2007
2760	AT1G79485	29898481	29898828	347
2761	AT1G79510	29908013	29909988	1975
2762	AT1G79520	29911381	29914967	3586
2763	AT1G79540	29919975	29923124	3149
2764	AT2G06020	2342535	2346207	3672
2765	AT1G79570	29932578	29938856	6278
2766	AT1G79600	29949910	29952726	2816
2767	AT1G79620	29957390	29962323	4933
2768	AT1G79630	29962645	29965795	3150
2769	AT1G79640	29966313	29971640	5327
2770	AT2G06025	2348059	2352174	4115
2771	AT1G79650	29971989	29975359	3370
2772	AT1G79660	29975667	29976773	1106
2773	AT1G79710	29994962	29997201	2239
2774	AT1G79720	29997127	29999045	1918
2775	AT1G79730	30000538	30004083	3545
2776	AT1G79740	30004057	30007190	3133
2777	AT1G79770	30014233	30015392	1159
2778	AT1G79870	30044746	30046148	1402
2779	AT1G79890	30048519	30052203	3684
2780	AT1G79910	30054552	30057181	2629
2781	AT1G79915	30057206	30058657	1451
2782	AT1G79920	30059302	30062824	3522
2783	AT1G79950	30073524	30080778	7254
2784	AT1G79985	30084114	30085601	1487
2785	AT1G79990	30085750	30092239	6489
2786	AT1G80000	30092807	30097323	4516
2787	AT1G80030	30104830	30109087	4257
2788	AT1G80040	30109059	30111284	2225
2789	AT1G80060	30114449	30117645	3196
2790	AT1G80120	30138818	30140360	1542
2791	AT1G80133	30143628	30144313	685
2792	AT1G80150	30148330	30150556	2226
2793	AT1G80110	30135024	30136956	1932
2794	AT1G80165	30152286	30152501	215
2795	AT1G80170	30153213	30155894	2681
2796	AT1G80180	30156682	30157808	1126
2797	AT1G80210	30163129	30165755	2626
2798	AT1G80200	30161852	30162999	1147
2799	AT1G80220	30167839	30168606	767
2800	AT1G80230	30169456	30171334	1878
2801	AT1G80260	30175642	30180745	5103
2802	AT1G80280	30183535	30186716	3181
2803	AT1G80290	30187920	30189823	1903
2804	AT1G80315	30194698	30195732	1034
2805	AT1G80320	30196782	30197896	1114
2806	AT1G80350	30205314	30208268	2954
2807	AT1G80360	30208408	30211592	3184
2808	AT1G80380	30217116	30220595	3479
2809	AT1G80400	30225176	30227575	2399
2810	AT1G80440	30241452	30243176	1724
2811	AT1G80450	30243430	30244949	1519
2812	AT1G80500	30270445	30272668	2223
2813	AT1G80510	30272849	30274891	2042
2814	AT1G80520	30276116	30277278	1162
2815	AT1G80525	30277490	30277905	415
2816	AT1G80530	30277909	30280359	2450
2817	AT1G80540	30281346	30284536	3190
2818	AT1G80550	30284890	30286798	1908
2819	AT1G80555	30286956	30287741	785
2820	AT1G80570	30290325	30292420	2095
2821	AT1G80580	30293558	30294328	770
2822	AT1G80610	30300714	30304428	3714
2823	AT1G80620	30305022	30307453	2431
2824	AT1G80630	30308696	30310667	1971
2825	AT1G80640	30311527	30314450	2923
2826	AT1G80690	30329039	30330944	1905
2827	AT1G80700	30331842	30333400	1558
2828	AT1G80745	30347426	30348482	1056
2829	AT1G80750	30348670	30350564	1894
2830	AT1G80780	30358000	30359606	1606
2831	AT1G80810	30364946	30369154	4208
2832	AT1G80850	30385449	30387602	2153
2833	AT1G80865	30389538	30390557	1019
2834	AT1G80870	30391899	30394398	2499
2835	AT1G80840	30383561	30385499	1938
2836	AT1G80880	30394651	30397007	2356
2837	AT1G80890	30397128	30398210	1082
2838	AT1G80910	30400631	30403726	3095
2839	AT1G80930	30405339	30409768	4429
2840	AT1G80940	30410585	30412289	1704
2841	AT1G80950	30412149	30415264	3115
2842	AT1G80960	30415123	30419047	3924
2843	AT1G80970	30420102	30421995	1893
2844	AT1G80980	30422050	30424152	2102
2845	AT1G80990	30424421	30425192	771
2846	AT2G01008	1025	3173	2148
2847	AT2G01021	6571	6672	101
2848	AT2G01023	9648	9767	119
2849	AT2G01060	73208	75509	2301
2850	AT2G01070	75520	77865	2345
2851	AT2G01090	79779	81710	1931
2852	AT2G01130	88320	94753	6433
2853	AT2G01210	119270	121980	2710
2854	AT2G01220	123023	126611	3588
2855	AT2G01260	135223	137916	2693
2856	AT2G01275	142498	144524	2026
2857	AT2G01320	154097	158204	4107
2858	AT2G01330	158183	160870	2687
2859	AT2G01440	193164	199280	6116
2860	AT2G01460	205775	211963	6188
2861	AT2G01480	216605	221002	4397
2862	AT2G01510	229567	232540	2973
2863	AT2G01554	249687	250181	494
2864	AT2G01600	268714	272676	3962
2865	AT2G01630	279282	282123	2841
2866	AT2G01667	295455	295556	101
2867	AT2G01680	306251	309267	3016
2868	AT2G01690	308693	313805	5112
2869	AT2G01720	317030	320308	3278
2870	AT2G05160	1858543	1862064	3521
2871	AT2G01810	347537	350179	2642
2872	AT2G01818	353344	355594	2250
2873	AT2G01820	357353	360924	3571
2874	AT2G05170	1869853	1873997	4144
2875	AT2G01900	405762	409203	3441
2876	AT2G01970	451858	454959	3101
2877	AT2G01990	464994	466955	1961
2878	AT2G02023	481467	481830	363
2879	AT2G02026	481907	482086	179
2880	AT2G02050	489952	492058	2106
2881	AT2G02060	494745	497860	3115
2882	AT2G02148	547107	549669	2562
2883	AT2G02160	553086	556131	3045
2884	AT2G02170	556433	559046	2613
2885	AT2G02370	621058	623526	2468
2886	AT2G02410	632634	634994	2360
2887	AT2G02515	675218	675687	469
2888	AT2G02525	677881	678203	322
2889	AT2G06040	2352145	2355597	3452
2890	AT2G02570	697943	700975	3032
2891	AT2G02610	710618	712819	2201
2892	AT2G02620	717256	719389	2133
2893	AT2G02630	723565	725620	2055
2894	AT2G02635	725076	731178	6102
2895	AT2G02640	732291	734271	1980
2896	AT2G02680	745674	748573	2899
2897	AT2G02690	749881	751915	2034
2898	AT2G02695	752139	754145	2006
2899	AT2G02720	762927	765027	2100
2900	AT2G02730	764547	767500	2953
2901	AT2G02750	771151	773552	2401
2902	AT2G02765	775814	777829	2015
2903	AT2G02780	781674	784944	3270
2904	AT2G02870	837801	840398	2597
2905	AT2G02880	841246	843629	2383
2906	AT2G02890	843913	846616	2703
2907	AT2G02910	847139	849703	2564
2908	AT2G02960	862029	864452	2423
2909	AT2G02970	864997	868292	3295
2910	AT2G03000	875233	877207	1974
2911	AT2G03010	879247	881471	2224
2912	AT2G03030	889764	890520	756
2913	AT2G03060	901061	904149	3088
2914	AT2G03110	934787	936862	2075
2915	AT2G03140	941829	951553	9724
2916	AT2G03210	968269	970232	1963
2917	AT2G03240	972756	977531	4775
2918	AT2G03250	981934	986756	4822
2919	AT2G03260	987934	992332	4398
2920	AT2G03270	993748	996128	2380
2921	AT2G03280	996088	998455	2367
2922	AT2G03320	1007542	1007945	403
2923	AT2G03330	1008460	1014122	5662
2924	AT2G03360	1022190	1024497	2307
2925	AT2G03370	1024643	1027132	2489
2926	AT2G03380	1028228	1030361	2133
2927	AT2G03390	1030402	1032718	2316
2928	AT2G03410	1033598	1036009	2411
2929	AT2G03420	1033557	1035969	2412
2930	AT2G03470	1045446	1047744	2298
2931	AT2G03500	1059545	1062679	3134
2932	AT2G03510	1066578	1069186	2608
2933	AT2G03640	1104307	1106905	2598
2934	AT2G03667	1114127	1117477	3350
2935	AT2G03730	1137572	1140204	2632
2936	AT2G03810	1160947	1164657	3710
2937	AT2G03822	1168200	1168373	173
2938	AT2G03823	1167354	1167492	138
2939	AT2G03820	1164843	1167115	2272
2940	AT2G03913	1197840	1198285	445
2941	AT2G03936	1221111	1221522	411
2942	AT2G03980	1259058	1262740	3682
2943	AT2G04034	1297046	1297550	504
2944	AT2G04046	1315860	1316351	491
2945	AT2G04050	1337180	1339468	2288
2946	AT2G04060	1342137	1345164	3027
2947	AT2G04063	1349758	1350177	419
2948	AT2G04070	1353755	1355883	2128
2949	AT2G04080	1357156	1359403	2247
2950	AT2G04090	1362380	1364788	2408
2951	AT2G04100	1376694	1379130	2436
2952	AT1G01080	44970	47059	2089
2953	AT1G01100	49909	51210	1301
2954	AT1G01130	61905	63811	1906
2955	AT1G01150	69911	72138	2227
2956	AT1G01170	73931	74737	806
2957	AT1G01210	88622	90502	1880
2958	AT1G01240	99865	101987	2122
2959	AT1G01250	104440	105330	890
2960	AT1G01260	108946	111699	2753
2961	AT1G01300	116784	118845	2061
2962	AT1G01305	119381	119997	616
2963	AT1G01320	121067	130577	9510
2964	AT2G04190	1427321	1430406	3085
2965	AT1G01335	130736	130858	122
2966	AT1G01350	136090	138162	2072
2967	AT1G01355	138489	139680	1191
2968	AT1G01390	148013	149848	1835
2969	AT1G01440	159628	162953	3325
2970	AT1G01450	164105	165517	1412
2971	AT1G01460	168559	171386	2827
2972	AT1G01490	180017	182749	2732
2973	AT1G01500	185033	187135	2102
2974	AT1G01540	195645	198787	3142
2975	AT1G01570	204935	207642	2707
2976	AT1G01630	228799	230979	2180
2977	AT1G01640	230908	232630	1722
2978	AT1G01660	239841	242703	2862
2979	AT1G01670	242713	246054	3341
2980	AT1G01710	262828	266324	3496
2981	AT1G01715	266333	267883	1550
2982	AT1G01760	276266	278599	2333
2983	AT1G01770	278600	282891	4291
2984	AT1G01800	293246	295086	1840
2985	AT1G01810	295207	295859	652
2986	AT1G01830	298451	302310	3859
2987	AT1G01840	303537	304358	821
2988	AT1G01880	306467	309541	3074
2989	AT1G01910	313101	316090	2989
2990	AT1G01920	315983	319667	3684
2991	AT1G01930	319769	322895	3126
2992	AT1G01940	322886	324917	2031
2993	AT1G01970	338241	340088	1847
2994	AT1G01980	340108	342040	1932
2995	AT1G02000	345516	347603	2087
2996	AT1G02020	352612	355124	2512
2997	AT1G02030	355124	357258	2134
2998	AT1G02040	357906	359078	1172
2999	AT1G02060	360918	363142	2224
3000	AT1G02080	373335	386913	13578
3001	AT1G02110	392831	395528	2697
3002	AT1G02150	408622	410680	2058
3003	AT1G02160	410744	411632	888
3004	AT1G02190	415074	418027	2953
3005	AT1G02210	427548	427811	263
3006	AT1G02260	440200	442972	2772
3007	AT1G02270	443118	446296	3178
3008	AT1G02290	450461	452743	2282
3009	AT1G02300	453107	455519	2412
3010	AT1G02305	455688	458164	2476
3011	AT2G04230	1446795	1449100	2305
3012	AT1G02320	461828	461974	146
3013	AT1G02330	461946	463618	1672
3014	AT1G02350	469818	470693	875
3015	AT1G02360	471883	473336	1453
3016	AT1G02370	474373	476612	2239
3017	AT1G02380	476945	479112	2167
3018	AT1G02405	489874	490627	753
3019	AT1G02410	490860	492979	2119
3020	AT1G02420	493639	495158	1519
3021	AT1G02460	504463	507268	2805
3022	AT1G02470	511765	513721	1956
3023	AT1G02475	513699	515422	1723
3024	AT1G02490	516569	516866	297
3025	AT1G02520	523536	529069	5533
3026	AT1G02530	529679	534677	4998
3027	AT1G02540	534827	535699	872
3028	AT1G02550	536483	537211	728
3029	AT1G02570	541236	542245	1009
3030	AT1G02590	552138	552761	623
3031	AT1G02580	544733	549202	4469
3032	AT1G02610	553019	556152	3133
3033	AT1G02620	557092	558774	1682
3034	AT1G02650	568558	570554	1996
3035	AT1G02640	564018	567771	3753
3036	AT1G02660	571826	575085	3259
3037	AT1G02670	575922	580532	4610
3038	AT1G02700	588003	589480	1477
3039	AT1G02705	589584	590406	822
3040	AT1G02710	589706	589996	290
3041	AT1G02740	599330	602199	2869
3042	AT1G02750	602489	604387	1898
3043	AT1G02810	618061	620502	2441
3044	AT1G02813	620678	621329	651
3045	AT1G02840	626639	629993	3354
3046	AT1G02816	621453	623054	1601
3047	AT1G02850	630374	633420	3046
3048	AT1G02870	637214	638681	1467
3049	AT1G02880	642505	644903	2398
3050	AT1G02890	645084	652001	6917
3051	AT1G02960	666807	669919	3112
3052	AT2G04235	1449288	1455314	6026
3053	AT1G02990	681331	687385	6054
3054	AT1G03010	693190	696504	3314
3055	AT1G03040	703847	706689	2842
3056	AT1G03020	697919	698591	672
3057	AT1G03030	701365	703929	2564
3058	AT1G03050	707485	710041	2556
3059	AT1G03070	729830	731565	1735
3060	AT1G03100	743885	746701	2816
3061	AT1G03103	747197	748057	860
3062	AT1G03106	748101	749034	933
3063	AT1G03160	761261	766194	4933
3064	AT1G03140	754261	756303	2042
3065	AT1G03150	756414	758678	2264
3066	AT1G03170	768376	770684	2308
3067	AT1G03165	766336	767324	988
3068	AT1G03180	773358	775362	2004
3069	AT1G03200	780519	782946	2427
3070	AT1G03210	782904	784346	1442
3071	AT1G03220	786832	788722	1890
3072	AT1G03230	789820	791689	1869
3073	AT1G03260	795449	798491	3042
3074	AT1G03270	799115	802625	3510
3075	AT1G03280	802970	807066	4096
3076	AT1G03290	807361	813216	5855
3077	AT1G03320	816989	817767	778
3078	AT1G03325	817053	817178	125
3079	AT1G03365	826523	830393	3870
3080	AT1G03380	835767	841373	5606
3081	AT1G03370	830550	835411	4861
3082	AT1G03390	841033	842418	1385
3083	AT1G03395	841677	842158	481
3084	AT1G03440	852151	854297	2146
3085	AT1G03457	860761	864372	3611
3086	AT1G03495	873166	874476	1310
3087	AT1G03520	877861	880259	2398
3088	AT1G03540	883683	885611	1928
3089	AT1G03560	890155	892492	2337
3090	AT1G03590	894238	897718	3480
3091	AT1G03610	900732	903070	2338
3092	AT1G03620	904032	907643	3611
3093	AT1G03630	907523	909650	2127
3094	AT1G03650	910023	911292	1269
3095	AT1G03660	911310	913808	2498
3096	AT1G03687	918285	920592	2307
3097	AT1G03700	920950	922098	1148
3098	AT1G03720	924896	926373	1477
3099	AT1G03740	933426	937152	3726
3100	AT1G03750	937826	941162	3336
3101	AT1G03760	941062	943377	2315
3102	AT1G03810	958759	959609	850
3103	AT1G03830	961684	966790	5106
3104	AT1G03840	967470	970334	2864
3105	AT1G03860	979307	982002	2695
3106	AT1G03905	993400	995989	2589
3107	AT1G03910	996076	1000629	4553
3108	AT1G03920	1001116	1004410	3294
3109	AT1G03940	1009228	1011145	1917
3110	AT1G03930	1004688	1008370	3682
3111	AT1G03960	1013643	1017957	4314
3112	AT1G03982	1022251	1023719	1468
3113	AT1G03990	1024740	1027616	2876
3114	AT1G04000	1027853	1029119	1266
3115	AT1G04030	1040375	1042892	2517
3116	AT1G04040	1042362	1043887	1525
3117	AT1G04090	1057041	1059454	2413
3118	AT1G04140	1075543	1080630	5087
3119	AT1G04150	1081024	1084431	3407
3120	AT2G05230	1899468	1902825	3357
3121	AT2G05250	1913291	1916657	3366
3122	AT1G04200	1109395	1114155	4760
3123	AT1G04210	1114375	1119739	5364
3124	AT1G04230	1125515	1128788	3273
3125	AT1G04280	1143436	1147091	3655
3126	AT1G04290	1147297	1148533	1236
3127	AT1G04300	1148564	1154667	6103
3128	AT1G04330	1161289	1161982	693
3129	AT1G04340	1162905	1164861	1956
3130	AT1G04350	1164910	1167135	2225
3131	AT1G04380	1176544	1178488	1944
3132	AT1G04400	1185512	1188696	3184
3133	AT1G04390	1179310	1183704	4394
3134	AT2G05270	1920702	1921116	414
3135	AT1G04420	1191519	1193884	2365
3136	AT1G04430	1197956	1201579	3623
3137	AT1G04440	1202160	1206009	3849
3138	AT1G04445	1206760	1207939	1179
3139	AT1G04470	1210924	1214841	3917
3140	AT1G04490	1217690	1220899	3209
3141	AT1G04500	1221411	1224539	3128
3142	AT2G05294	1928530	1928622	92
3143	AT1G04540	1236754	1239199	2445
3144	AT1G04520	1231452	1234032	2580
3145	AT1G04555	1242506	1244244	1738
3146	AT1G04560	1244947	1246059	1112
3147	AT1G04600	1261762	1272588	10826
3148	AT1G04590	1258556	1261470	2914
3149	AT1G04625	1287831	1289820	1989
3150	AT1G04645	1293770	1294263	493
3151	AT1G04700	1316139	1321000	4861
3152	AT1G04660	1300368	1301773	1405
3153	AT1G04680	1303467	1307973	4506
3154	AT1G04710	1321885	1324840	2955
3155	AT1G04750	1331466	1333651	2185
3156	AT1G04760	1334533	1336704	2171
3157	AT1G04770	1336274	1337849	1575
3158	AT1G04778	1339588	1340565	977
3159	AT1G04780	1340553	1343793	3240
3160	AT1G04790	1344989	1348868	3879
3161	AT1G04800	1348452	1349478	1026
3162	AT1G04810	1350080	1355466	5386
3163	AT1G04830	1358574	1362019	3445
3164	AT1G04840	1362227	1365027	2800
3165	AT1G04850	1365107	1368940	3833
3166	AT1G04880	1375824	1379228	3404
3167	AT1G04890	1380382	1382599	2217
3168	AT1G04895	1383008	1383422	414
3169	AT1G04900	1383841	1387895	4054
3170	AT1G04910	1387871	1391381	3510
3171	AT1G04930	1396265	1399122	2857
3172	AT1G04945	1399174	1403112	3938
3173	AT1G04960	1407772	1410933	3161
3174	AT1G04970	1411088	1413627	2539
3175	AT1G04980	1413644	1416218	2574
3176	AT1G04985	1416342	1419027	2685
3177	AT1G04990	1418612	1421863	3251
3178	AT1G05005	1429048	1430056	1008
3179	AT1G05020	1435155	1437763	2608
3180	AT1G05030	1438048	1441933	3885
3181	AT1G05035	1444983	1446116	1133
3182	AT1G05040	1447369	1448463	1094
3183	AT1G05070	1457007	1458802	1795
3184	AT1G05120	1471323	1476289	4966
3185	AT1G05136	1478923	1479063	140
3186	AT1G05140	1482546	1484059	1513
3187	AT1G05150	1484067	1487027	2960
3188	AT1G05170	1490974	1494248	3274
3189	AT1G05180	1498114	1501953	3839
3190	AT2G05310	1933166	1934298	1132
3191	AT1G05205	1509103	1510341	1238
3192	AT1G05240	1520278	1523023	2745
3193	AT1G05250	1525601	1527360	1759
3194	AT1G05270	1531641	1534767	3126
3195	AT1G05280	1534830	1537602	2772
3196	AT1G05290	1539152	1540562	1410
3197	AT1G05291	1541348	1542432	1084
3198	AT1G05300	1544927	1547849	2922
3199	AT1G05310	1550503	1552587	2084
3200	AT1G05320	1553568	1557848	4280
3201	AT2G05320	1935540	1937464	1924
3202	AT1G05360	1564491	1567508	3017
3203	AT1G05330	1558058	1558745	687
3204	AT1G05340	1558778	1559917	1139
3205	AT1G05350	1560678	1564409	3731
3206	AT1G05370	1569147	1572469	3322
3207	AT1G05380	1576822	1582672	5850
3208	AT1G05410	1585371	1587794	2423
3209	AT2G05330	1938572	1939497	925
3210	AT1G05440	1596007	1597940	1933
3211	AT1G05450	1599876	1601214	1338
3212	AT1G05510	1629446	1630863	1417
3213	AT1G05520	1630849	1636018	5169
3214	AT1G05575	1661550	1662259	709
3215	AT1G05577	1662352	1664398	2046
3216	AT1G05615	1677507	1678270	763
3217	AT1G05630	1682224	1687363	5139
3218	AT2G05350	1949614	1954740	5126
3219	AT1G05640	1687436	1689955	2519
3220	AT1G05650	1690002	1692179	2177
3221	AT1G05660	1694070	1696191	2121
3222	AT1G05670	1697541	1701065	3524
3223	AT1G05675	1701116	1702749	1633
3224	AT1G05700	1709673	1713474	3801
3225	AT1G05710	1714818	1717290	2472
3226	AT1G05720	1717389	1718909	1520
3227	AT1G05730	1718555	1720587	2032
3228	AT1G05740	1720593	1721309	716
3229	AT1G05770	1725388	1726321	933
3230	AT1G05780	1726558	1728520	1962
3231	AT1G05785	1730242	1732657	2415
3232	AT1G05790	1732802	1737583	4781
3233	AT1G05805	1744444	1747734	3290
3234	AT1G05850	1766503	1768837	2334
3235	AT1G05835	1762145	1762814	669
3236	AT1G05840	1762734	1766283	3549
3237	AT1G05860	1768986	1771286	2300
3238	AT1G05870	1771385	1773385	2000
3239	AT1G05894	1784736	1786326	1590
3240	AT1G05910	1790216	1796715	6499
3241	AT1G05940	1801110	1804000	2890
3242	AT1G05920	1796778	1798254	1476
3243	AT1G05930	1799418	1800933	1515
3244	AT1G05950	1804401	1807670	3269
3245	AT1G05960	1807960	1815568	7608
3246	AT1G05970	1815825	1817336	1511
3247	AT1G05990	1818392	1819184	792
3248	AT1G06010	1822583	1824236	1653
3249	AT1G06020	1824250	1826163	1913
3250	AT1G06045	1829522	1829865	343
3251	AT1G06050	1830471	1832555	2084
3252	AT1G06060	1832941	1834861	1920
3253	AT1G06070	1834829	1837758	2929
3254	AT1G06090	1846701	1849693	2992
3255	AT1G06100	1851472	1853019	1547
3256	AT1G06120	1855910	1857718	1808
3257	AT1G06135	1862184	1862742	558
3258	AT1G06137	1863425	1863840	415
3259	AT1G06143	1867037	1868905	1868
3260	AT1G06148	1874885	1877573	2688
3261	AT1G06150	1868989	1873730	4741
3262	AT1G06170	1884981	1886904	1923
3263	AT1G06200	1894289	1897027	2738
3264	AT1G06210	1897129	1899237	2108
3265	AT1G06240	1911095	1913295	2200
3266	AT1G06320	1930523	1931449	926
3267	AT1G06250	1913175	1914895	1720
3268	AT1G06290	1922208	1926278	4070
3269	AT1G06260	1916430	1917585	1155
3270	AT1G06270	1917991	1919760	1769
3271	AT1G06330	1931229	1932429	1200
3272	AT1G06380	1944993	1946303	1310
3273	AT1G06420	1958878	1960027	1149
3274	AT1G06440	1963301	1965209	1908
3275	AT1G06450	1965840	1967219	1379
3276	AT1G06470	1969658	1974526	4868
3277	AT1G06475	1973834	1974407	573
3278	AT1G06500	1989479	1990730	1251
3279	AT1G06515	1990634	1992228	1594
3280	AT1G06540	2001406	2003446	2040
3281	AT1G06550	2003627	2007212	3585
3282	AT1G06560	2007615	2012006	4391
3283	AT1G06580	2013996	2016273	2277
3284	AT1G06590	2016306	2024749	8443
3285	AT1G06630	2027606	2031388	3782
3286	AT2G05360	1956115	1959303	3188
3287	AT1G06640	2031626	2034112	2486
3288	AT1G06645	2034156	2035824	1668
3289	AT1G06670	2040410	2047655	7245
3290	AT1G06690	2049400	2052170	2770
3291	AT1G06700	2052370	2055548	3178
3292	AT1G06710	2055745	2060429	4684
3293	AT1G06720	2060444	2067483	7039
3294	AT1G06730	2067509	2070455	2946
3295	AT1G06750	2072979	2076505	3526
3296	AT1G06760	2076504	2077767	1263
3297	AT1G06790	2087182	2089786	2604
3298	AT1G06810	2091738	2092539	801
3299	AT1G06830	2097106	2097655	549
3300	AT1G06840	2097747	2103507	5760
3301	AT1G06890	2111323	2114686	3363
3302	AT1G06900	2114765	2120745	5980
3303	AT1G06923	2126670	2127570	900
3304	AT1G06925	2127704	2128611	907
3305	AT1G06930	2128843	2129883	1040
3306	AT1G06960	2135810	2137838	2028
3307	AT1G07000	2150158	2152541	2383
3308	AT1G06980	2142939	2143977	1038
3309	AT1G06990	2148342	2150152	1810
3310	AT1G07020	2155213	2156153	940
3311	AT1G07025	2157658	2158158	500
3312	AT1G07030	2158413	2160818	2405
3313	AT1G07040	2160919	2163387	2468
3314	AT1G07050	2163575	2165261	1686
3315	AT1G07070	2168561	2169957	1396
3316	AT1G07080	2169977	2172194	2217
3317	AT1G07120	2184759	2186627	1868
3318	AT1G07135	2189877	2190784	907
3319	AT1G07160	2197854	2199773	1919
3320	AT1G07170	2199997	2201272	1275
3321	AT1G07175	2202278	2203366	1088
3322	AT1G07190	2208013	2208177	164
3323	AT1G07200	2208477	2212718	4241
3324	AT1G07230	2220181	2223018	2837
3325	AT1G07220	2216925	2219649	2724
3326	AT1G07270	2229444	2233017	3573
3327	AT1G07280	2238017	2241471	3454
3328	AT1G07300	2245693	2247240	1547
3329	AT1G07310	2247112	2248961	1849
3330	AT1G07330	2250920	2254036	3116
3331	AT1G07380	2264634	2269121	4487
3332	AT1G07400	2274926	2275783	857
3333	AT1G07450	2287926	2289336	1410
3334	AT1G07470	2291369	2294558	3189
3335	AT1G07473	2294566	2295489	923
3336	AT1G07476	2295553	2296497	944
3337	AT1G07480	2296023	2299544	3521
3338	AT1G07485	2301375	2302121	746
3339	AT1G07500	2304783	2305031	248
3340	AT1G07520	2309534	2312385	2851
3341	AT1G07540	2318143	2321664	3521
3342	AT1G07550	2322543	2326570	4027
3343	AT1G07560	2327315	2331148	3833
3344	AT2G05430	1985751	1987266	1515
3345	AT1G07570	2331136	2333767	2631
3346	AT1G07590	2336477	2339391	2914
3347	AT1G07615	2342198	2344314	2116
3348	AT1G07650	2359111	2366736	7625
3349	AT1G07660	2368833	2369735	902
3350	AT1G07680	2376012	2377186	1174
3351	AT1G07690	2377976	2379207	1231
3352	AT1G07700	2379595	2381390	1795
3353	AT1G07705	2381555	2386157	4602
3354	AT1G07710	2386164	2388350	2186
3355	AT1G07730	2397527	2398696	1169
3356	AT1G07740	2397442	2400508	3066
3357	AT1G07745	2400589	2402942	2353
3358	AT1G07747	2403558	2403845	287
3359	AT1G07750	2403992	2406049	2057
3360	AT1G07795	2414143	2414967	824
3361	AT1G07820	2421089	2422066	977
3362	AT1G07830	2422126	2423803	1677
3363	AT1G07840	2424045	2426728	2683
3364	AT1G07850	2426705	2429225	2520
3365	AT1G07860	2428911	2429431	520
3366	AT1G07870	2428773	2432091	3318
3367	AT1G07885	2435858	2436861	1003
3368	AT1G07880	2433896	2435858	1962
3369	AT1G07890	2437281	2439665	2384
3370	AT1G07910	2445437	2454645	9208
3371	AT1G07901	2443971	2444123	152
3372	AT1G07902	2443918	2445140	1222
3373	AT1G07920	2454771	2457321	2550
3374	AT1G07930	2458184	2460817	2633
3375	AT1G07940	2462949	2465545	2596
3376	AT1G07970	2469218	2472806	3588
3377	AT1G07985	2475226	2476167	941
3378	AT1G07990	2476953	2483196	6243
3379	AT1G08000	2483240	2485726	2486
3380	AT1G08005	2485281	2485724	443
3381	AT1G08035	2494402	2495313	911
3382	AT1G08040	2495309	2498764	3455
3383	AT1G08050	2498794	2501581	2787
3384	AT1G08110	2535251	2537932	2681
3385	AT1G08120	2538615	2539661	1046
3386	AT1G08125	2539614	2542362	2748
3387	AT1G08160	2559413	2560432	1019
3388	AT1G08165	2561449	2562316	867
3389	AT1G08200	2573818	2576844	3026
3390	AT1G08210	2576984	2580754	3770
3391	AT1G08220	2581022	2583390	2368
3392	AT1G08230	2583594	2586969	3375
3393	AT1G08290	2609996	2613377	3381
3394	AT1G08270	2606269	2607507	1238
3395	AT1G08280	2607877	2609971	2094
3396	AT1G08310	2618647	2620452	1805
3397	AT1G08315	2620335	2621545	1210
3398	AT1G08340	2630891	2632871	1980
3399	AT1G08350	2632810	2635866	3056
3400	AT1G08360	2635939	2638004	2065
3401	AT1G08370	2638037	2640663	2626
3402	AT1G08390	2642072	2643285	1213
3403	AT1G08400	2643019	2646048	3029
3404	AT1G08410	2646144	2649440	3296
3405	AT1G08440	2662967	2665584	2617
3406	AT1G08465	2675813	2679824	4011
3407	AT1G08530	2700981	2703162	2181
3408	AT1G08580	2714994	2716532	1538
3409	AT1G08590	2718538	2722280	3742
3410	AT1G08610	2733596	2735819	2223
3411	AT2G05510	2015624	2016772	1148
3412	AT1G08645	2751813	2752595	782
3413	AT1G08670	2760183	2761599	1416
3414	AT1G08710	2771620	2773531	1911
3415	AT1G08750	2801042	2804711	3669
3416	AT1G08760	2805044	2808623	3579
3417	AT1G08800	2812818	2818071	5253
3418	AT1G08840	2829105	2838855	9750
3419	AT1G08845	2838789	2841134	2345
3420	AT1G08890	2848149	2852270	4121
3421	AT1G08900	2852363	2855941	3578
3422	AT1G08910	2856162	2861170	5008
3423	AT1G08930	2873300	2877270	3970
3424	AT1G08940	2877430	2879169	1739
3425	AT1G08980	2884351	2886621	2270
3426	AT1G08985	2887245	2887706	461
3427	AT1G08990	2888427	2890965	2538
3428	AT1G09010	2895166	2899446	4280
3429	AT1G09020	2899776	2904862	5086
3430	AT1G09040	2911250	2915406	4156
3431	AT1G09050	2916968	2921111	4143
3432	AT1G09060	2921064	2925826	4762
3433	AT1G09130	2939568	2942345	2777
3434	AT1G09150	2946030	2949159	3129
3435	AT1G09157	2951635	2952490	855
3436	AT1G09160	2952597	2955745	3148
3437	AT1G09170	2956261	2962546	6285
3438	AT1G09176	2964015	2964727	712
3439	AT1G09195	2967940	2971568	3628
3440	AT1G09200	2971571	2972334	763
3441	AT1G09220	2977792	2979466	1674
3442	AT1G09230	2979511	2982713	3202
3443	AT1G09245	2986874	2987393	519
3444	AT1G09260	2993381	2993820	439
3445	AT1G09280	2998100	3001362	3262
3446	AT1G09290	3001439	3003762	2323
3447	AT1G09300	3003495	3008381	4886
3448	AT1G09310	3008910	3009898	988
3449	AT1G09320	3009890	3012407	2517
3450	AT1G09330	3012739	3015255	2516
3451	AT1G09380	3026062	3029549	3487
3452	AT1G09360	3021802	3022368	566
3453	AT1G09370	3024877	3025539	662
3454	AT1G09390	3031046	3033582	2536
3455	AT1G09420	3038462	3041873	3411
3456	AT1G09400	3033512	3035396	1884
3457	AT1G09410	3035400	3037687	2287
3458	AT1G09440	3045259	3048006	2747
3459	AT1G09460	3053698	3055360	1662
3460	AT1G09470	3055231	3057543	2312
3461	AT1G09480	3057975	3060757	2782
3462	AT1G09483	3061170	3061743	573
3463	AT1G09490	3063936	3065949	2013
3464	AT1G09500	3066674	3068796	2122
3465	AT1G09510	3069357	3070910	1553
3466	AT1G09520	3070915	3072074	1159
3467	AT1G09550	3089576	3092327	2751
3468	AT1G09575	3101149	3103677	2528
3469	AT1G09580	3104492	3106366	1874
3470	AT1G09600	3107896	3111552	3656
3471	AT1G09620	3112778	3116699	3921
3472	AT1G09625	3117137	3117567	430
3473	AT1G09645	3122926	3124667	1741
3474	AT1G09650	3125175	3127284	2109
3475	AT1G09660	3127762	3131094	3332
3476	AT1G09700	3137649	3140353	2704
3477	AT1G09665	3133008	3133674	666
3478	AT1G09680	3133885	3135976	2091
3479	AT1G09690	3136188	3137684	1496
3480	AT1G09710	3140862	3144381	3519
3481	AT1G09730	3147637	3154404	6767
3482	AT1G09740	3154390	3156376	1986
3483	AT1G09750	3157501	3159148	1647
3484	AT1G09795	3173534	3176910	3376
3485	AT1G09794	3171905	3173510	1605
3486	AT1G09800	3176883	3180734	3851
3487	AT1G09812	3187442	3188854	1412
3488	AT1G09820	3190254	3192488	2234
3489	AT2G05590	2067061	2069255	2194
3490	AT1G09870	3205579	3208714	3135
3491	AT1G09880	3208712	3213468	4756
3492	AT1G09890	3214049	3217603	3554
3493	AT1G09900	3218133	3219929	1796
3494	AT1G09910	3220035	3224541	4506
3495	AT1G09920	3224684	3227083	2399
3496	AT1G09932	3230450	3233259	2809
3497	AT1G09935	3233924	3235530	1606
3498	AT1G09940	3236908	3239554	2646
3499	AT1G09980	3256189	3261741	5552
3500	AT1G09995	3262222	3263642	1420
3501	AT1G10010	3265886	3268823	2937
3502	AT1G10000	3263850	3265176	1326
3503	AT1G10020	3269539	3272110	2571
3504	AT1G10040	3275891	3278779	2888
3505	AT1G10050	3278792	3283631	4839
3506	AT1G10060	3284073	3287292	3219
3507	AT1G10090	3290311	3296198	5887
3508	AT1G10095	3296516	3300516	4000
3509	AT1G10100	3300697	3301489	792
3510	AT1G10110	3302564	3303938	1374
3511	AT1G10120	3304039	3306956	2917
3512	AT1G10140	3322554	3323735	1181
3513	AT1G10150	3325799	3327614	1815
3514	AT1G10180	3338185	3341628	3443
3515	AT1G10190	3343686	3345632	1946
3516	AT1G10220	3351923	3353122	1199
3517	AT1G10225	3354243	3354856	613
3518	AT1G10250	3360087	3360508	421
3519	AT1G10280	3366493	3369125	2632
3520	AT1G10300	3377878	3380414	2536
3521	AT1G10310	3381447	3384003	2556
3522	AT1G10320	3384118	3388376	4258
3523	AT1G10330	3388599	3390150	1551
3524	AT1G10340	3390322	3392633	2311
3525	AT1G10350	3392943	3395181	2238
3526	AT1G10390	3406956	3412874	5918
3527	AT1G10385	3403132	3405920	2788
3528	AT1G10395	3412474	3412742	268
3529	AT1G10410	3416430	3419691	3261
3530	AT1G10417	3424186	3427531	3345
3531	AT1G10455	3438555	3439013	458
3532	AT1G10490	3453191	3460620	7429
3533	AT1G10510	3461635	3465786	4151
3534	AT1G10530	3471456	3472674	1218
3535	AT1G10580	3491258	3493834	2576
3536	AT1G10585	3493770	3495244	1474
3537	AT1G10586	3496911	3499439	2528
3538	AT1G10588	3501145	3501904	759
3539	AT1G10590	3501988	3503544	1556
3540	AT1G10600	3503640	3506159	2519
3541	AT1G10610	3506186	3509006	2820
3542	AT1G10620	3509001	3512321	3320
3543	AT1G10640	3515182	3518035	2853
3544	AT1G10650	3523986	3526531	2545
3545	AT1G10657	3530353	3532017	1664
3546	AT1G10660	3532229	3535137	2908
3547	AT1G10670	3535288	3538439	3151
3548	AT1G10690	3549920	3550848	928
3549	AT1G10715	3561149	3561495	346
3550	AT1G10717	3562180	3562554	374
3551	AT1G10720	3562841	3564850	2009
3552	AT1G10730	3565257	3568106	2849
3553	AT1G10740	3567905	3571053	3148
3554	AT1G10745	3572674	3573173	499
3555	AT1G10747	3574312	3574830	518
3556	AT1G10750	3574807	3578783	3976
3557	AT1G10770	3591633	3592580	947
3558	AT1G10780	3592680	3595220	2540
3559	AT1G10790	3596264	3597847	1583
3560	AT1G10820	3600910	3605076	4166
3561	AT1G10850	3611490	3614613	3123
3562	AT1G10865	3614513	3616308	1795
3563	AT1G10875	3623998	3625422	1424
3564	AT1G10880	3625623	3627082	1459
3565	AT1G10890	3627646	3630808	3162
3566	AT1G10900	3632132	3637250	5118
3567	AT1G10980	3667224	3669935	2711
3568	AT1G11000	3671756	3676133	4377
3569	AT1G11020	3676691	3678567	1876
3570	AT1G11040	3678981	3681032	2051
3571	AT1G11050	3681679	3684169	2490
3572	AT1G11060	3684568	3689892	5324
3573	AT1G11070	3690012	3694200	4188
3574	AT1G11100	3703672	3709586	5914
3575	AT1G11110	3710208	3712503	2295
3576	AT1G11112	3712971	3713735	764
3577	AT1G11120	3715084	3717659	2575
3578	AT1G11145	3727532	3728166	634
3579	AT1G11160	3733044	3739844	6800
3580	AT1G11170	3740664	3744675	4011
3581	AT1G11200	3753213	3755658	2445
3582	AT1G11210	3755668	3756998	1330
3583	AT1G11220	3759862	3761461	1599
3584	AT1G11230	3763268	3764483	1215
3585	AT1G11240	3766754	3769799	3045
3586	AT1G11280	3787318	3790935	3617
3587	AT1G11290	3791168	3794088	2920
3588	AT1G11300	3794243	3797507	3264
3589	AT1G11303	3797667	3800851	3184
3590	AT1G11320	3806822	3808940	2118
3591	AT1G11330	3809795	3813809	4014
3592	AT1G11340	3813907	3817420	3513
3593	AT1G11350	3817424	3820887	3463
3594	AT1G11360	3821106	3823088	1982
3595	AT1G11362	3824510	3825231	721
3596	AT1G11370	3827851	3831068	3217
3597	AT1G11380	3832563	3834462	1899
3598	AT1G11390	3834432	3837676	3244
3599	AT1G11400	3837694	3841218	3524
3600	AT1G11410	3840877	3844479	3602
3601	AT1G11440	3849201	3850735	1534
3602	AT1G11450	3853184	3855507	2323
3603	AT1G11470	3859662	3860604	942
3604	AT1G11480	3864043	3867000	2957
3605	AT1G11490	3868884	3870525	1641
3606	AT1G11500	3870679	3871702	1023
3607	AT1G11510	3871723	3872929	1206
3608	AT1G11520	3873029	3873619	590
3609	AT1G11560	3881627	3882819	1192
3610	AT1G11590	3892580	3894677	2097
3611	AT1G11591	3895130	3896019	889
3612	AT1G11593	3898002	3898609	607
3613	AT1G11630	3912754	3914465	1711
3614	AT1G11655	3919237	3919869	632
3615	AT1G11660	3920478	3924566	4088
3616	AT1G11670	3928115	3931701	3586
3617	AT1G11684	3941103	3941459	356
3618	AT1G11690	3941469	3942212	743
3619	AT1G11700	3945584	3946757	1173
3620	AT1G11710	3948714	3951359	2645
3621	AT1G11730	3957284	3960464	3180
3622	AT1G11740	3963054	3966850	3796
3623	AT2G05642	2098087	2101167	3080
3624	AT1G11765	3973874	3974594	720
3625	AT1G11780	3976839	3979237	2398
3626	AT1G11785	3979823	3981079	1256
3627	AT1G11800	3985184	3987290	2106
3628	AT1G11810	3989763	3991066	1303
3629	AT1G11820	3991027	3993707	2680
3630	AT1G11850	3999157	4000024	867
3631	AT1G11860	4001113	4003748	2635
3632	AT1G11880	4007705	4010461	2756
3633	AT1G11900	4013121	4014688	1567
3634	AT1G11910	4016712	4021043	4331
3635	AT1G11915	4021750	4023292	1542
3636	AT1G11925	4025930	4026733	803
3637	AT1G11930	4028595	4030656	2061
3638	AT1G11940	4031534	4034155	2621
3639	AT1G11950	4034479	4039065	4586
3640	AT1G11960	4039566	4044046	4480
3641	AT1G11970	4044370	4044669	299
3642	AT1G11990	4046079	4049140	3061
3643	AT1G12000	4049896	4053871	3975
3644	AT1G12010	4056165	4057968	1803
3645	AT1G12020	4061363	4063549	2186
3646	AT1G12040	4069992	4072681	2689
3647	AT1G12050	4072741	4076207	3466
3648	AT1G12064	4077498	4078095	597
3649	AT1G12070	4078547	4080236	1689
3650	AT1G12100	4095246	4095883	637
3651	AT1G12120	4114674	4117614	2940
3652	AT1G12130	4118594	4120959	2365
3653	AT1G12150	4123530	4125651	2121
3654	AT1G12160	4125990	4128310	2320
3655	AT1G12170	4128607	4129701	1094
3656	AT1G12200	4137511	4140158	2647
3657	AT1G12211	4140875	4144114	3239
3658	AT1G12230	4147962	4151056	3094
3659	AT1G12244	4157654	4159046	1392
3660	AT1G12250	4159227	4161506	2279
3661	AT1G12290	4177917	4182593	4676
3662	AT1G12300	4183010	4186247	3237
3663	AT1G12320	4186624	4190342	3718
3664	AT1G12330	4194420	4196749	2329
3665	AT1G12340	4197396	4198310	914
3666	AT1G12380	4214258	4217412	3154
3667	AT1G12390	4220044	4221803	1759
3668	AT1G12400	4221779	4222875	1096
3669	AT1G12411	4225321	4225482	161
3670	AT1G12430	4233717	4238795	5078
3671	AT1G12440	4241421	4243229	1808
3672	AT2G05645	2101497	2102111	614
3673	AT1G12450	4243904	4245993	2089
3674	AT1G12460	4247218	4250758	3540
3675	AT1G12470	4250945	4257392	6447
3676	AT2G05655	2119187	2121254	2067
3677	AT1G12480	4257268	4259300	2032
3678	AT1G12490	4260783	4261869	1086
3679	AT1G12500	4263150	4265156	2006
3680	AT1G12530	4268986	4270907	1921
3681	AT1G12540	4272888	4274206	1318
3682	AT1G12570	4277947	4281131	3184
3683	AT1G12600	4286204	4289069	2865
3684	AT1G12615	4294055	4294540	485
3685	AT1G12620	4294552	4297178	2626
3686	AT1G12630	4298666	4299571	905
3687	AT1G12650	4305791	4308007	2216
3688	AT1G12660	4308943	4309749	806
3689	AT1G12663	4310969	4311519	550
3690	AT1G12665	4312331	4312935	604
3691	AT1G12672	4318309	4319090	781
3692	AT1G12730	4334499	4337957	3458
3693	AT1G12760	4348498	4350993	2495
3694	AT1G12775	4353842	4355929	2087
3695	AT1G12790	4358895	4361371	2476
3696	AT1G12800	4361551	4365414	3863
3697	AT1G12820	4368760	4371298	2538
3698	AT1G12805	4366577	4367136	559
3699	AT1G12845	4378832	4379607	775
3700	AT1G12810	4367256	4368822	1566
3701	AT1G12830	4374249	4375247	998
3702	AT1G12850	4379694	4381764	2070
3703	AT1G12855	4382160	4383673	1513
3704	AT1G12870	4387129	4389110	1981
3705	AT1G12890	4391671	4392393	722
3706	AT1G12960	4422707	4423155	448
3707	AT1G12990	4433605	4436102	2497
3708	AT1G13000	4436101	4439639	3538
3709	AT1G13020	4440404	4443954	3550
3710	AT1G13030	4444043	4447412	3369
3711	AT1G13040	4447549	4450001	2452
3712	AT1G13050	4449713	4451742	2029
3713	AT1G13130	4474684	4478005	3321
3714	AT1G13143	4479025	4479709	684
3715	AT1G13160	4484584	4488577	3993
3716	AT1G13190	4498764	4501624	2860
3717	AT1G13195	4501581	4503676	2095
3718	AT1G13200	4507221	4508528	1307
3719	AT1G13230	4520559	4522644	2085
3720	AT1G13310	4561028	4563160	2132
3721	AT1G13330	4567935	4570598	2663
3722	AT1G13340	4569448	4571229	1781
3723	AT1G13350	4572304	4576711	4407
3724	AT1G13360	4576873	4578369	1496
3725	AT1G13390	4592304	4594468	2164
3726	AT1G13410	4601235	4603635	2400
3727	AT1G13440	4608077	4610878	2801
3728	AT1G13460	4615767	4618449	2682
3729	AT1G13470	4620101	4621585	1484
3730	AT1G13485	4624171	4624344	173
3731	AT1G13520	4631633	4633299	1666
3732	AT2G06050	2359114	2362375	3261
3733	AT1G13570	4642124	4644422	2298
3734	AT1G13607	4660778	4661331	553
3735	AT1G13609	4662698	4663253	555
3736	AT1G13610	4663831	4666130	2299
3737	AT1G13630	4669425	4673073	3648
3738	AT1G13635	4674152	4676484	2332
3739	AT1G13640	4677004	4679862	2858
3740	AT1G13650	4680290	4682382	2092
3741	AT1G13680	4690293	4692841	2548
3742	AT1G13730	4709757	4712672	2915
3743	AT1G13750	4715394	4718269	2875
3744	AT1G13755	4718673	4719354	681
3745	AT1G13770	4721574	4724520	2946
3746	AT1G13760	4720243	4721342	1099
3747	AT1G13780	4724544	4726558	2014
3748	AT1G13805	4730987	4731055	68
3749	AT1G13810	4733991	4735453	1462
3750	AT1G13820	4735474	4737910	2436
3751	AT1G13825	4738441	4739345	904
3752	AT1G13830	4739693	4741189	1496
3753	AT1G13880	4748831	4751234	2403
3754	AT1G13910	4755777	4758076	2299
3755	AT1G13920	4758084	4760238	2154
3756	AT1G13930	4760957	4762666	1709
3757	AT1G13940	4762479	4766852	4373
3758	AT2G06090	2371573	2372050	477
3759	AT1G13970	4779351	4782546	3195
3760	AT1G13990	4794664	4796599	1935
3761	AT1G14030	4805306	4807517	2211
3762	AT1G14010	4800169	4801850	1681
3763	AT1G14020	4802720	4805375	2655
3764	AT1G14040	4810115	4814724	4609
3765	AT1G14048	4815683	4815988	305
3766	AT1G14060	4816928	4818112	1184
3767	AT1G14130	4835724	4837771	2047
3768	AT1G14180	4847162	4849413	2251
3769	AT1G14185	4850117	4852096	1979
3770	AT1G14190	4852522	4854307	1785
3771	AT1G14200	4854224	4855287	1063
3772	AT1G14230	4861168	4864094	2926
3773	AT1G14240	4864881	4868011	3130
3774	AT1G14250	4868346	4871488	3142
3775	AT1G14260	4872856	4874907	2051
3776	AT1G14270	4874875	4877256	2381
3777	AT1G14300	4882336	4884818	2482
3778	AT1G14315	4886768	4887933	1165
3779	AT1G14330	4890069	4892332	2263
3780	AT1G14345	4899045	4900054	1009
3781	AT1G14370	4915491	4918138	2647
3782	AT1G14390	4924037	4926914	2877
3783	AT1G14430	4934120	4936194	2074
3784	AT1G14450	4946192	4947670	1478
3785	AT1G14460	4948638	4953284	4646
3786	AT1G14490	4958445	4959529	1084
3787	AT1G14520	4968134	4970311	2177
3788	AT1G14560	4980624	4983367	2743
3789	AT1G14570	4983489	4987375	3886
3790	AT1G14580	4989562	4992805	3243
3791	AT1G14590	4998767	5000710	1943
3792	AT1G14600	5000986	5003637	2651
3793	AT2G06105	2395013	2398395	3382
3794	AT1G14640	5023426	5025955	2529
3795	AT1G14642	5026364	5026585	221
3796	AT1G14650	5027316	5031883	4567
3797	AT1G14685	5042240	5045556	3316
3798	AT1G14670	5037576	5040597	3021
3799	AT1G14680	5040754	5041967	1213
3800	AT1G14686	5045641	5046893	1252
3801	AT1G14710	5061694	5065303	3609
3802	AT1G14730	5073031	5074798	1767
3803	AT1G14755	5083676	5084342	666
3804	AT1G14770	5086595	5088898	2303
3805	AT1G14780	5090809	5094152	3343
3806	AT1G14800	5099572	5102558	2986
3807	AT1G14810	5102424	5104850	2426
3808	AT1G14820	5104975	5107107	2132
3809	AT1G14840	5111701	5115514	3813
3810	AT1G14890	5136874	5137982	1108
3811	AT1G14910	5139712	5143735	4023
3812	AT1G14930	5152263	5153104	841
3813	AT1G14940	5154537	5155564	1027
3814	AT1G14950	5157336	5158269	933
3815	AT1G14970	5161645	5165181	3536
3816	AT1G15020	5172232	5176479	4247
3817	AT1G14990	5166913	5168336	1423
3818	AT1G15010	5171181	5171956	775
3819	AT1G15030	5177480	5180049	2569
3820	AT1G15060	5183258	5187106	3848
3821	AT1G15085	5192219	5192854	635
3822	AT1G15120	5202593	5204494	1901
3823	AT1G15125	5204312	5205964	1652
3824	AT1G15130	5206002	5209979	3977
3825	AT1G15140	5210181	5212349	2168
3826	AT1G15150	5212475	5215042	2567
3827	AT1G15160	5215345	5217545	2200
3828	AT1G15165	5217719	5220113	2394
3829	AT1G15170	5220403	5222973	2570
3830	AT1G15180	5224294	5226778	2484
3831	AT1G15190	5226982	5228202	1220
3832	AT1G15200	5228300	5231184	2884
3833	AT1G15230	5242073	5243262	1189
3834	AT1G15240	5243383	5248693	5310
3835	AT1G15250	5248664	5249676	1012
3836	AT1G15260	5249760	5250573	813
3837	AT1G15270	5250650	5252121	1471
3838	AT1G15280	5252285	5256863	4578
3839	AT1G15290	5256870	5265155	8285
3840	AT1G15320	5272256	5274074	1818
3841	AT1G15350	5278027	5279988	1961
3842	AT1G15385	5292712	5293338	626
3843	AT1G15410	5298324	5300927	2603
3844	AT1G15415	5300742	5301489	747
3845	AT1G15420	5301516	5303522	2006
3846	AT1G15430	5304098	5306087	1989
3847	AT1G15470	5315499	5317941	2442
3848	AT1G15480	5317973	5320630	2657
3849	AT1G15490	5320615	5323895	3280
3850	AT1G15530	5339961	5341931	1970
3851	AT1G15540	5342090	5343876	1786
3852	AT1G15590	5367297	5368670	1373
3853	AT1G15620	5373459	5374575	1116
3854	AT1G15625	5374755	5375910	1155
3855	AT1G15670	5389952	5391672	1720
3856	AT1G15680	5393407	5394639	1232
3857	AT1G15730	5407401	5410043	2642
3858	AT1G15740	5410908	5414919	4011
3859	AT1G15757	5424242	5424579	337
3860	AT1G15760	5425616	5426666	1050
3861	AT1G15770	5426708	5428280	1572
3862	AT1G15790	5438171	5440131	1960
3863	AT1G15800	5441072	5443911	2839
3864	AT1G15810	5444220	5446564	2344
3865	AT1G15825	5448073	5448608	535
3866	AT1G15830	5448060	5450617	2557
3867	AT1G15840	5451432	5452374	942
3868	AT1G15850	5453245	5454088	843
3869	AT1G15860	5454766	5457022	2256
3870	AT1G15870	5457084	5458429	1345
3871	AT1G15885	5460477	5461297	820
3872	AT1G15890	5461309	5464241	2932
3873	AT1G15900	5464273	5464947	674
3874	AT1G15920	5469255	5471149	1894
3875	AT1G15940	5473359	5478405	5046
3876	AT1G15970	5486273	5489132	2859
3877	AT1G16000	5494533	5495359	826
3878	AT1G16010	5495373	5497723	2350
3879	AT1G16020	5498012	5501358	3346
3880	AT1G16022	5501317	5501856	539
3881	AT1G16025	5501505	5501959	454
3882	AT1G16040	5504608	5507059	2451
3883	AT1G16080	5514262	5516027	1765
3884	AT1G16170	5538666	5540002	1336
3885	AT1G16180	5540050	5542902	2852
3886	AT1G16210	5546099	5547753	1654
3887	AT1G16220	5548262	5550770	2508
3888	AT1G16225	5550791	5552414	1623
3889	AT1G16230	5553467	5554489	1022
3890	AT1G16250	5556964	5559520	2556
3891	AT1G16260	5559498	5562192	2694
3892	AT1G16270	5562861	5568368	5507
3893	AT1G16290	5570753	5573958	3205
3894	AT1G16310	5578265	5580730	2465
3895	AT1G16320	5580821	5582154	1333
3896	AT1G16350	5590756	5593098	2342
3897	AT1G16360	5593270	5595814	2544
3898	AT1G16460	5619545	5622674	3129
3899	AT1G16445	5617786	5619456	1670
3900	AT1G16480	5625699	5629013	3314
3901	AT1G16500	5638779	5640202	1423
3902	AT1G16510	5644572	5645443	871
3903	AT1G16515	5647462	5648114	652
3904	AT1G16520	5648636	5651167	2531
3905	AT1G16560	5668384	5670708	2324
3906	AT1G16570	5670577	5673600	3023
3907	AT1G16630	5681973	5684909	2936
3908	AT1G16640	5686525	5687727	1202
3909	AT1G16650	5687871	5691369	3498
3910	AT1G16670	5697216	5699870	2654
3911	AT1G16680	5702153	5705892	3739
3912	AT1G16690	5705897	5709563	3666
3913	AT1G16700	5709624	5712043	2419
3914	AT1G16705	5712022	5713752	1730
3915	AT1G16740	5727622	5729115	1493
3916	AT1G16750	5729057	5731934	2877
3917	AT1G16760	5734190	5737704	3514
3918	AT1G16770	5737839	5739377	1538
3919	AT1G16790	5744335	5745259	924
3920	AT1G16800	5744484	5755468	10984
3921	AT1G16810	5755588	5756895	1307
3922	AT1G16825	5758855	5760509	1654
3923	AT1G16830	5760626	5762619	1993
3924	AT1G16850	5764807	5765798	991
3925	AT1G16860	5767300	5770602	3302
3926	AT1G16870	5770732	5773322	2590
3927	AT1G16905	5782455	5783840	1385
3928	AT1G16916	5786557	5787329	772
3929	AT1G16930	5789679	5791752	2073
3930	AT1G16940	5791983	5793491	1508
3931	AT1G16945	5793905	5794197	292
3932	AT1G17010	5817567	5819352	1785
3933	AT1G17030	5822309	5824464	2155
3934	AT1G17020	5820080	5822013	1933
3935	AT1G17065	5832303	5834030	1727
3936	AT1G17080	5840269	5841745	1476
3937	AT1G17090	5842168	5844367	2199
3938	AT1G17130	5854093	5856697	2604
3939	AT1G17140	5856573	5858550	1977
3940	AT1G17145	5860078	5862890	2812
3941	AT1G17147	5863109	5864059	950
3942	AT1G17150	5865707	5867495	1788
3943	AT1G17230	5890616	5895141	4525
3944	AT1G17270	5909085	5911708	2623
3945	AT1G17300	5926636	5927784	1148
3946	AT1G17310	5927925	5928833	908
3947	AT1G17330	5929826	5931926	2100
3948	AT1G17340	5933780	5938817	5037
3949	AT1G17345	5940292	5941525	1233
3950	AT1G17350	5941549	5944465	2916
3951	AT1G17360	5946448	5951561	5113
3952	AT1G17400	5960471	5962481	2010
3953	AT1G17410	5968410	5969995	1585
3954	AT1G17430	5982145	5984013	1868
3955	AT1G17450	5988280	5997033	8753
3956	AT1G17490	6008437	6009420	983
3957	AT1G17500	6017808	6023503	5695
3958	AT1G17510	6023504	6024309	805
3959	AT1G17520	6024636	6027565	2929
3960	AT1G17540	6029138	6032860	3722
3961	AT1G17545	6033109	6033908	799
3962	AT1G17600	6052936	6058114	5178
3963	AT1G17610	6054922	6058357	3435
3964	AT1G17620	6061895	6063362	1467
3965	AT1G17630	6064482	6067151	2669
3966	AT1G17640	6067086	6069392	2306
3967	AT1G17665	6072153	6074525	2372
3968	AT1G17680	6076071	6082395	6324
3969	AT1G17744	6100961	6101983	1022
3970	AT1G17780	6123567	6125339	1772
3971	AT1G17790	6125278	6127567	2289
3972	AT1G17820	6131537	6135345	3808
3973	AT1G17830	6135751	6138500	2749
3974	AT1G17850	6145926	6148940	3014
3975	AT1G17860	6149178	6150038	860
3976	AT1G17910	6159126	6161615	2489
3977	AT1G17930	6166220	6168845	2625
3978	AT1G17940	6169285	6173273	3988
3979	AT1G17960	6180865	6183806	2941
3980	AT1G17990	6192033	6194093	2060
3981	AT1G17970	6184717	6187499	2782
3982	AT1G18000	6194426	6196343	1917
3983	AT1G18010	6199690	6201759	2069
3984	AT1G18020	6202235	6204234	1999
3985	AT1G18030	6204259	6206988	2729
3986	AT1G18050	6209771	6211588	1817
3987	AT1G18040	6206871	6209528	2657
3988	AT1G18060	6211832	6213591	1759
3989	AT1G18070	6213651	6218384	4733
3990	AT1G18090	6224405	6227822	3417
3991	AT1G18130	6235895	6238799	2904
3992	AT1G18150	6244298	6247830	3532
3993	AT1G18160	6248619	6254080	5461
3994	AT1G18170	6254094	6255734	1640
3995	AT1G18180	6255736	6257900	2164
3996	AT1G18193	6262602	6263258	656
3997	AT1G18197	6263682	6264925	1243
3998	AT1G18210	6266609	6268939	2330
3999	AT1G18265	6282233	6283348	1115
4000	AT1G18270	6283370	6293993	10623
4001	AT1G18280	6294160	6295372	1212
4002	AT1G18290	6297219	6298328	1109
4003	AT1G18310	6301200	6303956	2756
4004	AT1G18335	6308925	6311373	2448
4005	AT1G18340	6311443	6313931	2488
4006	AT1G18360	6316695	6319427	2732
4007	AT1G18390	6325536	6330179	4643
4008	AT1G18410	6336300	6342527	6227
4009	AT1G18420	6343330	6345689	2359
4010	AT1G18440	6345974	6347918	1944
4011	AT1G18460	6352325	6356113	3788
4012	AT1G18470	6355695	6360344	4649
4013	AT1G18485	6363042	6366263	3221
4014	AT1G18486	6366397	6366753	356
4015	AT1G18490	6366520	6368879	2359
4016	AT1G18540	6376639	6378580	1941
4017	AT1G18560	6385186	6388180	2994
4018	AT1G18610	6405607	6409532	3925
4019	AT1G18660	6420856	6425898	5042
4020	AT1G18680	6431938	6433552	1614
4021	AT1G18700	6437474	6444076	6602
4022	AT1G18720	6457775	6460405	2630
4023	AT1G18740	6463849	6465476	1627
4024	AT1G18760	6471150	6471824	674
4025	AT1G18770	6473370	6474048	678
4026	AT1G18773	6474802	6475979	1177
4027	AT1G18780	6476258	6477235	977
4028	AT1G18830	6489233	6494634	5401
4029	AT1G18850	6504677	6506542	1865
4030	AT1G18871	6519309	6519485	176
4031	AT1G18900	6528984	6532697	3713
4032	AT1G18910	6532559	6538145	5586
4033	AT1G18940	6543781	6545802	2021
4034	AT1G18950	6546177	6552108	5931
4035	AT1G18960	6552752	6554036	1284
4036	AT1G18975	6554683	6557974	3291
4037	AT1G18980	6557181	6558115	934
4038	AT1G18990	6558574	6560561	1987
4039	AT1G19000	6560491	6562791	2300
4040	AT1G19010	6565494	6567662	2168
4041	AT1G19020	6568002	6568705	703
4042	AT1G19025	6568674	6570939	2265
4043	AT1G19040	6576077	6577413	1336
4044	AT1G19070	6584454	6584705	251
4045	AT1G19086	6588542	6589338	796
4046	AT1G19110	6602105	6606028	3923
4047	AT1G19115	6606237	6607943	1706
4048	AT1G19130	6609325	6610613	1288
4049	AT1G19140	6610652	6612609	1957
4050	AT1G19170	6616602	6619006	2404
4051	AT1G19200	6625012	6626217	1205
4052	AT1G19210	6626794	6627688	894
4053	AT1G19230	6643942	6649375	5433
4054	AT1G19260	6657260	6659569	2309
4055	AT1G19290	6666074	6669576	3502
4056	AT1G19320	6679281	6680252	971
4057	AT1G19330	6680423	6683559	3136
4058	AT1G19340	6684467	6687116	2649
4059	AT1G19370	6692724	6695055	2331
4060	AT1G19380	6697874	6698858	984
4061	AT1G19390	6700756	6703368	2612
4062	AT1G19394	6709773	6710670	897
4063	AT1G19396	6709778	6711788	2010
4064	AT1G19397	6710851	6711787	936
4065	AT1G19400	6712022	6714483	2461
4066	AT1G19410	6714492	6716439	1947
4067	AT1G19430	6724413	6728075	3662
4068	AT1G19450	6731411	6735024	3613
4069	AT1G19460	6738484	6739734	1250
4070	AT1G19480	6744353	6746635	2282
4071	AT1G19485	6746778	6751609	4831
4072	AT1G19520	6759859	6762847	2988
4073	AT1G19490	6751544	6754073	2529
4074	AT1G19500	6754665	6755684	1019
4075	AT1G19530	6763765	6765049	1284
4076	AT1G19540	6765653	6768290	2637
4077	AT1G19550	6767451	6768158	707
4078	AT1G19565	6772084	6773131	1047
4079	AT1G19600	6778887	6781222	2335
4080	AT1G19620	6784020	6785075	1055
4081	AT1G19650	6796137	6799764	3627
4082	AT1G19660	6799969	6802906	2937
4083	AT1G19680	6805430	6807862	2432
4084	AT1G19690	6807715	6809642	1927
4085	AT1G19710	6814704	6816876	2172
4086	AT1G19715	6816702	6819542	2840
4087	AT1G19720	6819564	6822711	3147
4088	AT1G19740	6824246	6825459	1213
4089	AT1G19750	6826830	6830330	3500
4090	AT1G19830	6852116	6852945	829
4091	AT1G19835	6855899	6860563	4664
4092	AT1G19840	6872275	6873358	1083
4093	AT1G19860	6891382	6894752	3370
4094	AT1G19880	6900337	6904155	3818
4095	AT1G19900	6906899	6908805	1906
4096	AT1G19930	6917020	6918138	1118
4097	AT1G19920	6914518	6916823	2305
4098	AT1G19960	6927736	6928656	920
4099	AT1G19970	6931012	6932826	1814
4100	AT1G19980	6933015	6935053	2038
4101	AT1G20030	6945425	6947344	1919
4102	AT1G20060	6950393	6956400	6007
4103	AT1G20065	6956374	6958075	1701
4104	AT1G20070	6958010	6959148	1138
4105	AT1G20100	6969025	6971036	2011
4106	AT1G20090	6966842	6969009	2167
4107	AT1G20110	6971424	6975130	3706
4108	AT1G20120	6975339	6977267	1928
4109	AT1G20130	6977753	6980241	2488
4110	AT1G20132	6981264	6983627	2363
4111	AT1G20135	6984042	6985703	1661
4112	AT1G20180	6996176	6997943	1767
4113	AT1G20200	7001087	7004432	3345
4114	AT1G20220	7004824	7007717	2893
4115	AT1G20225	7007756	7009380	1624
4116	AT1G20230	7009568	7012107	2539
4117	AT1G20240	7012113	7015216	3103
4118	AT1G20270	7020664	7023162	2498
4119	AT1G20280	7023682	7024439	757
4120	AT1G20290	7025548	7029698	4150
4121	AT1G20370	7051577	7053745	2168
4122	AT1G20380	7061442	7065242	3800
4123	AT1G20400	7072192	7076619	4427
4124	AT1G20405	7077116	7077606	490
4125	AT1G20410	7078804	7082566	3762
4126	AT1G20430	7083012	7083910	898
4127	AT1G20460	7090941	7093442	2501
4128	AT1G20470	7094260	7094869	609
4129	AT1G20490	7097211	7099892	2681
4130	AT1G20500	7100502	7102915	2413
4131	AT1G20520	7106922	7107617	695
4132	AT1G20530	7108203	7110634	2431
4133	AT1G20540	7112611	7115362	2751
4134	AT1G20550	7115241	7118331	3090
4135	AT1G20570	7121853	7126559	4706
4136	AT1G20580	7128867	7130799	1932
4137	AT1G20590	7131166	7132465	1299
4138	AT1G20600	7133111	7134454	1343
4139	AT1G20630	7146636	7150180	3544
4140	AT1G20640	7154410	7158287	3877
4141	AT1G20670	7164082	7168041	3959
4142	AT1G20650	7157826	7160590	2764
4143	AT1G20680	7169309	7170856	1547
4144	AT1G20683	7172515	7172835	320
4145	AT1G20687	7173009	7173340	331
4146	AT1G20690	7174438	7176377	1939
4147	AT1G20696	7179273	7181574	2301
4148	AT1G20720	7185288	7192841	7553
4149	AT1G20730	7194172	7195609	1437
4150	AT1G20735	7197491	7198681	1190
4151	AT1G20740	7200332	7201737	1405
4152	AT1G20750	7203302	7209013	5711
4153	AT1G20760	7209298	7214993	5695
4154	AT1G20790	7220880	7222432	1552
4155	AT1G20795	7226310	7227566	1256
4156	AT1G20800	7228718	7230240	1522
4157	AT1G20823	7238693	7239698	1005
4158	AT1G20870	7259023	7261524	2501
4159	AT1G20875	7261481	7261681	200
4160	AT1G20880	7262009	7265555	3546
4161	AT1G20910	7276943	7281236	4293
4162	AT1G20920	7285042	7289943	4901
4163	AT2G04280	1480068	1482089	2021
4164	AT1G20923	7289730	7290390	660
4165	AT1G20925	7289973	7292580	2607
4166	AT2G04300	1493009	1497016	4007
4167	AT1G20950	7297239	7301633	4394
4168	AT1G20970	7313901	7319921	6020
4169	AT1G20990	7330256	7332100	1844
4170	AT1G21060	7371657	7374114	2457
4171	AT1G21065	7374115	7375789	1674
4172	AT1G21070	7375869	7378227	2358
4173	AT1G21080	7378538	7382661	4123
4174	AT1G21090	7384560	7386580	2020
4175	AT1G21140	7404328	7405426	1098
4176	AT1G21150	7406218	7407870	1652
4177	AT1G21160	7407931	7413295	5364
4178	AT1G21200	7421148	7423673	2525
4179	AT1G21245	7436842	7437342	500
4180	AT1G21280	7447490	7448483	993
4181	AT1G21313	7453735	7454256	521
4182	AT1G21320	7462327	7466164	3837
4183	AT1G21323	7466694	7467359	665
4184	AT1G21326	7468765	7469995	1230
4185	AT1G21340	7476022	7476899	877
4186	AT1G21350	7476902	7479258	2356
4187	AT1G21370	7483781	7485666	1885
4188	AT1G21380	7485636	7488780	3144
4189	AT1G21395	7491965	7492351	386
4190	AT1G21400	7493213	7496741	3528
4191	AT1G21410	7496998	7499616	2618
4192	AT1G21440	7502082	7504275	2193
4193	AT1G21470	7516009	7517637	1628
4194	AT1G21475	7523972	7524721	749
4195	AT1G21480	7518946	7521552	2606
4196	AT1G21500	7529705	7531108	1403
4197	AT1G21520	7534019	7534927	908
4198	AT1G21528	7542615	7543077	462
4199	AT1G21540	7548450	7550741	2291
4200	AT1G21550	7552987	7553975	988
4201	AT1G21560	7554671	7557112	2441
4202	AT1G21580	7557140	7565914	8774
4203	AT1G21590	7566229	7570014	3785
4204	AT1G21610	7573830	7578963	5133
4205	AT1G21630	7581008	7588153	7145
4206	AT1G21651	7600805	7604215	3410
4207	AT1G21660	7605620	7609223	3603
4208	AT1G21670	7610241	7612721	2480
4209	AT1G21680	7612834	7615374	2540
4210	AT1G21695	7618862	7619919	1057
4211	AT1G21730	7630107	7636658	6551
4212	AT1G21738	7640992	7641225	233
4213	AT1G21740	7640906	7645240	4334
4214	AT1G21770	7651646	7652288	642
4215	AT1G21780	7651882	7654014	2132
4216	AT1G21790	7654088	7655981	1893
4217	AT1G21810	7656319	7659167	2848
4218	AT1G21830	7660947	7662725	1778
4219	AT1G21835	7665664	7665936	272
4220	AT1G21864	7675502	7675971	469
4221	AT1G21866	7677499	7677959	460
4222	AT1G21920	7704173	7706254	2081
4223	AT1G21925	7710423	7710725	302
4224	AT1G21930	7712819	7714459	1640
4225	AT1G22015	7750994	7753519	2525
4226	AT1G21990	7740530	7742106	1576
4227	AT1G22010	7749571	7750062	491
4228	AT1G22030	7759077	7760929	1852
4229	AT1G22040	7767924	7770216	2292
4230	AT1G22060	7773063	7781539	8476
4231	AT1G22065	7785708	7786477	769
4232	AT1G22080	7792192	7795440	3248
4233	AT1G22100	7798023	7800228	2205
4234	AT1G22110	7800507	7804061	3554
4235	AT1G22120	7806309	7809632	3323
4236	AT1G22140	7814663	7815722	1059
4237	AT1G22160	7823066	7823971	905
4238	AT1G22170	7826268	7828326	2058
4239	AT1G22180	7828326	7830424	2098
4240	AT1G22190	7835781	7837411	1630
4241	AT1G22200	7837563	7840898	3335
4242	AT1G22230	7849776	7851164	1388
4243	AT1G22275	7867067	7872715	5648
4244	AT1G22270	7865435	7866176	741
4245	AT1G22290	7876640	7877962	1322
4246	AT1G22330	7886323	7889534	3211
4247	AT1G22410	7911843	7915004	3161
4248	AT1G22420	7916076	7917518	1442
4249	AT1G22430	7919077	7921893	2816
4250	AT1G22440	7922276	7925097	2821
4251	AT1G22460	7927287	7930657	3370
4252	AT1G22470	7932777	7933604	827
4253	AT1G22480	7933973	7935382	1409
4254	AT1G22490	7938195	7940805	2610
4255	AT1G22510	7950818	7952832	2014
4256	AT1G22530	7955445	7958564	3119
4257	AT1G22520	7952974	7954546	1572
4258	AT1G22540	7963813	7966436	2623
4259	AT1G22550	7966500	7968692	2192
4260	AT1G22570	7976424	7978810	2386
4261	AT1G22600	7987141	7989217	2076
4262	AT1G22610	7994262	7997588	3326
4263	AT1G22630	8003223	8004304	1081
4264	AT1G22660	8017281	8021930	4649
4265	AT1G22670	8021835	8023516	1681
4266	AT1G22690	8027126	8028168	1042
4267	AT1G22700	8028158	8030136	1978
4268	AT1G22720	8044232	8045665	1433
4269	AT1G22730	8046073	8049039	2966
4270	AT1G22750	8050770	8052930	2160
4271	AT1G22790	8069377	8071593	2216
4272	AT1G22800	8071789	8074357	2568
4273	AT1G22810	8074231	8075037	806
4274	AT1G22830	8075996	8079137	3141
4275	AT1G22850	8080482	8082882	2400
4276	AT1G22860	8083184	8089273	6089
4277	AT1G22870	8089267	8094505	5238
4278	AT1G22882	8098392	8101464	3072
4279	AT1G22885	8101424	8102500	1076
4280	AT1G22890	8102728	8103588	860
4281	AT1G22910	8104993	8108361	3368
4282	AT1G22930	8117286	8122151	4865
4283	AT1G22950	8125023	8127286	2263
4284	AT1G22960	8127442	8130456	3014
4285	AT1G22970	8130598	8132435	1837
4286	AT1G22980	8132396	8134388	1992
4287	AT1G23000	8143227	8145174	1947
4288	AT1G23030	8156504	8159185	2681
4289	AT1G23037	8162414	8163149	735
4290	AT1G23040	8164782	8166716	1934
4291	AT1G23050	8168443	8169267	824
4292	AT1G23070	8173823	8175819	1996
4293	AT1G23100	8195776	8196475	699
4294	AT1G23110	8196447	8198331	1884
4295	AT1G23120	8198586	8199616	1030
4296	AT1G23130	8200321	8201246	925
4297	AT1G23140	8202146	8203301	1155
4298	AT1G23160	8209226	8211486	2260
4299	AT1G23170	8212556	8215807	3251
4300	AT1G23180	8215721	8219641	3920
4301	AT1G23190	8219808	8224547	4739
4302	AT1G23200	8227133	8229661	2528
4303	AT1G23201	8230047	8230978	931
4304	AT1G23205	8233953	8235019	1066
4305	AT1G23220	8242369	8244403	2034
4306	AT1G23230	8244418	8251937	7519
4307	AT1G23240	8252702	8254637	1935
4308	AT1G23250	8255127	8256770	1643
4309	AT1G23280	8260608	8262795	2187
4310	AT1G23300	8262939	8266048	3109
4311	AT1G23330	8279554	8282421	2867
4312	AT1G23340	8283644	8286969	3325
4313	AT1G23350	8293020	8294264	1244
4314	AT1G23400	8311984	8315876	3892
4315	AT1G23390	8308965	8310916	1951
4316	AT1G23410	8314853	8315737	884
4317	AT1G23440	8321611	8324497	2886
4318	AT1G23450	8324698	8326697	1999
4319	AT1G23460	8326747	8329782	3035
4320	AT1G23465	8329924	8331104	1180
4321	AT1G23500	8339668	8341072	1404
4322	AT1G23490	8336593	8338827	2234
4323	AT1G23510	8341388	8342796	1408
4324	AT1G23520	8343424	8344839	1415
4325	AT1G23530	8345595	8346733	1138
4326	AT1G23560	8352615	8354619	2004
4327	AT1G23570	8354806	8356507	1701
4328	AT1G23580	8357446	8358805	1359
4329	AT1G23590	8359125	8360645	1520
4330	AT1G23610	8362864	8363675	811
4331	AT1G23640	8366941	8368381	1440
4332	AT1G23650	8371020	8371106	86
4333	AT1G23670	8373239	8375897	2658
4334	AT1G23680	8376687	8377156	469
4335	AT1G23690	8377262	8378769	1507
4336	AT1G23700	8378972	8382290	3318
4337	AT1G23710	8385188	8386522	1334
4338	AT1G23720	8388297	8391623	3326
4339	AT1G23770	8405214	8406266	1052
4340	AT1G23790	8409945	8412079	2134
4341	AT1G23810	8417495	8418566	1071
4342	AT1G23830	8422960	8424088	1128
4343	AT1G23840	8424142	8425385	1243
4344	AT1G23850	8425724	8427235	1511
4345	AT1G23880	8435657	8438811	3154
4346	AT1G23890	8438766	8440866	2100
4347	AT1G23910	8451068	8451289	221
4348	AT1G23915	8457659	8458946	1287
4349	AT1G23935	8461757	8469573	7816
4350	AT2G44970	18548813	18552171	3358
4351	AT1G23950	8469533	8471417	1884
4352	AT2G44920	18524311	18526827	2516
4353	AT2G44930	18529488	18531752	2264
4354	AT2G44980	18552173	18556674	4501
4355	AT2G44990	18558885	18561621	2736
4356	AT2G45010	18567852	18569859	2007
4357	AT2G45030	18572191	18576970	4779
4358	AT2G45060	18584291	18586873	2582
4359	AT2G45100	18595178	18598481	3303
4360	AT2G45220	18644061	18646606	2545
4361	AT2G45270	18666409	18669873	3464
4362	AT2G45290	18672497	18676484	3987
4363	AT2G45300	18677311	18681889	4578
4364	AT2G45320	18684116	18686197	2081
4365	AT2G45340	18691664	18694725	3061
4366	AT2G45380	18699428	18703093	3665
4367	AT2G45460	18736803	18741916	5113
4368	AT2G45500	18749352	18752866	3514
4369	AT2G45540	18757489	18772906	15417
4370	AT2G45620	18792864	18795904	3040
4371	AT2G45670	18814660	18818545	3885
4372	AT2G45700	18826937	18830664	3727
4373	AT2G45720	18833086	18836374	3288
4374	AT2G45730	18836264	18839273	3009
4375	AT2G45750	18842516	18845576	3060
4376	AT2G45810	18859472	18862970	3498
4377	AT2G45840	18869153	18871786	2633
4378	AT2G45850	18871479	18873972	2493
4379	AT2G45870	18875736	18877679	1943
4380	AT2G45910	18894030	18898528	4498
4381	AT2G45920	18898629	18901326	2697
4382	AT2G45990	18919316	18921511	2195
4383	AT2G46040	18935236	18938447	3211
4384	AT2G46060	18941099	18945112	4013
4385	AT2G46160	18962743	18964689	1946
4386	AT2G46170	18965068	18967271	2203
4387	AT2G46200	18974367	18979061	4694
4388	AT2G46250	18991171	18993371	2200
4389	AT2G46290	19005771	19007952	2181
4390	AT2G46308	19011167	19011355	188
4391	AT2G46320	19015808	19018491	2683
4392	AT2G46380	19039024	19042348	3324
4393	AT2G46420	19053470	19057162	3692
4394	AT2G46470	19072277	19075124	2847
4395	AT2G46520	19096413	19100373	3960
4396	AT2G46550	19111961	19114227	2266
4397	AT2G46560	19115322	19125856	10534
4398	AT2G46567	19126641	19126751	110
4399	AT2G46620	19138769	19140849	2080
4400	AT2G46630	19145218	19147147	1929
4401	AT2G46640	19148662	19151080	2418
4402	AT2G46700	19182653	19186812	4159
4403	AT2G46780	19229070	19231539	2469
4404	AT2G46810	19239694	19242772	3078
4405	AT2G46850	19251066	19253484	2418
4406	AT2G46900	19269558	19272263	2705
4407	AT2G46915	19273899	19277773	3874
4408	AT2G46920	19277884	19281811	3927
4409	AT2G46930	19283456	19286400	2944
4410	AT2G47010	19317126	19319397	2271
4411	AT2G47020	19319685	19322507	2822
4412	AT2G47070	19336653	19340869	4216
4413	AT2G47090	19341225	19344343	3118
4414	AT2G47210	19377719	19382436	4717
4415	AT2G47250	19399648	19403044	3396
4416	AT2G47310	19423589	19427277	3688
4417	AT2G47330	19428897	19431821	2924
4418	AT2G47350	19433725	19437544	3819
4419	AT2G47390	19441992	19446365	4373
4420	AT2G47410	19448139	19457303	9164
4421	AT2G47440	19469571	19472006	2435
4422	AT2G47470	19481254	19484015	2761
4423	AT2G47500	19492867	19498189	5322
4424	AT2G47550	19508929	19511792	2863
4425	AT2G47610	19529743	19531677	1934
4426	AT2G47630	19534473	19537074	2601
4427	AT2G47680	19545656	19551171	5515
4428	AT2G47720	19556624	19557139	515
4429	AT2G47790	19570964	19573027	2063
4430	AT2G47820	19587137	19590822	3685
4431	AT2G47830	19590816	19594014	3198
4432	AT2G47850	19595529	19598664	3135
4433	AT2G47885	19605181	19605423	242
4434	AT2G47890	19607996	19610287	2291
4435	AT2G47940	19617986	19622301	4315
4436	AT2G47960	19625459	19629183	3724
4437	AT2G47970	19629217	19631188	1971
4438	AT2G48000	19638812	19641022	2210
4439	AT2G48010	19641351	19643899	2548
4440	AT2G48030	19647523	19650313	2790
4441	AT2G48080	19664990	19667192	2202
4442	AT2G48100	19670378	19673292	2914
4443	AT2G48130	19682456	19686056	3600
4444	AT2G48160	19689324	19696821	7497
4445	AT3G01010	4342	4818	476
4446	AT3G01015	1609	4159	2550
4447	AT3G01040	8723	12697	3974
4448	AT3G01060	16631	18909	2278
4449	AT3G01085	27926	31114	3188
4450	AT3G01130	44045	45809	1764
4451	AT3G01140	46330	48296	1966
4452	AT3G01150	51496	54544	3048
4453	AT3G01160	54524	57541	3017
4454	AT3G01175	59423	62291	2868
4455	AT3G01180	62245	66111	3866
4456	AT3G01185	66151	66980	829
4457	AT3G01230	76631	77411	780
4458	AT3G01250	79297	80173	876
4459	AT3G01260	80003	82182	2179
4460	AT3G01270	82581	84901	2320
4461	AT3G01290	87684	89593	1909
4462	AT3G01300	90396	93588	3192
4463	AT3G01310	93995	102010	8015
4464	AT3G01319	106296	106436	140
4465	AT3G01322	114260	114604	344
4466	AT3G01323	121057	121503	446
4467	AT3G01324	122118	122480	362
4468	AT3G01325	123369	123741	372
4469	AT3G01327	116226	116568	342
4470	AT3G01330	124319	126876	2557
4471	AT3G01329	118849	119178	329
4472	AT3G01331	119546	120010	464
4473	AT3G01340	127303	128994	1691
4474	AT3G01350	134925	137460	2535
4475	AT3G01360	136399	138799	2400
4476	AT3G01380	143880	149880	6000
4477	AT3G01410	153343	155657	2314
4478	AT3G01415	156148	156937	789
4479	AT3G01430	165392	166542	1150
4480	AT3G01450	169597	172045	2448
4481	AT3G01475	183289	183900	611
4482	AT3G01490	190831	193721	2890
4483	AT3G01510	198322	201810	3488
4484	AT3G01513	201887	202754	867
4485	AT3G01516	205314	208220	2906
4486	AT3G01520	208250	210161	1911
4487	AT3G01560	219582	221989	2407
4488	AT3G01570	221939	222827	888
4489	AT3G01572	222968	223081	113
4490	AT3G01580	223332	225682	2350
4491	AT3G01590	225855	228628	2773
4492	AT3G01620	235197	236968	1771
4493	AT3G01630	237119	239113	1994
4494	AT3G01660	245416	246854	1438
4495	AT3G01690	256295	258696	2401
4496	AT3G01710	259639	261883	2244
4497	AT3G01720	262142	265962	3820
4498	AT3G01730	266557	267100	543
4499	AT3G01750	270221	272976	2755
4500	AT3G01760	273248	275304	2056
4501	AT3G01740	267727	269620	1893
4502	AT3G01790	283179	285840	2661
4503	AT3G01800	285871	287950	2079
4504	AT3G01810	288158	292770	4612
4505	AT3G01820	293754	295724	1970
4506	AT3G01830	296024	299263	3239
4507	AT3G01850	299784	302397	2613
4508	AT3G01860	302472	304598	2126
4509	AT3G01870	305131	307226	2095
4510	AT3G01880	307782	309560	1778
4511	AT3G01890	310007	312073	2066
4512	AT3G01920	317336	319121	1785
4513	AT3G01930	319061	321690	2629
4514	AT3G01940	322460	323282	822
4515	AT3G01950	323934	324478	544
4516	AT3G01961	325181	325351	170
4517	AT3G01980	327455	329387	1932
4518	AT3G01990	330099	333132	3033
4519	AT3G02010	337906	340442	2536
4520	AT3G02030	344908	348847	3939
4521	AT3G02060	354360	358833	4473
4522	AT3G02065	358916	360889	1973
4523	AT3G02070	360921	363775	2854
4524	AT3G02090	365537	368911	3374
4525	AT3G02080	363881	365376	1495
4526	AT3G02100	368840	370484	1644
4527	AT3G02120	377025	377713	688
4528	AT3G02160	394044	396343	2299
4529	AT3G02170	396012	399960	3948
4530	AT3G02190	405756	406487	731
4531	AT3G02200	406340	409200	2860
4532	AT3G02242	420107	420936	829
4533	AT3G02245	421772	422732	960
4534	AT3G02250	423791	427095	3304
4535	AT3G02255	426787	426972	185
4536	AT3G02270	448977	451007	2030
4537	AT3G02280	453329	457869	4540
4538	AT3G02290	458156	461063	2907
4539	AT3G02300	461072	464223	3151
4540	AT3G02320	469867	473717	3850
4541	AT3G02330	473774	476662	2888
4542	AT3G02340	477003	478886	1883
4543	AT3G02360	481776	484152	2376
4544	AT3G02370	484256	487839	3583
4545	AT3G02380	487069	489467	2398
4546	AT3G02390	488780	489474	694
4547	AT3G02400	489670	491927	2257
4548	AT3G02420	495884	498964	3080
4549	AT3G02430	499266	500174	908
4550	AT3G02450	502644	505248	2604
4551	AT3G02460	505434	508723	3289
4552	AT3G02480	512220	513036	816
4553	AT3G02490	513478	515925	2447
4554	AT3G02500	519211	521793	2582
4555	AT3G02510	521746	524675	2929
4556	AT3G02530	528526	532612	4086
4557	AT3G02555	539611	541523	1912
4558	AT3G02560	541708	543385	1677
4559	AT3G02590	549175	550682	1507
4560	AT3G02600	550975	554697	3722
4561	AT3G02610	555626	557723	2097
4562	AT3G02630	562030	564870	2840
4563	AT3G02640	564884	565801	917
4564	AT3G02650	568012	570103	2091
4565	AT3G02670	573780	574702	922
4566	AT3G02673	573850	574198	348
4567	AT3G02690	579586	581611	2025
4568	AT3G02700	581541	582949	1408
4569	AT3G02710	583113	585948	2835
4570	AT3G02740	590425	593228	2803
4571	AT3G02750	593207	596562	3355
4572	AT3G02760	597105	600783	3678
4573	AT3G02770	600849	602399	1550
4574	AT3G02790	604785	605496	711
4575	AT3G02810	608437	611139	2702
4576	AT3G02820	611490	613522	2032
4577	AT3G02840	618398	619686	1288
4578	AT3G02860	625163	627491	2328
4579	AT3G02880	634465	637284	2819
4580	AT3G02890	640169	645692	5523
4581	AT3G02900	645710	647684	1974
4582	AT3G02910	649814	650921	1107
4583	AT3G02930	654779	658637	3858
4584	AT3G02975	669175	669526	351
4585	AT3G03010	678182	680605	2423
4586	AT3G03020	680944	681999	1055
4587	AT3G03030	682054	684083	2029
4588	AT3G03040	684389	686639	2250
4589	AT3G03060	691934	695675	3741
4590	AT3G03070	696242	698164	1922
4591	AT3G03080	698325	700332	2007
4592	AT3G03100	705381	707697	2316
4593	AT3G03110	708698	717093	8395
4594	AT3G03130	721291	723784	2493
4595	AT3G03140	723878	727531	3653
4596	AT3G03150	727516	729638	2122
4597	AT3G03160	729766	730752	986
4598	AT3G03170	731862	732914	1052
4599	AT3G03180	733253	734662	1409
4600	AT3G03210	740704	742309	1605
4601	AT3G03240	746655	748631	1976
4602	AT3G03250	749309	754161	4852
4603	AT3G03270	761004	763369	2365
4604	AT3G03272	763657	764437	780
4605	AT3G03280	765420	766387	967
4606	AT3G03300	767880	776214	8334
4607	AT3G03310	778568	781703	3135
4608	AT3G03305	775368	778396	3028
4609	AT3G03320	781715	783464	1749
4610	AT3G03330	783332	786209	2877
4611	AT3G03341	790130	790693	563
4612	AT3G03350	791183	794812	3629
4613	AT3G03360	794906	797013	2107
4614	AT3G03370	797254	799148	1894
4615	AT3G03400	808745	809158	413
4616	AT3G03405	809875	810795	920
4617	AT3G03410	811324	811719	395
4618	AT3G03430	814181	814888	707
4619	AT3G03440	815550	818876	3326
4620	AT3G03510	836039	837707	1668
4621	AT3G03560	852889	856643	3754
4622	AT3G03570	856876	860469	3593
4623	AT3G03580	860512	863428	2916
4624	AT3G03610	868741	871837	3096
4625	AT3G03620	873749	876800	3051
4626	AT3G03640	880988	884157	3169
4627	AT3G03680	907384	910928	3544
4628	AT3G03700	916435	918490	2055
4629	AT3G03726	933341	934464	1123
4630	AT3G03730	935139	936320	1181
4631	AT3G03770	945077	949238	4161
4632	AT3G03773	951628	954055	2427
4633	AT3G03776	954021	955371	1350
4634	AT3G03790	961750	968152	6402
4635	AT3G03826	978265	978570	305
4636	AT3G03828	979379	979900	521
4637	AT3G03870	995062	997410	2348
4638	AT3G03890	999350	1002595	3245
4639	AT3G03910	1006780	1009018	2238
4640	AT3G03930	1011310	1012810	1500
4641	AT3G03940	1013929	1019418	5489
4642	AT3G03960	1024144	1027891	3747
4643	AT3G03970	1027866	1030677	2811
4644	AT3G03980	1031660	1033237	1577
4645	AT3G04010	1036194	1039603	3409
4646	AT3G04020	1040331	1042547	2216
4647	AT3G04040	1047640	1049444	1804
4648	AT3G04050	1049653	1051608	1955
4649	AT3G04080	1067558	1071438	3880
4650	AT3G04140	1086516	1089416	2900
4651	AT3G04150	1089417	1090468	1051
4652	AT3G04160	1091089	1094348	3259
4653	AT3G04170	1094621	1095665	1044
4654	AT3G04180	1097475	1098422	947
4655	AT3G04181	1098825	1099529	704
4656	AT3G04184	1100085	1100246	161
4657	AT3G04210	1105650	1108252	2602
4658	AT3G04220	1108725	1112437	3712
4659	AT3G04230	1112871	1113859	988
4660	AT3G04250	1121950	1122828	878
4661	AT3G04270	1127681	1128125	444
4662	AT3G04300	1140129	1141060	931
4663	AT3G04310	1141043	1142652	1609
4664	AT3G04330	1145723	1146516	793
4665	AT3G04350	1153723	1156876	3153
4666	AT3G04390	1165375	1165765	390
4667	AT3G04410	1168837	1169205	368
4668	AT3G04440	1178505	1180943	2438
4669	AT3G04443	1178508	1181205	2697
4670	AT3G04450	1181706	1186444	4738
4671	AT3G04470	1189595	1192659	3064
4672	AT3G04480	1193540	1197421	3881
4673	AT3G04490	1200331	1209970	9639
4674	AT3G04500	1211762	1213907	2145
4675	AT3G04520	1217174	1219847	2673
4676	AT3G04540	1223251	1223789	538
4677	AT3G04545	1224909	1225397	488
4678	AT3G04560	1227360	1229763	2403
4679	AT3G04590	1238853	1241804	2951
4680	AT3G04600	1242929	1246211	3282
4681	AT3G04650	1261857	1264687	2830
4682	AT3G04660	1264724	1265966	1242
4683	AT3G04700	1276668	1277824	1156
4684	AT3G04750	1300879	1303389	2510
4685	AT3G04760	1303419	1305950	2531
4686	AT3G04780	1310998	1313090	2092
4687	AT3G04820	1321228	1326005	4777
4688	AT3G04830	1326121	1329364	3243
4689	AT3G04840	1329571	1331642	2071
4690	AT3G04850	1331898	1336076	4178
4691	AT3G04854	1336905	1337620	715
4692	AT3G04855	1337786	1338113	327
4693	AT3G04890	1347559	1350122	2563
4694	AT3G04900	1349248	1349964	716
4695	AT3G04903	1350510	1350989	479
4696	AT3G04930	1362497	1364799	2302
4697	AT3G04950	1371636	1373524	1888
4698	AT3G04960	1373688	1375989	2301
4699	AT3G04970	1376154	1378500	2346
4700	AT3G04980	1378495	1383060	4565
4701	AT3G04990	1383953	1384679	726
4702	AT3G05035	1398717	1399887	1170
4703	AT3G05050	1408557	1412194	3637
4704	AT3G05060	1412867	1416056	3189
4705	AT3G05080	1417907	1418280	373
4706	AT3G05100	1424057	1426563	2506
4707	AT3G05130	1433128	1435526	2398
4708	AT3G05150	1440014	1443730	3716
4709	AT3G05155	1448196	1452215	4019
4710	AT3G05160	1453072	1457295	4223
4711	AT3G05165	1457381	1462963	5582
4712	AT3G05170	1466483	1468400	1917
4713	AT3G05180	1468398	1470624	2226
4714	AT3G05190	1471083	1475832	4749
4715	AT3G05220	1488329	1491772	3443
4716	AT3G05230	1492084	1495397	3313
4717	AT3G05250	1495572	1497523	1951
4718	AT3G05260	1497483	1499096	1613
4719	AT3G05270	1500368	1503481	3113
4720	AT3G05280	1503689	1505721	2032
4721	AT3G05300	1508024	1508611	587
4722	AT3G05320	1513062	1515568	2506
4723	AT3G05327	1517409	1518599	1190
4724	AT3G05340	1523463	1526166	2703
4725	AT3G05350	1526963	1533909	6946
4726	AT3G05365	1534283	1535422	1139
4727	AT3G05390	1546443	1548679	2236
4728	AT3G05400	1549446	1554219	4773
4729	AT3G05410	1554673	1561535	6862
4730	AT3G05425	1567474	1567605	131
4731	AT3G05430	1567624	1571218	3594
4732	AT3G05440	1572718	1573266	548
4733	AT3G05450	1573909	1576418	2509
4734	AT3G05470	1579419	1583073	3654
4735	AT3G05500	1593182	1595099	1917
4736	AT3G05510	1595196	1598344	3148
4737	AT3G05540	1606487	1608030	1543
4738	AT3G05545	1609050	1612607	3557
4739	AT3G05550	1612690	1614027	1337
4740	AT3G05570	1616102	1617339	1237
4741	AT3G05610	1625528	1628175	2647
4742	AT3G05620	1629488	1631818	2330
4743	AT3G05625	1632213	1634205	1992
4744	AT3G05640	1640350	1643253	2903
4745	AT3G05670	1653264	1657222	3958
4746	AT3G05675	1657758	1660429	2671
4747	AT3G05685	1673015	1674908	1893
4748	AT3G05700	1681817	1684597	2780
4749	AT3G05727	1693548	1694140	592
4750	AT3G05760	1707797	1710038	2241
4751	AT3G05730	1695156	1696708	1552
4752	AT3G05741	1701378	1702180	802
4753	AT3G05746	1703250	1703611	361
4754	AT3G05770	1710013	1712225	2212
4755	AT3G05775	1714041	1714822	781
4756	AT3G05790	1719958	1725268	5310
4757	AT3G05810	1730966	1732656	1690
4758	AT3G05830	1736307	1738749	2442
4759	AT3G05858	1749342	1749970	628
4760	AT3G05860	1751385	1752407	1022
4761	AT3G05900	1761205	1763984	2779
4762	AT3G05910	1764253	1767843	3590
4763	AT3G05920	1768779	1769806	1027
4764	AT3G05935	1770911	1773461	2550
4765	AT3G05936	1773812	1774594	782
4766	AT3G05937	1775766	1776840	1074
4767	AT3G05940	1777213	1780254	3041
4768	AT3G05975	1792010	1792745	735
4769	AT3G05990	1796839	1800082	3243
4770	AT3G06000	1801446	1802081	635
4771	AT3G06019	1813114	1813224	110
4772	AT3G06035	1822904	1824309	1405
4773	AT3G06040	1824317	1825740	1423
4774	AT3G06070	1830970	1832190	1220
4775	AT3G06085	1837623	1838159	536
4776	AT3G06090	1840714	1841012	298
4777	AT3G06130	1852808	1855197	2389
4778	AT3G06145	1859822	1860797	975
4779	AT3G06150	1861759	1864566	2807
4780	AT3G06160	1864273	1867415	3142
4781	AT3G06170	1867415	1869963	2548
4782	AT3G06180	1871558	1874044	2486
4783	AT3G06200	1877514	1879379	1865
4784	AT3G06210	1879985	1883491	3506
4785	AT3G06250	1888834	1892830	3996
4786	AT3G06270	1895858	1898061	2203
4787	AT3G06280	1898155	1898751	596
4788	AT3G06310	1912805	1914442	1637
4789	AT3G06320	1914506	1915375	869
4790	AT3G06330	1917131	1919984	2853
4791	AT3G06340	1920137	1923738	3601
4792	AT3G06370	1929946	1934073	4127
4793	AT3G06390	1938335	1939853	1518
4794	AT3G06410	1947012	1949916	2904
4795	AT3G06435	1968288	1970946	2658
4796	AT3G06436	1970340	1970996	656
4797	AT3G06440	1972622	1975760	3138
4798	AT3G06450	1975915	1980110	4195
4799	AT3G06455	1980542	1982162	1620
4800	AT3G06480	1985338	1990245	4907
4801	AT3G06520	2019849	2022102	2253
4802	AT3G06530	2022433	2033912	11479
4803	AT3G06545	2038312	2038977	665
4804	AT3G06590	2052693	2055666	2973
4805	AT3G06600	2055623	2060585	4962
4806	AT3G06610	2060615	2062153	1538
4807	AT3G06620	2062131	2067417	5286
4808	AT3G06630	2069369	2074087	4718
4809	AT3G06640	2074185	2078613	4428
4810	AT3G06660	2102316	2104908	2592
4811	AT3G06670	2105399	2113698	8299
4812	AT3G06680	2114151	2114948	797
4813	AT3G06690	2115426	2116825	1399
4814	AT3G06700	2117127	2118074	947
4815	AT3G06710	2118169	2120181	2012
4816	AT3G06750	2129551	2130451	900
4817	AT3G06760	2132758	2134665	1907
4818	AT3G06770	2134773	2137641	2868
4819	AT3G06778	2140026	2141547	1521
4820	AT3G06830	2153864	2156299	2435
4821	AT3G06840	2156736	2157916	1180
4822	AT3G06868	2167730	2169222	1492
4823	AT3G06870	2167847	2168960	1113
4824	AT3G06880	2169768	2175771	6003
4825	AT3G06890	2176788	2177616	828
4826	AT3G06895	2178129	2178291	162
4827	AT3G06920	2181346	2185126	3780
4828	AT3G06950	2192685	2194321	1636
4829	AT3G06970	2199632	2201150	1518
4830	AT3G06980	2201432	2205171	3739
4831	AT3G06990	2206387	2208058	1671
4832	AT3G07000	2209405	2211515	2110
4833	AT3G07010	2212289	2216483	4194
4834	AT3G07030	2222526	2225522	2996
4835	AT3G07070	2237897	2240266	2369
4836	AT3G07080	2241002	2243124	2122
4837	AT3G07110	2251946	2253597	1651
4838	AT3G07120	2254479	2255742	1263
4839	AT3G07140	2261104	2264064	2960
4840	AT3G07150	2263806	2264721	915
4841	AT3G07170	2280194	2282339	2145
4842	AT3G07180	2282233	2285549	3316
4843	AT3G07190	2285777	2287592	1815
4844	AT3G07200	2290652	2292660	2008
4845	AT3G07210	2292753	2295680	2927
4846	AT3G07250	2303075	2306615	3540
4847	AT3G07255	2307082	2308456	1374
4848	AT3G07260	2309609	2310983	1374
4849	AT3G07270	2313998	2317364	3366
4850	AT3G07273	2317616	2317926	310
4851	AT3G07290	2321546	2324568	3022
4852	AT3G07300	2324603	2327659	3056
4853	AT3G07310	2327818	2329926	2108
4854	AT3G07320	2332004	2334185	2181
4855	AT3G07340	2340845	2343697	2852
4856	AT3G07350	2347186	2348791	1605
4857	AT3G07380	2360988	2362824	1836
4858	AT3G07400	2367222	2372445	5223
4859	AT3G07425	2378219	2378805	586
4860	AT3G07440	2381188	2383369	2181
4861	AT3G07450	2383442	2383937	495
4862	AT3G07470	2386611	2388696	2085
4863	AT3G07480	2388703	2389823	1120
4864	AT3G07510	2393686	2394694	1008
4865	AT3G07522	2398746	2398874	128
4866	AT3G07530	2400534	2404499	3965
4867	AT3G07540	2404493	2407634	3141
4868	AT3G07550	2409477	2411329	1852
4869	AT3G07565	2413623	2416284	2661
4870	AT3G07568	2416243	2417822	1579
4871	AT3G07570	2418049	2420331	2282
4872	AT3G07580	2420838	2422825	1987
4873	AT3G07610	2425884	2433113	7229
4874	AT3G07590	2423051	2424594	1543
4875	AT3G07600	2424117	2425022	905
4876	AT3G07620	2433222	2435015	1793
4877	AT3G07650	2441565	2444532	2967
4878	AT3G07640	2438015	2439938	1923
4879	AT3G07660	2444688	2450659	5971
4880	AT3G07670	2451564	2455100	3536
4881	AT3G07690	2457027	2459552	2525
4882	AT3G07700	2459491	2463965	4474
4883	AT3G07710	2464336	2464773	437
4884	AT3G07720	2465235	2467270	2035
4885	AT3G07730	2467862	2469801	1939
4886	AT3G07750	2473194	2475575	2381
4887	AT3G07760	2476306	2478715	2409
4888	AT3G07790	2487313	2489386	2073
4889	AT3G07810	2492260	2495959	3699
4890	AT2G06500	2580718	2583223	2505
4891	AT2G06541	2598222	2600326	2104
4892	AT2G06570	2622603	2624902	2299
4893	AT2G06667	2660527	2660715	188
4894	AT2G06675	2705042	2705476	434
4895	AT2G06845	2753443	2756008	2565
4896	AT2G06960	2867672	2870352	2680
4897	AT2G07020	2908473	2911198	2725
4898	AT2G07140	2957516	2959851	2335
4899	AT2G07170	2975025	2979266	4241
4900	AT2G07180	2980820	2983657	2837
4901	AT2G07240	3007102	3012333	5231
4902	AT2G07280	3026398	3029353	2955
4903	AT2G07360	3047252	3057214	9962
4904	AT2G07599	3348796	3351212	2416
4905	AT2G07617	3262523	3262587	64
4906	AT2G07625	3284067	3284616	549
4907	AT2G07632	3323573	3323990	417
4908	AT2G07642	3400797	3400838	41
4909	AT2G07644	3405496	3405863	367
4910	AT2G07656	3458281	3461448	3167
4911	AT2G07661	3484182	3484585	403
4912	AT2G07667	3364296	3366661	2365
4913	AT2G07676	3272619	3272975	356
4914	AT3G07850	2505546	2507558	2012
4915	AT2G07691	3339740	3340317	577
4916	AT2G07698	3361463	3364127	2664
4917	AT2G07705	3380744	3380944	200
4918	AT2G07706	3381463	3386102	4639
4919	AT2G07707	3386292	3386768	476
4920	AT2G07713	3407218	3407586	368
4921	AT2G07715	3410597	3413161	2564
4922	AT2G07718	3424685	3430483	5798
4923	AT2G07722	3438742	3439161	419
4924	AT2G07727	3449534	3452776	3242
4925	AT2G07728	3453686	3456127	2441
4926	AT2G07749	3247003	3249357	2354
4927	AT2G07750	3576465	3580525	4060
4928	AT2G07751	3270008	3270364	356
4929	AT2G07768	3273584	3274154	570
4930	AT2G07777	3249396	3251545	2149
4931	AT2G07798	3357619	3361102	3483
4932	AT2G07800	3589410	3590008	598
4933	AT2G07806	3484627	3489670	5043
4934	AT2G07815	3443688	3446183	2495
4935	AT2G07830	3476156	3476278	122
4936	AT2G07981	3614986	3617716	2730
4937	AT2G08986	3618058	3626460	8402
4938	AT2G09838	3703304	3703492	188
4939	AT2G10020	3797230	3797430	200
4940	AT2G10260	3938527	3941240	2713
4941	AT2G10440	4013752	4018046	4294
4942	AT2G10557	4106183	4106356	173
4943	AT2G10625	4295362	4300871	5509
4944	AT2G10920	4301708	4302134	426
4945	AT2G10950	4314243	4317882	3639
4946	AT2G10955	4323589	4324032	443
4947	AT2G11010	4361869	4365919	4050
4948	AT2G11035	4416920	4419072	2152
4949	AT2G11205	4458154	4458399	245
4950	AT2G11225	4478424	4483467	5043
4951	AT2G11620	4658445	4660777	2332
4952	AT2G11773	4724036	4724143	107
4953	AT2G11778	4728072	4728239	167
4954	AT2G11851	4785961	4790030	4069
4955	AT2G11891	4804391	4804558	167
4956	AT2G11910	4805480	4807441	1961
4957	AT2G12205	4901120	4901343	223
4958	AT2G12400	5004884	5008442	3558
4959	AT2G12461	5049953	5050087	134
4960	AT2G12646	5166984	5169303	2319
4961	AT2G12875	5289411	5291470	2059
4962	AT2G12905	5296364	5296582	218
4963	AT2G13125	5415891	5416317	426
4964	AT2G13290	5511562	5513838	2276
4965	AT3G07860	2507880	2509589	1709
4966	AT2G13422	5588218	5588322	104
4967	AT2G13440	5592838	5598412	5574
4968	AT2G13463	5609569	5610324	755
4969	AT3G07870	2510570	2512479	1909
4970	AT3G07890	2516271	2519545	3274
4971	AT2G13690	5706472	5709017	2545
4972	AT2G13840	5788445	5791128	2683
4973	AT2G13900	5833039	5835209	2170
4974	AT2G14045	5906420	5908429	2009
4975	AT2G14060	5914414	5916436	2022
4976	AT2G14080	5925119	5929902	4783
4977	AT2G14255	6036804	6041097	4293
4978	AT2G14289	6056913	6057020	107
4979	AT2G14378	6104752	6105252	500
4980	AT2G14440	6143073	6147419	4346
4981	AT2G14510	6170942	6175095	4153
4982	AT2G14520	6181946	6184910	2964
4983	AT2G14530	6187371	6190380	3009
4984	AT2G14680	6277802	6283940	6138
4985	AT2G14690	6283801	6286055	2254
4986	AT2G14695	6289477	6292620	3143
4987	AT2G14700	6292466	6295726	3260
4988	AT2G14835	6366879	6371126	4247
4989	AT2G14846	6382368	6382810	442
4990	AT2G14860	6387581	6389668	2087
4991	AT2G14910	6406389	6409167	2778
4992	AT2G15020	6491425	6493512	2087
4993	AT2G15025	6501126	6501704	578
4994	AT2G15110	6554847	6557168	2321
4995	AT2G15240	6615456	6619074	3618
4996	AT2G15260	6630528	6634008	3480
4997	AT2G15280	6639973	6642353	2380
4998	AT2G15300	6649115	6652232	3117
4999	AT2G15340	6677225	6677928	703
5000	AT2G15420	6723948	6728183	4235
5001	AT2G15560	6787866	6790215	2349
5002	AT2G15630	6814453	6816568	2115
5003	AT2G15690	6830995	6833777	2782
5004	AT2G15695	6833880	6836538	2658
5005	AT2G15710	6842648	6845103	2455
5006	AT2G15730	6849452	6852214	2762
5007	AT2G15790	6877774	6880898	3124
5008	AT2G15860	6905379	6909498	4119
5009	AT2G15880	6917514	6920319	2805
5010	AT2G15900	6927024	6932791	5767
5011	AT2G15910	6932406	6935514	3108
5012	AT2G16016	6971075	6971330	255
5013	AT2G16019	6973172	6973282	110
5014	AT2G16050	6980218	6982132	1914
5015	AT2G16210	7026761	7029175	2414
5016	AT2G16225	7033940	7034317	377
5017	AT2G16230	7035378	7038395	3017
5018	AT2G16250	7039682	7043354	3672
5019	AT2G16270	7045538	7048544	3006
5020	AT2G16280	7050799	7052951	2152
5021	AT2G16340	7073134	7073484	350
5022	AT2G16365	7074119	7079519	5400
5023	AT2G16370	7081763	7084865	3102
5024	AT2G16380	7085698	7089248	3550
5025	AT2G16405	7105339	7109089	3750
5026	AT2G16460	7133387	7135812	2425
5027	AT3G07900	2520701	2523115	2414
5028	AT2G16490	7146000	7147981	1981
5029	AT2G16510	7158991	7160934	1943
5030	AT2G16530	7162931	7165410	2479
5031	AT2G16580	7184422	7187009	2587
5032	AT2G16594	7197774	7198082	308
5033	AT2G16595	7198127	7200385	2258
5034	AT2G16630	7209108	7211134	2026
5035	AT2G16660	7218654	7221890	3236
5036	AT2G16650	7215591	7218558	2967
5037	AT2G16710	7248138	7250308	2170
5038	AT2G16730	7261783	7266346	4563
5039	AT2G16750	7271012	7274754	3742
5040	AT2G16860	7303812	7306675	2863
5041	AT2G16870	7307970	7311796	3826
5042	AT2G16880	7312051	7314576	2525
5043	AT2G16890	7316789	7319243	2454
5044	AT2G16900	7323570	7326317	2747
5045	AT2G16940	7342607	7347464	4857
5046	AT2G16950	7353773	7361256	7483
5047	AT2G16960	7364683	7368963	4280
5048	AT2G16980	7376199	7381165	4966
5049	AT2G16990	7382805	7387976	5171
5050	AT2G17000	7388893	7392302	3409
5051	AT2G17010	7392762	7395985	3223
5052	AT2G17020	7396281	7398885	2604
5053	AT2G17030	7399056	7400970	1914
5054	AT2G17033	7401117	7403661	2544
5055	AT2G17050	7410704	7415802	5098
5056	AT2G17060	7422336	7427119	4783
5057	AT2G17110	7442707	7446099	3392
5058	AT2G17140	7462809	7466898	4089
5059	AT2G17190	7477845	7481690	3845
5060	AT3G07930	2526513	2528639	2126
5061	AT2G17210	7485398	7487608	2210
5062	AT2G17280	7513128	7515117	1989
5063	AT2G17270	7510097	7512502	2405
5064	AT2G17290	7516330	7519662	3332
5065	AT2G17320	7533455	7536004	2549
5066	AT2G17340	7541313	7544383	3070
5067	AT2G17360	7546440	7548406	1966
5068	AT2G17410	7558916	7563781	4865
5069	AT2G17442	7573812	7575951	2139
5070	AT2G17500	7606728	7609278	2550
5071	AT2G17510	7609236	7616342	7106
5072	AT2G17525	7623826	7626186	2360
5073	AT2G17530	7626325	7629149	2824
5074	AT3G07940	2528997	2531573	2576
5075	AT2G17580	7646372	7650387	4015
5076	AT2G17590	7651015	7653219	2204
5077	AT2G17650	7670878	7673152	2274
5078	AT2G17670	7674319	7676276	1957
5079	AT2G17695	7682781	7685202	2421
5080	AT2G17760	7713234	7716505	3271
5081	AT2G17787	7731075	7733137	2062
5082	AT2G17930	7784288	7802604	18316
5083	AT2G17970	7818818	7821387	2569
5084	AT2G17972	7821585	7822330	745
5085	AT2G18000	7828976	7830898	1922
5086	AT2G17990	7826811	7828827	2016
5087	AT2G18025	7838773	7839199	426
5088	AT2G18090	7864175	7867820	3645
5089	AT3G07950	2531773	2534545	2772
5090	AT2G18100	7867828	7871801	3973
5091	AT2G18180	7910703	7913861	3158
5092	AT2G18190	7913955	7915872	1917
5093	AT2G18193	7917413	7919345	1932
5094	AT2G18196	7920440	7922593	2153
5095	AT2G18220	7928015	7931953	3938
5096	AT2G18245	7936990	7939664	2674
5097	AT2G18330	7965635	7969108	3473
5098	AT2G18360	7976700	7979430	2730
5099	AT2G18410	7990618	7992774	2156
5100	AT2G18465	8002891	8004866	1975
5101	AT2G18480	8009101	8011277	2176
5102	AT2G18540	8042096	8045033	2937
5103	AT2G18560	8059106	8061073	1967
5104	AT2G18570	8063023	8065015	1992
5105	AT2G18630	8080354	8082901	2547
5106	AT2G18685	8094824	8095027	203
5107	AT2G18690	8097420	8099393	1973
5108	AT2G18720	8114785	8117085	2300
5109	AT2G18721	8116999	8117106	107
5110	AT2G18750	8125128	8128702	3574
5111	AT2G18770	8134566	8136646	2080
5112	AT2G18830	8156204	8156401	197
5113	AT2G18840	8158106	8160091	1985
5114	AT2G18850	8160600	8163762	3162
5115	AT2G18860	8163942	8166006	2064
5116	AT2G18876	8169546	8172523	2977
5117	AT2G18940	8203705	8206478	2773
5118	AT2G18890	8183638	8186851	3213
5119	AT2G18900	8188237	8192536	4299
5120	AT2G18950	8207199	8210513	3314
5121	AT2G18980	8233335	8235440	2105
5122	AT2G19010	8242951	8245581	2630
5123	AT2G19050	8253333	8255676	2343
5124	AT2G19060	8256921	8260545	3624
5125	AT2G19080	8262696	8265138	2442
5126	AT2G19120	8286625	8292498	5873
5127	AT2G19130	8293640	8296485	2845
5128	AT2G19150	8305100	8307580	2480
5129	AT2G19160	8309533	8314008	4475
5130	AT2G19190	8326049	8329944	3895
5131	AT2G19210	8335639	8339307	3668
5132	AT2G19230	8343452	8348431	4979
5133	AT2G19260	8356092	8360212	4120
5134	AT2G19280	8362387	8366144	3757
5135	AT2G19300	8368040	8368219	179
5136	AT2G19320	8370691	8371108	417
5137	AT2G19340	8373766	8375955	2189
5138	AT2G19360	8378664	8383374	4710
5139	AT2G19380	8383807	8387012	3205
5140	AT2G19400	8399100	8402664	3564
5141	AT2G19420	8411701	8413883	2182
5142	AT2G19440	8418078	8420195	2117
5143	AT2G19540	8461748	8464534	2786
5144	AT2G19610	8483940	8486086	2146
5145	AT2G19650	8493469	8495892	2423
5146	AT2G19660	8496602	8498807	2205
5147	AT2G19680	8500946	8502955	2009
5148	AT2G19710	8506130	8510081	3951
5149	AT2G19780	8522678	8525238	2560
5150	AT2G19870	8575785	8578002	2217
5151	AT2G19880	8581088	8585500	4412
5152	AT2G19890	8586050	8589637	3587
5153	AT2G19910	8595605	8600931	5326
5154	AT2G19930	8607340	8612648	5308
5155	AT2G19940	8612926	8616117	3191
5156	AT2G20010	8637663	8641631	3968
5157	AT2G20050	8649434	8654819	5385
5158	AT2G20060	8658981	8661558	2577
5159	AT2G20080	8662892	8665026	2134
5160	AT2G20100	8677960	8682175	4215
5161	AT2G20110	8683979	8687283	3304
5162	AT2G20150	8697300	8699299	1999
5163	AT2G20170	8701013	8704357	3344
5164	AT2G20190	8711579	8719115	7536
5165	AT2G20210	8721325	8725127	3802
5166	AT2G20230	8725541	8727742	2201
5167	AT2G20270	8737705	8739677	1972
5168	AT2G20280	8739740	8742650	2910
5169	AT2G20330	8772653	8775668	3015
5170	AT2G20360	8785960	8789570	3610
5171	AT2G20370	8791939	8794401	2462
5172	AT2G20390	8796185	8798293	2108
5173	AT2G20400	8799041	8801991	2950
5174	AT2G20410	8802091	8804422	2331
5175	AT2G20420	8805342	8808171	2829
5176	AT2G20440	8810644	8813696	3052
5177	AT2G20463	8823669	8824150	481
5178	AT2G20470	8826017	8829771	3754
5179	AT2G20495	8832957	8835263	2306
5180	AT2G20540	8844079	8846095	2016
5181	AT2G20560	8848130	8850111	1981
5182	AT2G20570	8855302	8857758	2456
5183	AT2G20580	8858962	8864865	5903
5184	AT2G20590	8867040	8869329	2289
5185	AT2G20619	8891191	8891391	200
5186	AT2G20635	8900360	8903698	3338
5187	AT2G20710	8925926	8927844	1918
5188	AT2G20720	8927822	8930120	2298
5189	AT2G20725	8933317	8935496	2179
5190	AT2G20740	8935537	8937554	2017
5191	AT2G20760	8942750	8945244	2494
5192	AT2G20780	8947242	8949429	2187
5193	AT2G20784	8949615	8949874	259
5194	AT2G20790	8949453	8952874	3421
5195	AT2G20830	8968195	8970739	2544
5196	AT2G20870	8981927	8982712	785
5197	AT2G20873	8982123	8982194	71
5198	AT2G20921	9000025	9000228	203
5199	AT2G20950	9002843	9005944	3101
5200	AT2G20980	9011344	9013963	2619
5201	AT2G21090	9045440	9047646	2206
5202	AT2G21105	9048192	9048203	11
5203	AT2G21120	9051725	9054821	3096
5204	AT2G21160	9068252	9070473	2221
5205	AT2G21190	9080760	9083009	2249
5206	AT2G21230	9093136	9096414	3278
5207	AT2G21235	9096527	9098767	2240
5208	AT2G21250	9103136	9105187	2051
5209	AT2G21280	9110136	9112776	2640
5210	AT2G21300	9114032	9119977	5945
5211	AT2G21340	9132381	9136787	4406
5212	AT2G21370	9137451	9140142	2691
5213	AT2G21385	9149577	9151970	2393
5214	AT2G21390	9151940	9156906	4966
5215	AT2G21410	9162516	9168556	6040
5216	AT2G21420	9169713	9171746	2033
5217	AT2G21440	9173384	9179166	5782
5218	AT2G21450	9179410	9183037	3627
5219	AT2G21500	9207432	9210231	2799
5220	AT2G21510	9210623	9213102	2479
5221	AT2G21520	9215519	9219236	3717
5222	AT2G21540	9220505	9224496	3991
5223	AT2G21550	9226917	9230205	3288
5224	AT2G21610	9245038	9247052	2014
5225	AT2G21630	9250298	9253915	3617
5226	AT2G21710	9270784	9273444	2660
5227	AT2G21720	9273696	9276961	3265
5228	AT2G21830	9303713	9306025	2312
5229	AT2G21840	9307024	9310358	3334
5230	AT2G21850	9315204	9318238	3034
5231	AT2G21920	9343410	9347159	3749
5232	AT2G21960	9354842	9357091	2249
5233	AT2G21980	9358882	9359061	179
5234	AT2G22070	9383397	9386266	2869
5235	AT2G22100	9391554	9393594	2040
5236	AT2G22120	9393791	9397098	3307
5237	AT2G22155	9423833	9424243	410
5238	AT2G22241	9454244	9454399	155
5239	AT2G22260	9460918	9463561	2643
5240	AT2G22270	9463592	9465522	1930
5241	AT2G22400	9504659	9508895	4236
5242	AT2G22426	9516910	9517386	476
5243	AT2G22465	9533559	9533988	429
5244	AT2G22500	9562774	9564850	2076
5245	AT2G22530	9572768	9577616	4848
5246	AT2G22620	9604772	9610661	5889
5247	AT2G22630	9618207	9622163	3956
5248	AT2G22650	9624505	9627072	2567
5249	AT2G22660	9627342	9631283	3941
5250	AT2G22720	9657339	9660803	3464
5251	AT2G22730	9660858	9664133	3275
5252	AT2G22740	9662638	9667038	4400
5253	AT2G22750	9671673	9673928	2255
5254	AT2G22810	9717602	9719594	1992
5255	AT2G22880	9741119	9741463	344
5256	AT2G22900	9744146	9746435	2289
5257	AT2G22960	9770894	9772977	2083
5258	AT2G22990	9786087	9790335	4248
5259	AT2G23060	9812771	9814738	1967
5260	AT2G23070	9823642	9826898	3256
5261	AT2G23093	9832032	9834739	2707
5262	AT2G23100	9837120	9839824	2704
5263	AT2G23118	9841882	9842025	143
5264	AT2G23200	9879275	9881924	2649
5265	AT2G23210	9881260	9883397	2137
5266	AT2G23230	9892181	9895430	3249
5267	AT2G23300	9914246	9917427	3181
5268	AT2G23310	9917443	9919379	1936
5269	AT2G23321	9926378	9926518	140
5270	AT2G23348	9940742	9942932	2190
5271	AT2G23360	9948594	9952896	4302
5272	AT2G23370	9952867	9955149	2282
5273	AT2G23390	9960365	9963646	3281
5274	AT2G23460	9995465	9999122	3657
5275	AT2G23450	9988678	9992010	3332
5276	AT2G23520	10013904	10017373	3469
5277	AT2G23530	10020461	10022947	2486
5278	AT2G23540	10024150	10026258	2108
5279	AT2G23620	10047308	10049413	2105
5280	AT2G23700	10076366	10080323	3957
5281	AT2G23780	10122497	10124669	2172
5282	AT2G23790	10125367	10127589	2222
5283	AT2G23820	10140383	10142938	2555
5284	AT2G23834	10148632	10149134	502
5285	AT2G23840	10153586	10155699	2113
5286	AT2G23890	10170576	10173945	3369
5287	AT2G23900	10174515	10176858	2343
5288	AT2G23910	10177776	10180088	2312
5289	AT2G24060	10229350	10231856	2506
5290	AT2G24030	10220061	10222064	2003
5291	AT2G24130	10258107	10261352	3245
5292	AT2G24170	10274099	10277266	3167
5293	AT2G24230	10301817	10304812	2995
5294	AT2G24240	10310482	10312573	2091
5295	AT2G24250	10313066	10314985	1919
5296	AT2G24280	10332483	10337170	4687
5297	AT2G24300	10340785	10343736	2951
5298	AT2G24330	10347018	10349921	2903
5299	AT2G24340	10355430	10359546	4116
5300	AT2G24350	10361054	10364492	3438
5301	AT2G24360	10364451	10366902	2451
5302	AT2G24370	10369418	10373382	3964
5303	AT2G24410	10379159	10379407	248
5304	AT2G24420	10379948	10383405	3457
5305	AT2G24440	10391075	10393934	2859
5306	AT2G24490	10397377	10400802	3425
5307	AT2G24480	10397588	10398184	596
5308	AT2G24530	10421841	10424402	2561
5309	AT2G24580	10444479	10446434	1955
5310	AT2G24600	10452034	10454593	2559
5311	AT2G24645	10480515	10482797	2282
5312	AT2G24650	10483253	10487773	4520
5313	AT2G24680	10493263	10497009	3746
5314	AT2G24690	10498972	10503188	4216
5315	AT2G24700	10512884	10515411	2527
5316	AT2G24765	10562688	10565296	2608
5317	AT2G24830	10576856	10579230	2374
5318	AT2G24950	10613105	10615563	2458
5319	AT2G24960	10617116	10620034	2918
5320	AT2G24990	10625163	10628598	3435
5321	AT2G24980	10622396	10624309	1913
5322	AT2G25010	10631531	10633754	2223
5323	AT2G25050	10653683	10660558	6875
5324	AT2G25055	10660525	10660766	241
5325	AT2G25070	10663155	10666022	2867
5326	AT2G25100	10679524	10682054	2530
5327	AT2G25090	10670410	10672892	2482
5328	AT2G25125	10741777	10742001	224
5329	AT2G25150	10702341	10704825	2484
5330	AT2G25220	10742623	10745819	3196
5331	AT2G25260	10755524	10757947	2423
5332	AT2G25270	10759724	10762568	2844
5333	AT2G25280	10762355	10764810	2455
5334	AT2G25290	10765702	10768734	3032
5335	AT2G25300	10771585	10774403	2818
5336	AT2G25310	10777068	10779264	2196
5337	AT2G25320	10781622	10788235	6613
5338	AT2G25330	10788946	10791331	2385
5339	AT2G25350	10797353	10801058	3705
5340	AT2G25355	10801091	10803722	2631
5341	AT2G25370	10806680	10809945	3265
5342	AT2G25420	10816749	10821168	4419
5343	AT2G25430	10822192	10824939	2747
5344	AT2G25440	10826735	10829402	2667
5345	AT2G25460	10832578	10835660	3082
5346	AT2G25480	10842863	10845833	2970
5347	AT2G25500	10854652	10854948	296
5348	AT2G25530	10863059	10866910	3851
5349	AT2G25560	10880552	10883939	3387
5350	AT2G25570	10884966	10887979	3013
5351	AT2G25590	10890903	10893772	2869
5352	AT2G25620	10902716	10905287	2571
5353	AT2G25640	10910461	10914547	4086
5354	AT2G25670	10928586	10931090	2504
5355	AT2G25690	10940071	10942454	2383
5356	AT2G25730	10956263	10972951	16688
5357	AT2G25737	10976742	10979904	3162
5358	AT2G25740	10980122	10984128	4006
5359	AT2G25760	10984304	10989117	4813
5360	AT2G25790	11000486	11004272	3786
5361	AT2G25800	11005775	11009861	4086
5362	AT2G25830	11018716	11021903	3187
5363	AT2G25870	11030970	11034580	3610
5364	AT2G25880	11034652	11038191	3539
5365	AT2G25910	11048946	11052075	3129
5366	AT2G25950	11068561	11070661	2100
5367	AT2G25970	11071622	11075705	4083
5368	AT2G25980	11077438	11079968	2530
5369	AT2G25990	11080586	11080706	120
5370	AT2G26030	11091330	11093444	2114
5371	AT2G26100	11115873	11118362	2489
5372	AT2G26210	11157118	11159417	2299
5373	AT2G26190	11147581	11150754	3173
5374	AT2G26200	11152648	11156629	3981
5375	AT2G26230	11164575	11167346	2771
5376	AT2G26270	11183842	11187816	3974
5377	AT2G26280	11187726	11191424	3698
5378	AT2G26440	11247160	11249620	2460
5379	AT2G26450	11251040	11253612	2572
5380	AT2G26470	11259142	11262586	3444
5381	AT2G26510	11273842	11277783	3941
5382	AT2G26600	11316346	11318520	2174
5383	AT2G26610	11318771	11324213	5442
5384	AT2G26690	11347147	11350993	3846
5385	AT2G26730	11388298	11391682	3384
5386	AT2G26780	11409828	11423776	13948
5387	AT2G26790	11424163	11427792	3629
5388	AT2G26800	11429019	11432797	3778
5389	AT2G26810	11433662	11436300	2638
5390	AT2G26850	11448976	11451270	2294
5391	AT2G26830	11443241	11447171	3930
5392	AT2G26860	11451950	11453947	1997
5393	AT2G26865	11455540	11455869	329
5394	AT2G26920	11488988	11491751	2763
5395	AT2G26970	11509721	11511977	2256
5396	AT2G27060	11550705	11554775	4070
5397	AT2G27050	11545656	11548293	2637
5398	AT2G27080	11563933	11567504	3571
5399	AT2G27090	11567436	11571903	4467
5400	AT2G27200	11625157	11628290	3133
5401	AT2G27240	11659579	11662408	2829
5402	AT2G27270	11672271	11673208	937
5403	AT2G27285	11675814	11678118	2304
5404	AT2G27313	11688938	11689141	203
5405	AT2G27320	11692884	11694916	2032
5406	AT2G27340	11696595	11699224	2629
5407	AT2G27360	11706028	11708139	2111
5408	AT2G27380	11713411	11715774	2363
5409	AT2G27390	11720484	11720888	404
5410	AT2G27430	11729759	11733371	3612
5411	AT2G27450	11737374	11739690	2316
5412	AT2G27460	11740502	11745011	4509
5413	AT2G27500	11752064	11754066	2002
5414	AT2G27507	11756694	11756949	255
5415	AT2G27540	11768951	11769100	149
5416	AT2G27590	11777554	11779912	2358
5417	AT2G27610	11783927	11786533	2606
5418	AT2G27630	11787398	11792646	5248
5419	AT2G27650	11792825	11797712	4887
5420	AT2G27660	11798417	11800928	2511
5421	AT2G27680	11803743	11806087	2344
5422	AT2G27700	11813949	11816002	2053
5423	AT2G27730	11819728	11822036	2308
5424	AT2G27790	11847109	11849559	2450
5425	AT2G27840	11861806	11863908	2102
5426	AT2G27900	11877421	11886013	8592
5427	AT2G27950	11899160	11904062	4902
5428	AT2G27980	11913359	11920001	6642
5429	AT2G28000	11926446	11929488	3042
5430	AT2G28020	11933702	11934060	358
5431	AT2G28040	11936030	11937977	1947
5432	AT2G28060	11949871	11952253	2382
5433	AT2G28080	11960571	11963440	2869
5434	AT2G28120	11985687	11987836	2149
5435	AT2G28130	11988358	11991617	3259
5436	AT2G28150	11999736	12002738	3002
5437	AT2G28240	12039208	12042175	2967
5438	AT2G28310	12085356	12088121	2765
5439	AT2G28315	12088667	12090765	2098
5440	AT2G28320	12094621	12099644	5023
5441	AT2G28360	12124152	12130092	5940
5442	AT2G28370	12131544	12133772	2228
5443	AT2G28390	12139578	12143665	4087
5444	AT2G28426	12159276	12159407	131
5445	AT2G28450	12162051	12166039	3988
5446	AT2G28460	12166573	12168874	2301
5447	AT2G28480	12176483	12178498	2015
5448	AT2G28490	12178597	12181012	2415
5449	AT2G28540	12218019	12223873	5854
5450	AT2G28580	12244806	12248474	3668
5451	AT2G28590	12249649	12251729	2080
5452	AT2G28600	12251784	12254872	3088
5453	AT2G28620	12264928	12270763	5835
5454	AT2G28650	12289152	12291092	1940
5455	AT2G28660	12295255	12297245	1990
5456	AT2G28780	12339851	12343443	3592
5457	AT2G28810	12363426	12365377	1951
5458	AT2G28880	12398745	12403621	4876
5459	AT2G28940	12426710	12428737	2027
5460	AT2G28960	12437718	12442592	4874
5461	AT2G28970	12443721	12448365	4644
5462	AT2G28990	12454637	12459726	5089
5463	AT2G29000	12460781	12465050	4269
5464	AT2G29020	12469681	12471757	2076
5465	AT2G29040	12472206	12475236	3030
5466	AT2G29060	12481664	12484420	2756
5467	AT2G29065	12484658	12487110	2452
5468	AT2G29070	12487248	12489613	2365
5469	AT2G29210	12557979	12562367	4388
5470	AT2G29220	12562629	12564691	2062
5471	AT2G29290	12585856	12588174	2318
5472	AT2G29340	12597018	12599299	2281
5473	AT2G29452	12625854	12625985	131
5474	AT2G29485	12630346	12631194	848
5475	AT2G29510	12634437	12638043	3606
5476	AT2G29525	12638284	12640820	2536
5477	AT2G29580	12651826	12654336	2510
5478	AT2G29600	12655151	12657296	2145
5479	AT2G29605	12657909	12660087	2178
5480	AT2G29628	12666832	12666957	125
5481	AT2G29654	12677279	12677461	182
5482	AT2G29670	12681831	12685151	3320
5483	AT2G29790	12720614	12722527	1913
5484	AT2G29860	12737666	12738388	722
5485	AT2G29910	12751147	12753241	2094
5486	AT2G29925	12755006	12755431	425
5487	AT2G29930	12756326	12758558	2232
5488	AT2G29970	12776208	12780069	3861
5489	AT2G29995	12796503	12799441	2938
5490	AT2G30020	12814271	12816360	2089
5491	AT2G30050	12824372	12826684	2312
5492	AT2G30060	12826804	12828987	2183
5493	AT2G30090	12843510	12845597	2087
5494	AT2G30100	12847518	12849708	2190
5495	AT2G30105	12849718	12852092	2374
5496	AT2G30210	12887446	12889931	2485
5497	AT2G30240	12899575	12902815	3240
5498	AT2G30300	12919401	12921431	2030
5499	AT2G30320	12925509	12928009	2500
5500	AT2G30460	12976074	12978949	2875
5501	AT2G30470	12980428	12985277	4849
5502	AT2G30480	12987051	12993416	6365
5503	AT2G30505	13000670	13002574	1904
5504	AT2G30530	13008856	13011066	2210
5505	AT2G30520	13002686	13005746	3060
5506	AT2G30550	13014530	13017329	2799
5507	AT2G30600	13036814	13041684	4870
5508	AT2G30630	13046662	13049219	2557
5509	AT2G30650	13053482	13056384	2902
5510	AT2G30690	13075966	13079116	3150
5511	AT2G30695	13077534	13081474	3940
5512	AT2G30710	13085886	13089287	3401
5513	AT2G30720	13089368	13091755	2387
5514	AT2G30730	13092593	13094677	2084
5515	AT2G30740	13095309	13098732	3423
5516	AT2G30760	13105770	13108221	2451
5517	AT2G30766	13107583	13110480	2897
5518	AT2G30780	13116448	13118970	2522
5519	AT2G30800	13120292	13126813	6521
5520	AT2G30820	13129492	13132945	3453
5521	AT2G30900	13149414	13152542	3128
5522	AT2G30890	13147621	13149819	2198
5523	AT2G30925	13161815	13161943	128
5524	AT2G30933	13163993	13166902	2909
5525	AT2G30990	13187407	13190458	3051
5526	AT2G31010	13193954	13200138	6184
5527	AT2G31040	13208624	13211188	2564
5528	AT2G31110	13258329	13262256	3927
5529	AT2G31130	13263520	13266565	3045
5530	AT2G31140	13269889	13271811	1922
5531	AT2G31150	13272375	13274578	2203
5532	AT2G31210	13296143	13298277	2134
5533	AT2G31220	13302666	13304869	2203
5534	AT2G31240	13317271	13319560	2289
5535	AT2G31360	13371658	13374018	2360
5536	AT2G31370	13378929	13381761	2832
5537	AT2G31390	13383423	13386392	2969
5538	AT2G31440	13399095	13401206	2111
5539	AT2G31480	13408963	13411031	2068
5540	AT2G31600	13447936	13450145	2209
5541	AT2G31730	13487550	13489679	2129
5542	AT2G31740	13490794	13495267	4473
5543	AT2G31790	13518199	13520364	2165
5544	AT2G31780	13515199	13517413	2214
5545	AT2G31800	13520325	13523918	3593
5546	AT2G31810	13524048	13528712	4664
5547	AT2G31820	13529766	13533348	3582
5548	AT2G31865	13546544	13549571	3027
5549	AT2G31920	13573668	13576381	2713
5550	AT2G31955	13583985	13586703	2718
5551	AT2G31990	13611300	13613728	2428
5552	AT2G32000	13615748	13621896	6148
5553	AT2G32040	13635094	13638081	2987
5554	AT2G32080	13642237	13644421	2184
5555	AT2G32120	13651442	13653945	2503
5556	AT2G32150	13658888	13660948	2060
5557	AT2G32160	13662138	13666383	4245
5558	AT2G32170	13666396	13671754	5358
5559	AT2G32240	13684299	13691155	6856
5560	AT2G32250	13693094	13697206	4112
5561	AT2G32290	13714516	13717002	2486
5562	AT2G32280	13712928	13715208	2280
5563	AT2G32295	13718772	13722223	3451
5564	AT2G32310	13724394	13726374	1980
5565	AT2G32320	13726781	13731956	5175
5566	AT2G32340	13731969	13734534	2565
5567	AT2G32415	13761110	13765608	4498
5568	AT2G32500	13795244	13797237	1993
5569	AT2G32520	13805289	13807710	2421
5570	AT2G32550	13819352	13822861	3509
5571	AT2G32560	13824663	13827260	2597
5572	AT2G32600	13833545	13835758	2213
5573	AT2G32630	13844780	13846708	1928
5574	AT2G32640	13846919	13850998	4079
5575	AT2G32710	13873362	13876737	3375
5576	AT2G32730	13879959	13885736	5777
5577	AT2G32760	13891537	13894767	3230
5578	AT2G32770	13895825	13898389	2564
5579	AT2G32780	13898410	13901870	3460
5580	AT2G32785	13903234	13903524	290
5581	AT2G32830	13927606	13929763	2157
5582	AT2G32840	13932839	13934949	2110
5583	AT2G32850	13935156	13938845	3689
5584	AT2G32870	13944538	13946790	2252
5585	AT2G32880	13948733	13950745	2012
5586	AT2G32910	13959036	13962118	3082
5587	AT2G32970	13991317	13995905	4588
5588	AT2G33000	14006135	14008537	2402
5589	AT2G33010	14010838	14013246	2408
5590	AT2G33150	14047478	14051400	3922
5591	AT2G33160	14053404	14056246	2842
5592	AT2G33170	14056100	14060848	4748
5593	AT2G33205	14070833	14073736	2903
5594	AT2G33260	14100735	14102671	1936
5595	AT2G33280	14105896	14108166	2270
5596	AT2G33320	14119307	14122190	2883
5597	AT2G33350	14133810	14137175	3365
5598	AT2G33360	14139760	14143118	3358
5599	AT2G33390	14150993	14153118	2125
5600	AT2G33410	14155853	14157864	2011
5601	AT2G33420	14158671	14162618	3947
5602	AT2G33470	14176356	14178800	2444
5603	AT2G33435	14165125	14173509	8384
5604	AT2G33490	14183263	14188105	4842
5605	AT2G33500	14187914	14190278	2364
5606	AT2G33540	14203401	14209192	5791
5607	AT2G33590	14224268	14226636	2368
5608	AT2G33620	14234026	14236883	2857
5609	AT2G33630	14236833	14238877	2044
5610	AT2G33640	14239180	14242420	3240
5611	AT2G33670	14244951	14248155	3204
5612	AT2G33680	14248057	14251936	3879
5613	AT2G33705	14256151	14256360	209
5614	AT2G33710	14258509	14260904	2395
5615	AT2G33730	14265281	14268003	2722
5616	AT2G33793	14296962	14300577	3615
5617	AT2G33840	14314710	14317578	2868
5618	AT2G33855	14324309	14325205	896
5619	AT2G33980	14349764	14360058	10294
5620	AT2G34020	14371075	14373901	2826
5621	AT2G34030	14375086	14377398	2312
5622	AT2G34040	14377722	14382673	4951
5623	AT2G34060	14384797	14386725	1928
5624	AT2G34100	14399534	14413489	13955
5625	AT2G34110	14392551	14403317	10766
5626	AT2G34150	14419263	14423478	4215
5627	AT2G34170	14427509	14430860	3351
5628	AT2G34185	14434339	14436315	1976
5629	AT2G34186	14435854	14435949	95
5630	AT2G34190	14436589	14439596	3007
5631	AT2G34210	14445938	14450522	4584
5632	AT2G34230	14454521	14457213	2692
5633	AT2G34240	14459157	14461802	2645
5634	AT2G34250	14462023	14464879	2856
5635	AT2G34260	14465516	14468547	3031
5636	AT2G34290	14472633	14473437	804
5637	AT2G34300	14473651	14477520	3869
5638	AT2G34310	14477524	14480078	2554
5639	AT2G34350	14493308	14495831	2523
5640	AT2G34355	14496206	14498510	2304
5641	AT2G34357	14498590	14505809	7219
5642	AT2G34360	14507294	14510342	3048
5643	AT2G34400	14516083	14518326	2243
5644	AT2G34450	14526619	14529601	2982
5645	AT2G34510	14543894	14546986	3092
5646	AT2G34560	14560163	14562950	2787
5647	AT2G34580	14565660	14567673	2013
5648	AT2G34590	14568802	14571143	2341
5649	AT2G34650	14589736	14592140	2404
5650	AT2G34670	14612578	14615795	3217
5651	AT2G34730	14654157	14657634	3477
5652	AT2G34750	14660217	14664404	4187
5653	AT2G34810	14685170	14687216	2046
5654	AT2G34850	14704507	14707425	2918
5655	AT2G34890	14718195	14721271	3076
5656	AT2G34940	14740348	14743417	3069
5657	AT2G34930	14737066	14740146	3080
5658	AT2G34970	14746236	14748783	2547
5659	AT2G35030	14760728	14763134	2406
5660	AT2G35040	14765145	14768329	3184
5661	AT2G35050	14768640	14775035	6395
5662	AT2G35075	14786460	14789104	2644
5663	AT2G35080	14789245	14791448	2203
5664	AT2G35130	14807449	14810229	2780
5665	AT2G35140	14813391	14816808	3417
5666	AT2G35155	14818966	14822022	3056
5667	AT2G35170	14827360	14829844	2484
5668	AT2G35250	14846653	14848662	2009
5669	AT2G35260	14849357	14852045	2688
5670	AT2G35310	14864723	14866736	2013
5671	AT2G35330	14868861	14871994	3133
5672	AT2G35343	14879752	14880124	372
5673	AT2G35350	14881039	14884283	3244
5674	AT2G35360	14889048	14891004	1956
5675	AT2G35390	14895248	14897882	2634
5676	AT2G35450	14902444	14905388	2944
5677	AT2G35530	14922836	14926609	3773
5678	AT2G35540	14927071	14929134	2063
5679	AT2G35660	14988437	14990426	1989
5680	AT2G35658	14990325	14990935	610
5681	AT2G35680	14996713	14999125	2412
5682	AT2G35710	15010707	15014284	3577
5683	AT2G35740	15024489	15026626	2137
5684	AT2G35840	15053483	15057426	3943
5685	AT2G35880	15062856	15066056	3200
5686	AT2G35900	15069872	15071829	1957
5687	AT2G35920	15075343	15080812	5469
5688	AT2G35970	15109007	15109773	766
5689	AT2G36290	15208498	15211034	2536
5690	AT2G36320	15228714	15230663	1949
5691	AT2G36325	15231346	15233281	1935
5692	AT2G36330	15233500	15235528	2028
5693	AT2G36340	15235487	15237904	2417
5694	AT2G36350	15238093	15242195	4102
5695	AT2G36360	15242904	15247695	4791
5696	AT2G36370	15247768	15252980	5212
5697	AT2G36410	15278517	15280726	2209
5698	AT2G36470	15299067	15301026	1959
5699	AT2G36480	15302867	15307809	4942
5700	AT2G36530	15320756	15324129	3373
5701	AT2G36500	15317873	15320175	2302
5702	AT2G36560	15329138	15332447	3309
5703	AT2G36570	15335284	15337995	2711
5704	AT2G36580	15339122	15343086	3964
5705	AT2G36630	15352491	15355330	2839
5706	AT2G36670	15364776	15368169	3393
5707	AT2G36680	15368792	15371033	2241
5708	AT2G36690	15379660	15382131	2471
5709	AT2G36720	15393047	15399419	6372
5710	AT2G36724	15401374	15401787	413
5711	AT2G36780	15417364	15419391	2027
5712	AT2G36810	15425321	15439642	14321
5713	AT2G36835	15449580	15451532	1952
5714	AT2G36895	15488535	15490449	1914
5715	AT2G36960	15522769	15527758	4989
5716	AT2G36950	15514923	15517002	2079
5717	AT2G36980	15530814	15533265	2451
5718	AT2G37020	15546414	15549039	2625
5719	AT2G37035	15554917	15556835	1918
5720	AT2G37050	15568926	15573749	4823
5721	AT2G37070	15578344	15581338	2994
5722	AT2G37130	15597921	15600154	2233
5723	AT2G37150	15603142	15608587	5445
5724	AT2G37160	15608697	15612934	4237
5725	AT2G37220	15634466	15636522	2056
5726	AT2G37230	15636897	15639768	2871
5727	AT2G37240	15639773	15641773	2000
5728	AT3G08020	2557437	2561848	4411
5729	AT2G37300	15662224	15664599	2375
5730	AT2G37310	15664800	15667115	2315
5731	AT2G37390	15694038	15695999	1961
5732	AT2G37440	15718044	15722152	4108
5733	AT2G37480	15737842	15739848	2006
5734	AT2G37500	15739783	15742838	3055
5735	AT2G37520	15744670	15750135	5465
5736	AT2G37540	15751568	15754061	2493
5737	AT2G37585	15765698	15767878	2180
5738	AT2G37650	15792545	15795235	2690
5739	AT2G37670	15797210	15800796	3586
5740	AT2G37680	15803243	15805673	2430
5741	AT2G37690	15805659	15810552	4893
5742	AT2G37700	15810520	15814218	3698
5743	AT2G37730	15822098	15824538	2440
5744	AT2G37840	15851726	15856334	4608
5745	AT2G37890	15861688	15864128	2440
5746	AT2G37900	15864186	15866769	2583
5747	AT2G37930	15872347	15874972	2625
5748	AT2G37960	15886548	15889258	2710
5749	AT2G37975	15891735	15893639	1904
5750	AT2G37980	15893800	15897805	4005
5751	AT2G37990	15900635	15903218	2583
5752	AT2G38000	15903125	15905391	2266
5753	AT2G38010	15906555	15909931	3376
5754	AT3G08030	2563803	2566042	2239
5755	AT2G38070	15928591	15930817	2226
5756	AT2G38090	15944583	15947096	2513
5757	AT2G38100	15948418	15950994	2576
5758	AT2G38160	15986390	15988775	2385
5759	AT2G38185	15999926	16003169	3243
5760	AT2G38180	15996934	15999039	2105
5761	AT2G38240	16012535	16014991	2456
5762	AT2G38250	16018210	16020156	1946
5763	AT2G38255	16022334	16024854	2520
5764	AT2G38300	16043948	16046015	2067
5765	AT2G38330	16064503	16067437	2934
5766	AT2G38370	16071979	16074917	2938
5767	AT2G38380	16076289	16078781	2492
5768	AT2G38390	16079679	16081671	1992
5769	AT2G38410	16086514	16090274	3760
5770	AT2G38430	16092742	16095311	2569
5771	AT2G38550	16131730	16134429	2699
5772	AT2G38570	16136689	16138886	2197
5773	AT2G38580	16138570	16142657	4087
5774	AT2G38610	16147106	16149934	2828
5775	AT2G38630	16153806	16156608	2802
5776	AT2G38660	16165921	16168628	2707
5777	AT2G38680	16174001	16176172	2171
5778	AT2G38695	16177872	16180415	2543
5779	AT2G38710	16184259	16187273	3014
5780	AT2G38700	16180503	16184074	3571
5781	AT2G38780	16210816	16215521	4705
5782	AT2G38800	16216752	16219159	2407
5783	AT2G38820	16221815	16223746	1931
5784	AT2G38840	16227051	16232522	5471
5785	AT2G38905	16244061	16244531	470
5786	AT2G38920	16248146	16251017	2871
5787	AT2G38950	16260803	16265270	4467
5788	AT2G38970	16273897	16276872	2975
5789	AT2G38995	16281959	16284872	2913
5790	AT2G39000	16286212	16288262	2050
5791	AT2G39100	16317356	16319387	2031
5792	AT2G39110	16319447	16321685	2238
5793	AT2G39230	16381565	16384730	3165
5794	AT2G39260	16391924	16399812	7888
5795	AT2G39280	16401526	16406886	5360
5796	AT2G39300	16409539	16413874	4335
5797	AT2G39400	16452612	16455001	2389
5798	AT2G39410	16455569	16458363	2794
5799	AT2G39420	16460247	16463220	2973
5800	AT2G39510	16491143	16493343	2200
5801	AT2G39620	16518890	16521544	2654
5802	AT2G39630	16521736	16524783	3047
5803	AT2G39640	16525086	16527038	1952
5804	AT2G39670	16534175	16537318	3143
5805	AT2G39690	16540927	16543411	2484
5806	AT2G39740	16575752	16579120	3368
5807	AT2G39750	16578824	16582436	3612
5808	AT2G39805	16609797	16612554	2757
5809	AT2G39850	16630411	16634253	3842
5810	AT2G39870	16643381	16645866	2485
5811	AT2G39910	16660596	16663048	2452
5812	AT2G39940	16672493	16675864	3371
5813	AT2G39950	16676542	16680503	3961
5814	AT2G39960	16681296	16683718	2422
5815	AT2G39980	16687673	16690182	2509
5816	AT2G40010	16708379	16710772	2393
5817	AT2G40020	16710929	16713339	2410
5818	AT2G40030	16714460	16723718	9258
5819	AT2G40050	16723881	16725803	1922
5820	AT2G40070	16728193	16731736	3543
5821	AT2G40095	16742896	16745152	2256
5822	AT2G40116	16751561	16754599	3038
5823	AT2G40120	16754891	16757599	2708
5824	AT2G40205	16792175	16792622	447
5825	AT2G40250	16813297	16815331	2034
5826	AT2G40270	16821934	16825160	3226
5827	AT2G40280	16825495	16828505	3010
5828	AT2G40290	16828766	16831226	2460
5829	AT2G40316	16836104	16839446	3342
5830	AT2G40360	16852880	16856771	3891
5831	AT2G40400	16869189	16873338	4149
5832	AT2G40420	16877144	16879214	2070
5833	AT2G40435	16886767	16889243	2476
5834	AT2G40440	16889212	16889580	368
5835	AT2G40490	16912805	16915202	2397
5836	AT2G40570	16940822	16943515	2693
5837	AT2G40640	16960964	16963215	2251
5838	AT2G40650	16963286	16965798	2512
5839	AT2G40700	16976636	16979650	3014
5840	AT2G40710	16980943	16981606	663
5841	AT2G40715	16983087	16985791	2704
5842	AT2G40760	17009951	17012116	2165
5843	AT2G40770	17013269	17021606	8337
5844	AT2G40800	17024255	17027022	2767
5845	AT2G40820	17036442	17040358	3916
5846	AT3G08505	2580077	2582248	2171
5847	AT2G40860	17053498	17057326	3828
5848	AT2G40955	17092669	17095132	2463
5849	AT2G40950	17087565	17090556	2991
5850	AT2G40990	17105097	17107030	1933
5851	AT2G41000	17111441	17113636	2195
5852	AT2G41020	17117214	17121124	3910
5853	AT2G41050	17123182	17126484	3302
5854	AT2G41060	17126989	17130569	3580
5855	AT2G41070	17129753	17132386	2633
5856	AT2G41080	17132602	17134554	1952
5857	AT2G41082	17134825	17135059	234
5858	AT2G41130	17143157	17145283	2126
5859	AT2G41150	17153806	17155983	2177
5860	AT2G41160	17155988	17158935	2947
5861	AT2G41170	17159074	17161294	2220
5862	AT2G41190	17167279	17170559	3280
5863	AT2G41225	17190978	17191486	508
5864	AT2G41250	17200657	17202848	2191
5865	AT2G41360	17234057	17236385	2328
5866	AT2G41440	17271143	17274394	3251
5867	AT2G41445	17275470	17277607	2137
5868	AT2G41450	17278148	17281830	3682
5869	AT2G41451	17282868	17285361	2493
5870	AT2G41470	17289952	17293749	3797
5871	AT2G41473	17294453	17294728	275
5872	AT2G41505	17312099	17314690	2591
5873	AT2G41515	17315298	17317384	2086
5874	AT2G41550	17328886	17331173	2287
5875	AT2G41600	17344637	17346940	2303
5876	AT2G41620	17347304	17355103	7799
5877	AT2G41640	17360374	17363788	3414
5878	AT2G41630	17355299	17357622	2323
5879	AT2G41670	17373997	17376238	2241
5880	AT2G41705	17397270	17400081	2811
5881	AT2G41710	17400022	17403050	3028
5882	AT2G41760	17421689	17424371	2682
5883	AT2G41770	17424358	17427282	2924
5884	AT2G41790	17429229	17436305	7076
5885	AT2G41810	17439263	17441416	2153
5886	AT2G41820	17446744	17450108	3364
5887	AT2G41835	17457699	17459691	1992
5888	AT2G41870	17470865	17472984	2119
5889	AT2G41890	17477514	17481241	3727
5890	AT2G41945	17509069	17513064	3995
5891	AT2G41960	17514118	17519303	5185
5892	AT2G41970	17520273	17522793	2520
5893	AT2G41980	17523071	17526126	3055
5894	AT2G42030	17538864	17541245	2381
5895	AT2G42040	17543005	17545532	2527
5896	AT2G42080	17553204	17555673	2469
5897	AT2G42130	17566014	17568226	2212
5898	AT2G42150	17572305	17574679	2374
5899	AT2G42170	17577714	17580397	2683
5900	AT2G42230	17593411	17596665	3254
5901	AT2G42240	17596717	17599604	2887
5902	AT2G42270	17604076	17611333	7257
5903	AT2G42290	17616760	17619736	2976
5904	AT2G42300	17620895	17624854	3959
5905	AT2G42320	17627331	17630797	3466
5906	AT2G42330	17630729	17634370	3641
5907	AT2G42370	17643334	17645533	2199
5908	AT2G42450	17672102	17675100	2998
5909	AT2G42455	17676399	17676737	338
5910	AT2G42480	17688010	17689922	1912
5911	AT2G42490	17691407	17696023	4616
5912	AT2G42510	17701381	17704690	3309
5913	AT2G42520	17704741	17709060	4319
5914	AT2G42560	17714638	17716912	2274
5915	AT2G42670	17771697	17774647	2950
5916	AT2G42700	17778130	17782188	4058
5917	AT2G42720	17785354	17787421	2067
5918	AT2G42710	17782308	17785090	2782
5919	AT2G42730	17789404	17791582	2178
5920	AT2G42750	17793265	17795728	2463
5921	AT2G42780	17800312	17802816	2504
5922	AT2G42850	17831408	17833545	2137
5923	AT2G42865	17835271	17835594	323
5924	AT2G42910	17856249	17858667	2418
5925	AT2G42960	17868150	17871599	3449
5926	AT3G08530	2586804	2595654	8850
5927	AT2G43110	17922019	17924542	2523
5928	AT2G43120	17927181	17929138	1957
5929	AT2G43140	17931254	17935748	4494
5930	AT2G43180	17953497	17955829	2332
5931	AT2G43200	17958059	17960672	2613
5932	AT2G43220	17963747	17966211	2464
5933	AT2G43230	17966251	17968726	2475
5934	AT2G43250	17977228	17979736	2508
5935	AT2G43320	17996650	18000027	3377
5936	AT2G43370	18013268	18015530	2262
5937	AT2G43420	18031268	18035182	3914
5938	AT2G43465	18047533	18049794	2261
5939	AT2G43490	18054392	18058924	4532
5940	AT2G43500	18061716	18066708	4992
5941	AT2G43550	18073305	18073651	346
5942	AT2G43690	18112026	18114834	2808
5943	AT2G43770	18134061	18136036	1975
5944	AT2G43800	18145439	18149031	3592
5945	AT2G43850	18159182	18162250	3068
5946	AT2G43870	18166336	18168381	2045
5947	AT2G43890	18176831	18179178	2347
5948	AT2G43930	18193137	18195582	2445
5949	AT2G43940	18195677	18197767	2090
5950	AT2G43945	18197822	18200198	2376
5951	AT2G43990	18211734	18214042	2308
5952	AT2G44020	18217559	18219559	2000
5953	AT2G44060	18226263	18228293	2030
5954	AT2G44065	18228430	18231407	2977
5955	AT2G44090	18238269	18241410	3141
5956	AT2G44100	18241469	18245008	3539
5957	AT2G44120	18248830	18251156	2326
5958	AT2G44140	18253497	18258293	4796
5959	AT2G44200	18276152	18278627	2475
5960	AT2G44220	18283789	18285837	2048
5961	AT2G44230	18286321	18288576	2255
5962	AT2G44240	18289824	18292374	2550
5963	AT2G44250	18293457	18295536	2079
5964	AT2G44260	18295838	18297867	2029
5965	AT2G44280	18301223	18304627	3404
5966	AT2G44310	18309022	18309826	804
5967	AT2G44410	18328322	18330420	2098
5968	AT2G44420	18330447	18332936	2489
5969	AT2G44430	18333370	18336364	2994
5970	AT2G44500	18374162	18376799	2637
5971	AT2G44510	18377048	18379265	2217
5972	AT2G44530	18383515	18386208	2693
5973	AT2G44640	18417243	18419396	2153
5974	AT2G44660	18420832	18422839	2007
5975	AT2G44710	18432686	18437221	4535
5976	AT2G44735	18438623	18441681	3058
5977	AT2G44760	18452851	18454930	2079
5978	AT2G44770	18457322	18460383	3061
5979	AT2G44830	18489607	18493163	3556
5980	AT2G44850	18498672	18500879	2207
5981	AT2G44890	18508271	18510364	2093
5982	AT2G44900	18511313	18516468	5155
5983	AT3G59430	21963832	21967078	3246
5984	AT3G53090	19679177	19685360	6183
5985	AT3G53100	19684686	19686984	2298
5986	AT3G53130	19692757	19697542	4785
5987	AT3G53140	19695643	19697542	1899
5988	AT3G53170	19704106	19706536	2430
5989	AT3G53190	19713799	19717740	3941
5990	AT3G53220	19721937	19722846	909
5991	AT3G53235	19733838	19734695	857
5992	AT3G53250	19742687	19743583	896
5993	AT3G53270	19750047	19753280	3233
5994	AT3G53294	19759983	19760108	125
5995	AT3G53310	19766655	19768786	2131
5996	AT3G53320	19769150	19772453	3303
5997	AT3G53342	19777087	19777353	266
5998	AT3G53360	19783849	19786808	2959
5999	AT3G53370	19787852	19788907	1055
6000	AT3G53380	19789038	19791695	2657
6001	AT3G53390	19792466	19796807	4341
6002	AT3G53400	19798107	19800136	2029
6003	AT3G53440	19810655	19812713	2058
6004	AT3G53470	19822679	19823541	862
6005	AT3G53490	19832448	19834304	1856
6006	AT3G53550	19856870	19858308	1438
6007	AT3G53580	19864631	19867134	2503
6008	AT3G53590	19866880	19872749	5869
6009	AT3G53600	19875375	19876177	802
6010	AT3G53611	19878542	19878694	152
6011	AT3G53630	19883787	19885938	2151
6012	AT3G53640	19887007	19888935	1928
6013	AT3G53650	19889297	19890251	954
6014	AT3G53670	19890364	19892443	2079
6015	AT3G53680	19892525	19897955	5430
6016	AT3G53690	19898788	19900235	1447
6017	AT3G53700	19900240	19903173	2933
6018	AT3G53730	19912385	19913515	1130
6019	AT3G53740	19913651	19915066	1415
6020	AT3G53770	19923304	19924113	809
6021	AT3G53810	19932970	19935392	2422
6022	AT3G53820	19938564	19939231	667
6023	AT3G53830	19940499	19943885	3386
6024	AT3G53840	19945571	19947844	2273
6025	AT3G53850	19948093	19949346	1253
6026	AT3G53890	19955344	19956449	1105
6027	AT3G53910	19959856	19960446	590
6028	AT3G53930	19966149	19970880	4731
6029	AT3G53940	19970929	19973769	2840
6030	AT3G53950	19975339	19977532	2193
6031	AT3G53960	19978122	19981086	2964
6032	AT3G53970	19985087	19987377	2290
6033	AT3G54000	19996177	19998736	2559
6034	AT3G54020	20005616	20008254	2638
6035	AT3G54040	20013726	20015653	1927
6036	AT3G59435	21970354	21972299	1945
6037	AT3G54060	20018656	20020926	2270
6038	AT3G54065	20021255	20022235	980
6039	AT3G54100	20033951	20038200	4249
6040	AT3G54130	20042641	20044580	1939
6041	AT3G54150	20050564	20052931	2367
6042	AT3G54160	20053020	20055309	2289
6043	AT3G54190	20061418	20064161	2743
6044	AT3G54200	20065607	20066617	1010
6045	AT3G54210	20067540	20068614	1074
6046	AT3G54250	20082046	20084762	2716
6047	AT3G54270	20086977	20089861	2884
6048	AT3G54280	20091852	20104257	12405
6049	AT3G54310	20111153	20112944	1791
6050	AT3G54360	20128127	20131968	3841
6051	AT3G54363	20132068	20132535	467
6052	AT3G54390	20137577	20139244	1667
6053	AT3G54400	20140025	20142763	2738
6054	AT3G54440	20148208	20157199	8991
6055	AT3G54450	20158440	20162005	3565
6056	AT3G54460	20161942	20167326	5384
6057	AT3G59440	21970355	21971125	770
6058	AT3G59450	21972840	21974923	2083
6059	AT3G54470	20168005	20170320	2315
6060	AT3G54500	20175370	20179070	3700
6061	AT3G54510	20180007	20183588	3581
6062	AT3G54520	20183517	20185202	1685
6063	AT3G54530	20185966	20187637	1671
6064	AT3G54550	20193627	20194663	1036
6065	AT3G54570	20197949	20199202	1253
6066	AT3G54580	20200573	20203919	3346
6067	AT3G54590	20206128	20208783	2655
6068	AT3G54630	20221097	20223028	1931
6069	AT3G59455	21976746	21977393	647
6070	AT3G59460	21977513	21978398	885
6071	AT3G59470	21978810	21980839	2029
6072	AT3G54740	20262175	20264686	2511
6073	AT3G54750	20264634	20268885	4251
6074	AT3G54760	20269024	20272504	3480
6075	AT3G54780	20278798	20281551	2753
6076	AT3G54790	20281535	20285290	3755
6077	AT3G54800	20286070	20290268	4198
6078	AT3G54830	20311901	20315887	3986
6079	AT3G54880	20336687	20338598	1911
6080	AT3G54910	20342753	20345594	2841
6081	AT3G54925	20349435	20349980	545
6082	AT3G54930	20350839	20353007	2168
6083	AT3G54940	20354351	20356363	2012
6084	AT3G54970	20368127	20370131	2004
6085	AT3G54980	20370205	20374261	4056
6086	AT3G55000	20381460	20383878	2418
6087	AT3G59490	21984596	21986351	1755
6088	AT3G55020	20388869	20394987	6118
6089	AT3G55050	20400430	20402595	2165
6090	AT3G55060	20402963	20407103	4140
6091	AT3G55070	20408274	20411364	3090
6092	AT3G55080	20411342	20416043	4701
6093	AT3G55160	20444502	20452626	8124
6094	AT3G55170	20452910	20454530	1620
6095	AT3G55180	20454746	20456843	2097
6096	AT3G55190	20457919	20460137	2218
6097	AT3G55230	20471787	20472946	1159
6098	AT3G55240	20473335	20475332	1997
6099	AT3G55260	20489096	20493096	4000
6100	AT3G55252	20480728	20481322	594
6101	AT3G55290	20502443	20503868	1425
6102	AT3G55310	20505743	20507025	1282
6103	AT3G55350	20518266	20520956	2690
6104	AT3G55390	20534412	20535685	1273
6105	AT3G55410	20541269	20546053	4784
6106	AT3G59500	21986463	21988326	1863
6107	AT3G55420	20547661	20548879	1218
6108	AT3G55430	20549423	20552215	2792
6109	AT3G55470	20564081	20566329	2248
6110	AT3G55490	20571976	20573725	1749
6111	AT3G55513	20584872	20585420	548
6112	AT3G55540	20598218	20599614	1396
6113	AT3G55550	20599978	20602129	2151
6114	AT3G55566	20608742	20608840	98
6115	AT3G55570	20610166	20610671	505
6116	AT3G55590	20617049	20618881	1832
6117	AT3G55600	20620410	20622555	2145
6118	AT3G55605	20622607	20624051	1444
6119	AT3G55640	20639647	20642659	3012
6120	AT3G55646	20644843	20646688	1845
6121	AT3G55650	20647085	20648617	1532
6122	AT3G55665	20653670	20654335	665
6123	AT3G55672	20660960	20661460	500
6124	AT3G55660	20648794	20651484	2690
6125	AT3G55677	20663983	20664576	593
6126	AT3G55680	20665685	20666315	630
6127	AT3G55700	20671115	20673430	2315
6128	AT3G55730	20681827	20684063	2236
6129	AT3G55710	20673564	20676021	2457
6130	AT3G55750	20698431	20700200	1769
6131	AT3G55760	20700314	20703130	2816
6132	AT3G55780	20705577	20707334	1757
6133	AT3G55790	20708196	20708658	462
6134	AT3G55810	20711705	20713236	1531
6135	AT3G55830	20714946	20717443	2497
6136	AT3G59510	21988389	21989847	1458
6137	AT3G55860	20727591	20729619	2028
6138	AT3G55870	20730842	20733903	3061
6139	AT3G55890	20740610	20742441	1831
6140	AT3G55900	20742166	20742653	487
6141	AT3G55910	20742676	20743479	803
6142	AT3G55930	20745382	20746265	883
6143	AT3G55935	20746554	20746975	421
6144	AT3G55940	20747629	20750408	2779
6145	AT3G55960	20760419	20763056	2637
6146	AT3G55970	20766735	20769410	2675
6147	AT3G55990	20780175	20783233	3058
6148	AT3G56020	20790502	20791163	661
6149	AT3G56030	20791173	20792532	1359
6150	AT3G56050	20797871	20801428	3557
6151	AT3G56060	20803038	20806333	3295
6152	AT3G56080	20810309	20813110	2801
6153	AT3G56120	20823146	20826543	3397
6154	AT3G56130	20826576	20829270	2694
6155	AT3G56140	20829282	20833252	3970
6156	AT3G56160	20837365	20841734	4369
6157	AT3G56180	20844611	20845758	1147
6158	AT3G56200	20849762	20852104	2342
6159	AT3G56210	20852380	20855610	3230
6160	AT3G56250	20865913	20868156	2243
6161	AT3G56270	20870000	20872107	2107
6162	AT3G56300	20880016	20882366	2350
6163	AT3G56310	20882729	20885915	3186
6164	AT3G56320	20885894	20890102	4208
6165	AT3G56330	20890235	20892002	1767
6166	AT3G56340	20892007	20893478	1471
6167	AT3G56370	20899099	20903080	3981
6168	AT3G56390	20907354	20907697	343
6169	AT3G56410	20916172	20921338	5166
6170	AT3G56420	20921639	20923329	1690
6171	AT3G56430	20923334	20925912	2578
6172	AT3G56460	20932791	20934540	1749
6173	AT3G56470	20934597	20936436	1839
6174	AT3G56480	20936098	20939631	3533
6175	AT3G56500	20943638	20943970	332
6176	AT3G56510	20943928	20946839	2911
6177	AT3G56490	20941285	20943469	2184
6178	AT3G59530	21993253	21995331	2078
6179	AT3G56520	20947107	20947731	624
6180	AT3G56540	20950823	20951892	1069
6181	AT3G56550	20951340	20954701	3361
6182	AT3G56570	20958563	20961293	2730
6183	AT3G56580	20961543	20963817	2274
6184	AT3G56590	20964643	20968195	3552
6185	AT3G56600	20968444	20971021	2577
6186	AT3G56610	20971586	20972084	498
6187	AT3G56680	20991280	20993686	2406
6188	AT3G56720	21010632	21013589	2957
6189	AT3G56730	21013703	21015157	1454
6190	AT3G56750	21018089	21020453	2364
6191	AT3G56760	21020501	21024131	3630
6192	AT3G56740	21015371	21018157	2786
6193	AT3G56770	21028902	21030754	1852
6194	AT3G56780	21031303	21033403	2100
6195	AT3G56790	21033777	21034455	678
6196	AT3G56810	21036711	21039074	2363
6197	AT3G56820	21039745	21041760	2015
6198	AT3G56830	21042430	21044503	2073
6199	AT3G56840	21044317	21046346	2029
6200	AT3G56870	21052434	21055721	3287
6201	AT3G56880	21059785	21061247	1462
6202	AT3G56890	21062800	21063717	917
6203	AT3G56900	21066122	21069483	3361
6204	AT3G56920	21070558	21072878	2320
6205	AT3G56930	21073330	21076315	2985
6206	AT3G56990	21088027	21092169	4142
6207	AT3G57000	21092183	21094297	2114
6208	AT3G57020	21098315	21100519	2204
6209	AT3G57030	21101454	21103719	2265
6210	AT3G57060	21114798	21121160	6362
6211	AT3G57072	21125699	21125836	137
6212	AT3G57100	21133013	21134482	1469
6213	AT3G57110	21134776	21135532	756
6214	AT3G57170	21159373	21163322	3949
6215	AT3G57200	21169265	21172540	3275
6216	AT3G57210	21172827	21174172	1345
6217	AT3G57220	21174395	21177194	2799
6218	AT3G57250	21186651	21187415	764
6219	AT3G57280	21193680	21195790	2110
6220	AT3G57310	21208117	21208642	525
6221	AT3G57320	21209916	21211445	1529
6222	AT3G57340	21218751	21220485	1734
6223	AT3G57350	21220387	21225424	5037
6224	AT3G57360	21225540	21227039	1499
6225	AT3G57370	21226733	21228475	1742
6226	AT3G57380	21229727	21231833	2106
6227	AT3G57400	21238223	21240228	2005
6228	AT3G57420	21252354	21255482	3128
6229	AT3G57440	21258646	21260675	2029
6230	AT3G57470	21269149	21276017	6868
6231	AT3G57450	21261046	21262763	1717
6232	AT3G57460	21262986	21265827	2841
6233	AT3G59540	21995610	21996840	1230
6234	AT3G57480	21277270	21279404	2134
6235	AT3G57490	21279596	21281064	1468
6236	AT3G57570	21312498	21320481	7983
6237	AT3G57587	21328263	21329634	1371
6238	AT3G57600	21332774	21333918	1144
6239	AT3G57610	21334191	21336720	2529
6240	AT3G57630	21339274	21343965	4691
6241	AT3G57640	21344708	21346235	1527
6242	AT3G57680	21380648	21383807	3159
6243	AT3G57700	21384917	21385939	1022
6244	AT3G59570	22000804	22006132	5328
6245	AT3G57710	21384676	21387399	2723
6246	AT3G57720	21387570	21391638	4068
6247	AT3G57740	21392501	21393972	1471
6248	AT3G57760	21395297	21397244	1947
6249	AT3G57770	21397542	21398923	1381
6250	AT3G57780	21399516	21402940	3424
6251	AT3G57785	21404574	21405217	643
6252	AT3G57787	21404843	21405233	390
6253	AT3G57790	21405283	21407624	2341
6254	AT3G57800	21407782	21411904	4122
6255	AT3G57810	21415760	21417961	2201
6256	AT3G57830	21419449	21422602	3153
6257	AT3G57840	21422823	21423287	464
6258	AT3G57850	21424377	21424821	444
6259	AT3G57880	21430922	21434648	3726
6260	AT3G57890	21438075	21442085	4010
6261	AT3G57900	21442281	21442574	293
6262	AT3G57910	21442642	21446183	3541
6263	AT3G57930	21446856	21448842	1986
6264	AT3G57940	21449254	21456026	6772
6265	AT3G57950	21460335	21461211	876
6266	AT3G57960	21463091	21464194	1103
6267	AT3G57970	21465226	21466677	1451
6268	AT3G57980	21466919	21469422	2503
6269	AT3G57990	21469756	21471694	1938
6270	AT3G58000	21474870	21475750	880
6271	AT3G58020	21479380	21481349	1969
6272	AT3G58030	21484156	21487102	2946
6273	AT3G58040	21488433	21491518	3085
6274	AT3G58050	21492145	21497317	5172
6275	AT3G58060	21497633	21499943	2310
6276	AT3G58090	21512319	21514281	1962
6277	AT3G58110	21516635	21519862	3227
6278	AT3G58120	21520974	21523518	2544
6279	AT3G58130	21527530	21529905	2375
6280	AT3G58140	21529731	21532572	2841
6281	AT3G58150	21532813	21534135	1322
6282	AT3G58180	21543954	21546180	2226
6283	AT3G58220	21564388	21566497	2109
6284	AT3G58230	21566860	21567396	536
6285	AT3G58260	21573754	21575369	1615
6286	AT3G58270	21575749	21577845	2096
6287	AT3G58280	21578617	21579818	1201
6288	AT3G58300	21582764	21583390	626
6289	AT3G58310	21583863	21585133	1270
6290	AT3G58320	21585567	21586328	761
6291	AT3G58360	21593505	21594866	1361
6292	AT3G58400	21602667	21603855	1188
6293	AT3G58410	21604871	21606229	1358
6294	AT3G58415	21606985	21608077	1092
6295	AT3G58420	21609307	21612409	3102
6296	AT3G58430	21613163	21616183	3020
6297	AT3G58440	21618446	21621249	2803
6298	AT3G58450	21621994	21623166	1172
6299	AT3G58470	21626671	21628569	1898
6300	AT3G58480	21629072	21632116	3044
6301	AT3G58500	21635162	21639136	3974
6302	AT3G58510	21639978	21643795	3817
6303	AT3G58520	21643770	21645548	1778
6304	AT3G58530	21645547	21648368	2821
6305	AT3G58540	21648561	21649390	829
6306	AT3G58550	21649364	21650347	983
6307	AT3G58560	21650565	21654200	3635
6308	AT3G58570	21656484	21660812	4328
6309	AT3G58580	21660598	21664095	3497
6310	AT3G58585	21665284	21665635	351
6311	AT3G58590	21666082	21668625	2543
6312	AT3G58600	21668515	21671292	2777
6313	AT3G58610	21671433	21675090	3657
6314	AT3G58630	21683516	21686039	2523
6315	AT3G58640	21686741	21693928	7187
6316	AT3G58670	21703385	21706137	2752
6317	AT3G58690	21709128	21711400	2272
6318	AT3G58700	21711445	21713104	1659
6319	AT3G58740	21720773	21723790	3017
6320	AT3G58730	21718188	21720053	1865
6321	AT3G58760	21728144	21732086	3942
6322	AT3G58770	21732122	21735327	3205
6323	AT3G58820	21752533	21754681	2148
6324	AT3G58830	21754960	21756819	1859
6325	AT3G58875	21766358	21767298	940
6326	AT3G58890	21771046	21772577	1531
6327	AT3G58900	21772813	21774873	2060
6328	AT3G58930	21778164	21780663	2499
6329	AT3G58940	21780785	21783676	2891
6330	AT3G58980	21794445	21797006	2561
6331	AT3G59000	21799248	21801804	2556
6332	AT3G59020	21810238	21817699	7461
6333	AT3G59040	21821349	21824425	3076
6334	AT3G59060	21827905	21830837	2932
6335	AT3G59070	21832364	21834514	2150
6336	AT3G59080	21836406	21838620	2214
6337	AT3G59090	21839143	21842781	3638
6338	AT3G59100	21842964	21854117	11153
6339	AT3G59110	21854640	21858204	3564
6340	AT3G59120	21857876	21860302	2426
6341	AT3G59170	21878167	21879799	1632
6342	AT3G59190	21884426	21886808	2382
6343	AT3G59200	21887123	21889423	2300
6344	AT3G59210	21889476	21891944	2468
6345	AT3G59230	21895948	21897787	1839
6346	AT3G08570	2602017	2604664	2647
6347	AT3G08600	2612175	2614018	1843
6348	AT3G08610	2615426	2616934	1508
6349	AT3G08620	2617707	2620670	2963
6350	AT3G08636	2622666	2622845	179
6351	AT3G08640	2622849	2624308	1459
6352	AT3G08650	2624385	2627455	3070
6353	AT3G08660	2630974	2633468	2494
6354	AT3G08670	2633663	2637056	3393
6355	AT3G08680	2637432	2640935	3503
6356	AT3G08760	2657838	2661095	3257
6357	AT3G08740	2654622	2656297	1675
6358	AT3G08750	2656716	2657825	1109
6359	AT3G08780	2666063	2667560	1497
6360	AT3G08790	2667851	2671105	3254
6361	AT3G08810	2675470	2676708	1238
6362	AT3G08820	2676990	2679265	2275
6363	AT3G08840	2679435	2686296	6861
6364	AT3G08870	2700261	2702745	2484
6365	AT3G08880	2702973	2704814	1841
6366	AT3G08890	2706534	2708747	2213
6367	AT3G08910	2710065	2712042	1977
6368	AT3G08920	2712236	2713325	1089
6369	AT3G08930	2713312	2717366	4054
6370	AT3G08943	2718880	2722624	3744
6371	AT3G08947	2723153	2726951	3798
6372	AT3G08960	2729743	2737356	7613
6373	AT3G08980	2740745	2742756	2011
6374	AT3G08990	2742826	2744974	2148
6375	AT3G09000	2745534	2748525	2991
6376	AT3G09010	2749908	2752390	2482
6377	AT3G09020	2753307	2754621	1314
6378	AT3G59245	21901188	21901606	418
6379	AT3G09030	2754668	2756512	1844
6380	AT3G09040	2760397	2764607	4210
6381	AT3G09070	2768641	2771375	2734
6382	AT3G09050	2764651	2766144	1493
6383	AT3G09060	2765812	2768499	2687
6384	AT3G09080	2776150	2781901	5751
6385	AT3G09085	2782133	2782740	607
6386	AT3G09100	2787953	2793547	5594
6387	AT3G09140	2800853	2802795	1942
6388	AT3G09160	2805779	2807055	1276
6389	AT3G09162	2807214	2808327	1113
6390	AT3G09180	2819040	2821441	2401
6391	AT3G09200	2823088	2825241	2153
6392	AT3G09220	2827190	2830655	3465
6393	AT3G09240	2835381	2838202	2821
6394	AT3G09250	2838943	2840614	1671
6395	AT3G09260	2840477	2843781	3304
6396	AT3G09280	2850735	2851272	537
6397	AT3G09310	2860402	2861359	957
6398	AT3G09320	2861379	2864262	2883
6399	AT3G09330	2864682	2867357	2675
6400	AT3G09300	2857847	2860668	2821
6401	AT3G09340	2867912	2870600	2688
6402	AT3G09350	2870970	2873332	2362
6403	AT3G09360	2873412	2878591	5179
6404	AT3G09380	2885064	2886095	1031
6405	AT3G09405	2894798	2897674	2876
6406	AT3G09410	2897638	2901055	3417
6407	AT3G09430	2901199	2903217	2018
6408	AT3G09440	2902355	2905947	3592
6409	AT3G09450	2907479	2910206	2727
6410	AT3G09455	2910411	2911354	943
6411	AT3G09470	2911455	2914572	3117
6412	AT3G09480	2914701	2915442	741
6413	AT3G09500	2916922	2918247	1325
6414	AT3G09510	2921804	2923258	1454
6415	AT3G09540	2928752	2931362	2610
6416	AT3G09550	2931101	2934365	3264
6417	AT3G59290	21911501	21917860	6359
6418	AT3G09570	2940305	2942203	1898
6419	AT3G09580	2942158	2944457	2299
6420	AT3G09620	2949152	2952220	3068
6421	AT3G09630	2953693	2955748	2055
6422	AT3G09670	2966201	2969058	2857
6423	AT3G59580	22009008	22012804	3796
6424	AT3G09680	2969045	2970371	1326
6425	AT3G09690	2971813	2974843	3030
6426	AT3G09700	2974802	2976318	1516
6427	AT3G09720	2979772	2983618	3846
6428	AT3G09730	2983860	2986594	2734
6429	AT3G09735	2986398	2987990	1592
6430	AT3G09750	2991655	2992679	1024
6431	AT3G09760	2992654	2995694	3040
6432	AT3G09770	2996179	2998255	2076
6433	AT3G09800	3006428	3008610	2182
6434	AT3G09830	3016490	3019103	2613
6435	AT3G09850	3023141	3025945	2804
6436	AT3G09863	3027292	3027423	131
6437	AT3G09870	3027424	3027961	537
6438	AT3G09880	3029471	3032399	2928
6439	AT3G09890	3032503	3034497	1994
6440	AT3G09925	3051609	3052850	1241
6441	AT3G09930	3053237	3055510	2273
6442	AT3G09940	3056375	3059244	2869
6443	AT3G09950	3060090	3060720	630
6444	AT3G09960	3061945	3063594	1649
6445	AT3G09980	3069090	3071531	2441
6446	AT3G09990	3072662	3075142	2480
6447	AT3G10010	3081735	3088550	6815
6448	AT3G10020	3090806	3091922	1116
6449	AT3G10050	3098725	3102048	3323
6450	AT3G10030	3092016	3095025	3009
6451	AT3G10040	3096345	3098417	2072
6452	AT3G10060	3102074	3104014	1940
6453	AT3G10080	3107266	3108385	1119
6454	AT3G10090	3108789	3110094	1305
6455	AT3G10113	3117896	3119391	1495
6456	AT3G10116	3125749	3126619	870
6457	AT3G10130	3130063	3133329	3266
6458	AT3G10180	3146129	3154815	8686
6459	AT3G10185	3145526	3146283	757
6460	AT3G10190	3155223	3156187	964
6461	AT3G10195	3156551	3157011	460
6462	AT3G10200	3157472	3160874	3402
6463	AT3G10210	3160089	3161725	1636
6464	AT3G10240	3166698	3167867	1169
6465	AT3G10250	3167922	3170957	3035
6466	AT3G10260	3171177	3172996	1819
6467	AT3G10290	3183403	3185427	2024
6468	AT3G10300	3186038	3188540	2502
6469	AT3G10310	3189918	3195302	5384
6470	AT3G10320	3195314	3197457	2143
6471	AT3G10330	3199712	3201966	2254
6472	AT3G10350	3208233	3211294	3061
6473	AT3G10380	3219507	3229034	9527
6474	AT3G10390	3229060	3232531	3471
6475	AT3G10405	3232457	3235289	2832
6476	AT3G10430	3242750	3243862	1112
6477	AT3G10439	3245231	3245329	98
6478	AT3G10440	3245329	3249355	4026
6479	AT3G10455	3252566	3253164	598
6480	AT3G10460	3255767	3256439	672
6481	AT3G10510	3274220	3275551	1331
6482	AT3G10540	3289677	3292909	3232
6483	AT3G10530	3285832	3288880	3048
6484	AT3G10580	3307051	3308237	1186
6485	AT3G10585	3308489	3309509	1020
6486	AT3G10595	3311785	3312831	1046
6487	AT3G10610	3318975	3320187	1212
6488	AT3G10650	3325074	3331282	6208
6489	AT3G10660	3331064	3334986	3922
6490	AT3G10680	3337689	3339345	1656
6491	AT3G10720	3354406	3357754	3348
6492	AT3G10750	3366927	3368791	1864
6493	AT3G10760	3369479	3371575	2096
6494	AT3G10770	3372092	3374314	2222
6495	AT3G10810	3381628	3384664	3036
6496	AT3G10815	3384807	3386533	1726
6497	AT3G10820	3387078	3391003	3925
6498	AT3G10840	3390153	3393536	3383
6499	AT3G10845	3394009	3397526	3517
6500	AT3G10860	3399550	3400926	1376
6501	AT3G10880	3405800	3407921	2121
6502	AT3G10890	3407332	3409000	1668
6503	AT3G10910	3412911	3414019	1108
6504	AT3G10920	3417940	3419892	1952
6505	AT3G10960	3424813	3427058	2245
6506	AT3G10930	3420081	3420932	851
6507	AT3G10950	3423893	3424566	673
6508	AT3G10970	3432811	3436403	3592
6509	AT3G10974	3436911	3437416	505
6510	AT3G10980	3438212	3441299	3087
6511	AT3G10990	3446462	3446995	533
6512	AT3G11000	3447568	3450589	3021
6513	AT3G11040	3459939	3463484	3545
6514	AT3G11060	3466303	3466944	641
6515	AT3G11070	3467704	3470233	2529
6516	AT3G11120	3481020	3481485	465
6517	AT3G11130	3482149	3492065	9916
6518	AT3G11150	3492804	3494653	1849
6519	AT3G11180	3503917	3507113	3196
6520	AT3G11210	3510663	3513379	2716
6521	AT3G11230	3516563	3518477	1914
6522	AT3G11280	3533207	3534994	1787
6523	AT3G11290	3535561	3537904	2343
6524	AT3G11325	3549771	3551800	2029
6525	AT3G11300	3539347	3540473	1126
6526	AT3G11320	3546276	3548877	2601
6527	AT3G11370	3561052	3563059	2007
6528	AT3G11385	3566517	3568975	2458
6529	AT3G11390	3569828	3572062	2234
6530	AT3G11402	3573319	3575803	2484
6531	AT3G11405	3580895	3581359	464
6532	AT3G11420	3591251	3594589	3338
6533	AT3G11450	3605126	3608092	2966
6534	AT3G11460	3608250	3610121	1871
6535	AT3G11470	3610147	3612639	2492
6536	AT3G11490	3617264	3620064	2800
6537	AT3G11500	3620962	3622637	1675
6538	AT3G11530	3628530	3630536	2006
6539	AT3G11520	3625286	3627273	1987
6540	AT3G11560	3639412	3646061	6649
6541	AT3G11580	3648902	3651726	2824
6542	AT3G11590	3660298	3663734	3436
6543	AT3G11591	3663544	3663986	442
6544	AT3G11600	3667205	3668303	1098
6545	AT3G11620	3669319	3672207	2888
6546	AT3G11630	3672036	3674159	2123
6547	AT3G11640	3674282	3675262	980
6548	AT3G11680	3686773	3689405	2632
6549	AT3G11690	3694956	3696749	1793
6550	AT3G11720	3705759	3708721	2962
6551	AT3G11740	3712360	3713537	1177
6552	AT3G11745	3713614	3714579	965
6553	AT3G11760	3717894	3721251	3357
6554	AT3G11800	3725989	3727741	1752
6555	AT3G11825	3731693	3732291	598
6556	AT3G11830	3732628	3736471	3843
6557	AT3G11850	3738753	3741753	3000
6558	AT3G11860	3744816	3746850	2034
6559	AT3G11870	3746998	3749093	2095
6560	AT3G11880	3751558	3754060	2502
6561	AT3G11890	3755456	3757842	2386
6562	AT3G11920	3772311	3774887	2576
6563	AT3G11930	3776177	3777751	1574
6564	AT3G11950	3783087	3785664	2577
6565	AT3G11960	3786314	3793728	7414
6566	AT3G11964	3793731	3806743	13012
6567	AT3G11990	3817294	3817946	652
6568	AT3G12000	3818046	3819642	1596
6569	AT3G12010	3820352	3825765	5413
6570	AT3G12020	3825980	3835146	9166
6571	AT3G59300	21918321	21922706	4385
6572	AT3G12050	3839101	3841606	2505
6573	AT3G12030	3834361	3835107	746
6574	AT3G12080	3847743	3852138	4395
6575	AT3G12100	3854487	3857319	2832
6576	AT3G12130	3864071	3866681	2610
6577	AT3G12150	3876339	3879068	2729
6578	AT3G12170	3880908	3882851	1943
6579	AT3G12180	3883330	3884864	1534
6580	AT3G12190	3886183	3886992	809
6581	AT3G12210	3894753	3896567	1814
6582	AT3G12260	3908940	3910475	1535
6583	AT3G12290	3919463	3921519	2056
6584	AT3G12320	3923515	3925502	1987
6585	AT3G12340	3925498	3929473	3975
6586	AT3G12345	3930019	3931000	981
6587	AT3G12350	3931451	3933404	1953
6588	AT3G12370	3937135	3938155	1020
6589	AT3G12390	3942257	3943809	1552
6590	AT3G12400	3943760	3945863	2103
6591	AT3G12410	3946036	3947039	1003
6592	AT3G12430	3949405	3950430	1025
6593	AT3G12540	3974802	3977369	2567
6594	AT3G12545	3977550	3978600	1050
6595	AT3G12580	3991117	3993886	2769
6596	AT3G12590	3995665	4003871	8206
6597	AT3G12620	4009270	4011675	2405
6598	AT3G12640	4014047	4017869	3822
6599	AT3G12650	4017830	4018631	801
6600	AT3G12685	4029183	4030355	1172
6601	AT3G12690	4030387	4033387	3000
6602	AT3G12740	4049309	4051775	2466
6603	AT3G12760	4054724	4058840	4116
6604	AT3G12810	4065042	4074194	9152
6605	AT3G12835	4083265	4083369	104
6606	AT3G12840	4085431	4085970	539
6607	AT3G12850	4088374	4090303	1929
6608	AT3G12860	4091567	4094195	2628
6609	AT3G12870	4094191	4095112	921
6610	AT3G12915	4112834	4115951	3117
6611	AT3G12930	4128334	4129956	1622
6612	AT3G12940	4129585	4132467	2882
6613	AT3G12950	4132491	4135264	2773
6614	AT3G12955	4135406	4136143	737
6615	AT3G12977	4143524	4146037	2513
6616	AT3G59310	21921746	21924435	2689
6617	AT3G13000	4157713	4162065	4352
6618	AT3G13010	4162757	4164733	1976
6619	AT3G13020	4166806	4168917	2111
6620	AT3G13030	4169541	4172122	2581
6621	AT3G13040	4172137	4175457	3320
6622	AT3G13062	4184340	4187453	3113
6623	AT3G13065	4187371	4191298	3927
6624	AT3G13070	4191237	4195471	4234
6625	AT3G13075	4195219	4195500	281
6626	AT3G13100	4208729	4214530	5801
6627	AT3G13120	4219310	4221666	2356
6628	AT3G13150	4227737	4229752	2015
6629	AT3G13170	4231395	4234206	2811
6630	AT3G13175	4235075	4235814	739
6631	AT3G13180	4235950	4240116	4166
6632	AT3G13210	4244900	4247846	2946
6633	AT3G13224	4254726	4257409	2683
6634	AT3G13225	4258667	4262916	4249
6635	AT3G13226	4264194	4266388	2194
6636	AT3G13227	4257882	4258648	766
6637	AT3G13230	4269943	4271375	1432
6638	AT3G13240	4275463	4276531	1068
6639	AT3G13276	4294341	4294860	519
6640	AT3G13310	4310544	4311629	1085
6641	AT3G13340	4331531	4335092	3561
6642	AT3G13350	4335475	4338016	2541
6643	AT3G13370	4341664	4342230	566
6644	AT3G59320	21924488	21926895	2407
6645	AT3G13403	4358537	4358826	289
6646	AT3G13404	4358179	4359007	828
6647	AT3G13410	4361635	4364316	2681
6648	AT3G13420	4364480	4366969	2489
6649	AT3G13430	4367181	4369029	1848
6650	AT3G13432	4371441	4372226	785
6651	AT3G13433	4374214	4374784	570
6652	AT3G13435	4375300	4376127	827
6653	AT3G13437	4376345	4376976	631
6654	AT3G13440	4377097	4379575	2478
6655	AT3G13445	4379793	4382224	2431
6656	AT3G13480	4392463	4394367	1904
6657	AT3G13500	4399836	4400445	609
6658	AT3G13510	4403355	4406091	2736
6659	AT3G13560	4425191	4428199	3008
6660	AT3G13580	4433047	4435305	2258
6661	AT3G13590	4435316	4437334	2018
6662	AT3G13600	4444554	4447660	3106
6663	AT3G13630	4456954	4458179	1225
6664	AT3G13650	4462841	4463955	1114
6665	AT3G13670	4469153	4473547	4394
6666	AT3G13672	4472562	4474378	1816
6667	AT3G13674	4474620	4475979	1359
6668	AT3G13690	4485623	4490420	4797
6669	AT3G13700	4490628	4493737	3109
6670	AT3G13740	4504067	4506320	2253
6671	AT3G13760	4517496	4519627	2131
6672	AT3G13770	4519631	4521533	1902
6673	AT3G13780	4525033	4526433	1400
6674	AT3G13790	4532762	4535914	3152
6675	AT3G13800	4538328	4541823	3495
6676	AT3G13820	4549616	4551011	1395
6677	AT3G13830	4553943	4555076	1133
6678	AT3G13857	4561107	4561345	238
6679	AT3G13870	4565370	4571355	5985
6680	AT3G13860	4561517	4565335	3818
6681	AT3G13880	4572075	4574490	2415
6682	AT3G13882	4574521	4576107	1586
6683	AT3G13900	4585684	4591035	5351
6684	AT3G13910	4590684	4591541	857
6685	AT3G13930	4595767	4600469	4702
6686	AT3G13940	4600422	4602582	2160
6687	AT3G13950	4603885	4605513	1628
6688	AT3G13960	4608076	4610497	2421
6689	AT3G13980	4618939	4620305	1366
6690	AT3G13990	4625383	4630613	5230
6691	AT3G14010	4636063	4641149	5086
6692	AT3G59330	21926961	21928499	1538
6693	AT3G14030	4646272	4647124	852
6694	AT3G14040	4648236	4650319	2083
6695	AT3G14075	4663569	4667079	3510
6696	AT3G14060	4656782	4657723	941
6697	AT3G14067	4658039	4660945	2906
6698	AT3G14100	4672916	4676162	3246
6699	AT3G14120	4677699	4685666	7967
6700	AT3G14130	4685646	4688309	2663
6701	AT3G14140	4688546	4690404	1858
6702	AT3G14160	4693309	4695604	2295
6703	AT3G14170	4695886	4698153	2267
6704	AT3G14172	4698457	4705828	7371
6705	AT3G14190	4710483	4712569	2086
6706	AT3G14200	4712574	4714698	2124
6707	AT3G14205	4715650	4721003	5353
6708	AT3G14220	4732828	4734609	1781
6709	AT3G14240	4741287	4744263	2976
6710	AT3G59340	21928692	21931570	2878
6711	AT3G14250	4745926	4746958	1032
6712	AT3G14280	4761432	4762457	1025
6713	AT3G14290	4764024	4766609	2585
6714	AT3G14320	4777594	4778345	751
6715	AT3G14330	4778959	4782452	3493
6716	AT3G14340	4782757	4783137	380
6717	AT3G14360	4791448	4793684	2236
6718	AT3G14390	4806670	4809433	2763
6719	AT3G14410	4815763	4817981	2218
6720	AT3G14430	4824158	4824913	755
6721	AT3G14452	4851696	4851812	116
6722	AT3G14460	4851990	4856450	4460
6723	AT3G14463	4852291	4853198	907
6724	AT3G14467	4856537	4856923	386
6725	AT3G14470	4857464	4861293	3829
6726	AT3G14480	4862153	4862680	527
6727	AT3G14490	4863613	4865949	2336
6728	AT3G14510	4867144	4868640	1496
6729	AT3G14520	4875657	4878338	2681
6730	AT3G14540	4881320	4884012	2692
6731	AT3G14560	4889063	4890215	1152
6732	AT3G14580	4902953	4904229	1276
6733	AT3G14595	4908731	4910521	1790
6734	AT3G14670	4927682	4929018	1336
6735	AT3G14700	4940318	4941398	1080
6736	AT3G14710	4941481	4943064	1583
6737	AT3G14730	4949178	4951346	2168
6738	AT3G14720	4945601	4949042	3441
6739	AT3G14740	4952004	4953510	1506
6740	AT3G14750	4953547	4955754	2207
6741	AT3G14760	4956349	4957306	957
6742	AT3G14820	4978726	4980241	1515
6743	AT3G14830	4982588	4985860	3272
6744	AT3G14840	4988008	4994109	6101
6745	AT3G14860	4998304	5001046	2742
6746	AT3G14870	5002271	5005877	3606
6747	AT3G14880	5006526	5008037	1511
6748	AT3G14890	5008676	5013265	4589
6749	AT3G14910	5015411	5017861	2450
6750	AT3G14920	5017941	5020476	2535
6751	AT3G14940	5025184	5029886	4702
6752	AT3G14950	5029987	5033102	3115
6753	AT3G14960	5035841	5038114	2273
6754	AT3G14970	5039071	5039733	662
6755	AT3G14990	5047376	5049971	2595
6756	AT3G15010	5052725	5056017	3292
6757	AT3G15040	5064704	5066745	2041
6758	AT3G15070	5070134	5073440	3306
6759	AT3G15080	5074216	5076566	2350
6760	AT3G15090	5076624	5079159	2535
6761	AT3G15111	5085860	5085976	116
6762	AT3G15120	5088093	5095965	7872
6763	AT3G15130	5096402	5099371	2969
6764	AT3G15140	5099426	5101880	2454
6765	AT3G15160	5104367	5108509	4142
6766	AT3G15180	5111873	5116068	4195
6767	AT3G15220	5126590	5132330	5740
6768	AT3G15240	5133444	5136032	2588
6769	AT3G15251	5137205	5137318	113
6770	AT3G15260	5138684	5142873	4189
6771	AT3G15290	5144938	5146860	1922
6772	AT3G15340	5159698	5162945	3247
6773	AT3G15350	5166175	5169229	3054
6774	AT3G15355	5183641	5186929	3288
6775	AT3G15359	5173496	5173805	309
6776	AT3G15380	5193203	5196591	3388
6777	AT3G15410	5203205	5207574	4369
6778	AT3G15430	5208559	5211779	3220
6779	AT3G15460	5214084	5216261	2177
6780	AT3G15470	5216262	5220274	4012
6781	AT3G15510	5243432	5245510	2078
6782	AT3G15520	5249599	5252792	3193
6783	AT3G15548	5267063	5267164	101
6784	AT3G15550	5267204	5270118	2914
6785	AT3G15570	5269849	5271984	2135
6786	AT3G15578	5273691	5273873	182
6787	AT3G15590	5275387	5278019	2632
6788	AT3G15604	5287380	5287544	164
6789	AT3G15605	5287323	5290971	3648
6790	AT3G15610	5290847	5293241	2394
6791	AT3G15635	5297396	5297786	390
6792	AT3G15640	5298991	5301745	2754
6793	AT3G15650	5305549	5307979	2430
6794	AT3G15660	5307694	5309624	1930
6795	AT3G15690	5316916	5320121	3205
6796	AT3G15720	5325127	5327672	2545
6797	AT3G15730	5330194	5333745	3551
6798	AT3G15800	5344989	5347147	2158
6799	AT3G15850	5358601	5361185	2584
6800	AT3G59350	21932337	21935231	2894
6801	AT3G15890	5374248	5376275	2027
6802	AT3G15909	5381603	5381740	137
6803	AT3G15920	5383595	5390219	6624
6804	AT3G15930	5387444	5389690	2246
6805	AT3G15940	5393451	5396994	3543
6806	AT3G15960	5403970	5406461	2491
6807	AT3G15970	5408792	5411153	2361
6808	AT3G15980	5411278	5418632	7354
6809	AT3G16010	5433526	5436828	3302
6810	AT3G16060	5447272	5451562	4290
6811	AT3G16117	5464543	5464710	167
6812	AT3G16160	5473366	5475347	1981
6813	AT3G16180	5481325	5485187	3862
6814	AT3G16200	5491398	5493681	2283
6815	AT3G16220	5497481	5499474	1993
6816	AT3G16230	5500054	5503573	3519
6817	AT3G16270	5513267	5517606	4339
6818	AT3G16310	5526249	5528602	2353
6819	AT3G59390	21946086	21948372	2286
6820	AT3G16350	5547492	5549862	2370
6821	AT3G16370	5556710	5558982	2272
6822	AT3G16432	5583943	5584128	185
6823	AT3G16520	5618408	5620969	2561
6824	AT3G16525	5621885	5625108	3223
6825	AT3G16560	5635593	5638798	3205
6826	AT3G16565	5639704	5642774	3070
6827	AT3G16600	5652839	5655670	2831
6828	AT3G16610	5656215	5658335	2120
6829	AT3G16650	5671018	5675438	4420
6830	AT3G16700	5687696	5689796	2100
6831	AT3G16712	5691801	5692016	215
6832	AT3G16760	5702929	5705494	2565
6833	AT3G16800	5720941	5723185	2244
6834	AT3G16840	5737886	5743335	5449
6835	AT3G16850	5748497	5751301	2804
6836	AT3G16890	5767977	5770488	2511
6837	AT3G16910	5772743	5775841	3098
6838	AT3G16940	5781418	5786310	4892
6839	AT3G16970	5793668	5794090	422
6840	AT3G17030	5804291	5808578	4287
6841	AT3G17010	5800272	5802468	2196
6842	AT3G17070	5820832	5823353	2521
6843	AT3G17090	5826586	5829900	3314
6844	AT3G17120	5841046	5843624	2578
6845	AT3G17250	5892550	5894518	1968
6846	AT3G17340	5920338	5927037	6699
6847	AT3G17365	5946915	5948868	1953
6848	AT3G17370	5949006	5949644	638
6849	AT3G17380	5950190	5952235	2045
6850	AT3G17410	5955862	5959214	3352
6851	AT3G17430	5965869	5969296	3427
6852	AT3G17450	5972580	5976211	3631
6853	AT3G17712	6056870	6060330	3460
6854	AT3G17740	6067684	6072856	5172
6855	AT3G17750	6073731	6078748	5017
6856	AT3G17760	6078727	6081355	2628
6857	AT3G17770	6081639	6086203	4564
6858	AT3G17800	6091110	6093151	2041
6859	AT3G17830	6101753	6104805	3052
6860	AT3G17860	6119707	6123044	3337
6861	AT3G17850	6109409	6116529	7120
6862	AT3G17940	6143414	6145374	1960
6863	AT3G17900	6128506	6133386	4880
6864	AT3G17910	6133384	6136405	3021
6865	AT3G17920	6136986	6142157	5171
6866	AT3G17970	6147906	6152082	4176
6867	AT3G18020	6165440	6167515	2075
6868	AT3G18010	6160733	6163453	2720
6869	AT3G18050	6180621	6182899	2278
6870	AT3G18060	6183612	6187151	3539
6871	AT3G18190	6232108	6234183	2075
6872	AT3G18210	6237902	6240605	2703
6873	AT3G18215	6240769	6243078	2309
6874	AT3G18230	6251315	6254221	2906
6875	AT3G18240	6254842	6258090	3248
6876	AT3G18250	6258060	6258426	366
6877	AT3G18291	6280584	6280824	240
6878	AT3G18310	6284356	6287225	2869
6879	AT3G18300	6281923	6284372	2449
6880	AT3G18350	6296677	6300673	3996
6881	AT3G18390	6313471	6318062	4591
6882	AT3G18500	6352447	6355463	3016
6883	AT3G18520	6361159	6365705	4546
6884	AT3G18524	6367941	6372685	4744
6885	AT3G18530	6373525	6375723	2198
6886	AT3G18535	6375269	6377625	2356
6887	AT3G18550	6383289	6385815	2526
6888	AT3G18600	6399532	6403392	3860
6889	AT3G18630	6410958	6413196	2238
6890	AT3G18620	6408261	6411064	2803
6891	AT3G18640	6413270	6416599	3329
6892	AT3G18660	6419013	6422141	3128
6893	AT3G18670	6423900	6426561	2661
6894	AT3G18680	6427403	6429692	2289
6895	AT3G18780	6474710	6477204	2494
6896	AT3G18770	6459816	6463101	3285
6897	AT3G18790	6477661	6479582	1921
6898	AT3G18840	6496135	6498388	2253
6899	AT3G18860	6501668	6508553	6885
6900	AT3G18900	6516891	6519906	3015
6901	AT3G18930	6523379	6526044	2665
6902	AT3G18940	6526734	6529173	2439
6903	AT3G18950	6536534	6538679	2145
6904	AT3G19010	6556197	6558648	2451
6905	AT3G19020	6558964	6562377	3413
6906	AT3G19035	6565949	6566053	104
6907	AT3G19080	6595344	6599089	3745
6908	AT3G59630	22025003	22028523	3520
6909	AT3G19100	6605296	6609295	3999
6910	AT3G19184	6637347	6639278	1931
6911	AT3G19230	6660800	6663558	2758
6912	AT3G19240	6664044	6667021	2977
6913	AT3G19290	6687042	6690123	3081
6914	AT3G19300	6690118	6693380	3262
6915	AT3G19310	6694114	6696357	2243
6916	AT3G19330	6699267	6701300	2033
6917	AT3G19340	6701273	6704312	3039
6918	AT3G19360	6707133	6709191	2058
6919	AT3G19370	6710349	6713678	3329
6920	AT3G19390	6722825	6725110	2285
6921	AT3G19430	6736061	6738518	2457
6922	AT3G19440	6740695	6743298	2603
6923	AT3G19450	6744377	6747238	2861
6924	AT3G19460	6747268	6749329	2061
6925	AT3G19500	6759016	6761007	1991
6926	AT3G19515	6766621	6771169	4548
6927	AT3G19520	6772570	6775445	2875
6928	AT3G19540	6780563	6783166	2603
6929	AT3G19600	6808585	6811808	3223
6930	AT3G19590	6805622	6808593	2971
6931	AT3G19610	6812181	6814783	2602
6932	AT3G19620	6815503	6818329	2826
6933	AT3G19630	6818387	6820762	2375
6934	AT3G19650	6823316	6825350	2034
6935	AT3G19680	6840281	6842320	2039
6936	AT3G19740	6855688	6863547	7859
6937	AT3G19760	6863661	6866646	2985
6938	AT3G19780	6870130	6874850	4720
6939	AT3G19810	6877575	6879543	1968
6940	AT3G19840	6890988	6897510	6522
6941	AT3G19850	6898163	6901334	3171
6942	AT3G19870	6907053	6911246	4193
6943	AT3G19895	6917242	6921600	4358
6944	AT3G19900	6922470	6925175	2705
6945	AT3G19910	6926189	6929567	3378
6946	AT3G19920	6929649	6931825	2176
6947	AT3G19950	6942623	6945224	2601
6948	AT3G19970	6958509	6961684	3175
6949	AT3G59660	22034171	22038709	4538
6950	AT3G20000	6967462	6970652	3190
6951	AT3G20010	6970683	6976691	6008
6952	AT3G20015	6978477	6980523	2046
6953	AT3G20040	6994770	6998185	3415
6954	AT3G20120	7023293	7025982	2689
6955	AT3G20130	7026808	7028916	2108
6956	AT3G20150	7031171	7037010	5839
6957	AT3G20200	7047409	7051382	3973
6958	AT3G59670	22039476	22042726	3250
6959	AT3G59680	22043919	22046047	2128
6960	AT3G20240	7056903	7058950	2047
6961	AT3G20260	7063910	7066729	2819
6962	AT3G20270	7067057	7071039	3982
6963	AT3G20280	7071193	7074697	3504
6964	AT3G20300	7079492	7082178	2686
6965	AT3G20330	7089989	7092670	2681
6966	AT3G20350	7096310	7099798	3488
6967	AT3G20390	7109862	7111929	2067
6968	AT3G20370	7105371	7107389	2018
6969	AT3G20395	7111934	7113899	1965
6970	AT3G20430	7121062	7123203	2141
6971	AT3G20460	7134885	7139644	4759
6972	AT3G20490	7153511	7156536	3025
6973	AT3G20530	7166027	7168060	2033
6974	AT3G20620	7198450	7202717	4267
6975	AT3G20640	7210310	7213474	3164
6976	AT3G20650	7220733	7224090	3357
6977	AT3G20720	7239896	7247030	7134
6978	AT3G20730	7246896	7248878	1982
6979	AT3G20760	7256656	7259854	3198
6980	AT3G20790	7268714	7271287	2573
6981	AT3G20810	7275645	7278420	2775
6982	AT3G20800	7271137	7274013	2876
6983	AT3G20870	7309275	7312795	3520
6984	AT3G20890	7319789	7321803	2014
6985	AT3G20920	7328576	7330751	2175
6986	AT3G20950	7342675	7344744	2069
6987	AT3G20930	7331662	7334485	2823
6988	AT3G20940	7339640	7341703	2063
6989	AT3G20980	7355963	7357966	2003
6990	AT3G21100	7398959	7402525	3566
6991	AT3G21140	7409421	7412457	3036
6992	AT3G21210	7437964	7440826	2862
6993	AT3G21220	7445604	7448498	2894
6994	AT3G21290	7482106	7488935	6829
6995	AT3G21295	7489167	7492896	3729
6996	AT3G21300	7492739	7496371	3632
6997	AT3G21310	7497240	7500323	3083
6998	AT3G21320	7498812	7501888	3076
6999	AT3G21330	7507240	7509186	1946
7000	AT3G21340	7511756	7516073	4317
7001	AT3G21371	7527704	7527910	206
7002	AT3G21380	7528181	7530686	2505
7003	AT3G21390	7531353	7534600	3247
7004	AT3G21400	7534580	7536523	1943
7005	AT3G21405	7536082	7536288	206
7006	AT3G59710	22054667	22057156	2489
7007	AT3G21465	7560688	7563472	2784
7008	AT3G21480	7567565	7572202	4637
7009	AT3G21510	7577712	7579789	2077
7010	AT3G21530	7582740	7585856	3116
7011	AT3G21540	7585886	7590998	5112
7012	AT3G21590	7603939	7605914	1975
7013	AT3G21600	7606460	7608477	2017
7014	AT3G21620	7610958	7614493	3535
7015	AT3G21650	7621569	7624133	2564
7016	AT3G21660	7624406	7626654	2248
7017	AT3G21670	7626757	7629205	2448
7018	AT3G21690	7638584	7642389	3805
7019	AT3G21740	7662186	7664098	1912
7020	AT3G21750	7664345	7666305	1960
7021	AT3G21810	7684356	7688616	4260
7022	AT3G21825	7692122	7692488	366
7023	AT3G21950	7734219	7736493	2274
7024	AT3G22022	7757829	7758032	203
7025	AT3G22104	7789342	7792410	3068
7026	AT3G22125	7803338	7808056	4718
7027	AT3G22142	7803492	7808046	4554
7028	AT3G22150	7812861	7816011	3150
7029	AT3G59740	22066987	22069058	2071
7030	AT3G59750	22069830	22071837	2007
7031	AT3G22180	7827036	7830856	3820
7032	AT3G22183	7831129	7831371	242
7033	AT3G22250	7867753	7870229	2476
7034	AT3G22220	7839504	7842874	3370
7035	AT3G22260	7870826	7873597	2771
7036	AT3G22270	7874145	7878812	4667
7037	AT3G22290	7881547	7885592	4045
7038	AT3G22400	7926728	7931351	4623
7039	AT3G22410	7933119	7935925	2806
7040	AT3G22430	7953260	7958142	4882
7041	AT3G22436	7957898	7958156	258
7042	AT3G22440	7959753	7962371	2618
7043	AT3G22470	7965954	7967990	2036
7044	AT3G22520	7974720	7978648	3928
7045	AT3G22550	7991403	7993588	2185
7046	AT3G22565	7999419	8001340	1921
7047	AT3G22690	8021229	8024594	3365
7048	AT3G22723	8030474	8030629	155
7049	AT3G22760	8044410	8048263	3853
7050	AT3G22750	8037139	8040152	3013
7051	AT3G22800	8062712	8064649	1937
7052	AT3G22810	8068418	8071795	3377
7053	AT3G22910	8116292	8119490	3198
7054	AT3G22970	8152038	8154149	2111
7055	AT3G22980	8160075	8163788	3713
7056	AT3G23020	8177002	8180122	3120
7057	AT3G23060	8200636	8203335	2699
7058	AT3G23080	8207287	8209329	2042
7059	AT3G23090	8214289	8217206	2917
7060	AT3G23160	8259774	8262089	2315
7061	AT3G23270	8316218	8320487	4269
7062	AT3G23290	8326628	8328557	1929
7063	AT3G23310	8338871	8343737	4866
7064	AT3G23330	8347127	8349514	2387
7065	AT3G23370	8357569	8361171	3602
7066	AT3G23450	8410048	8412213	2165
7067	AT3G23430	8387398	8393467	6069
7068	AT3G23460	8412319	8414376	2057
7069	AT3G23470	8414616	8418784	4168
7070	AT3G23480	8418778	8422975	4197
7071	AT3G23490	8422649	8424652	2003
7072	AT3G23510	8427557	8433340	5783
7073	AT3G23530	8436436	8442847	6411
7074	AT3G23540	8443233	8448341	5108
7075	AT3G23550	8448273	8450799	2526
7076	AT3G23570	8457767	8459990	2223
7077	AT3G23600	8473627	8476024	2397
7078	AT3G23610	8477800	8479877	2077
7079	AT3G23620	8480025	8482222	2197
7080	AT3G23640	8501556	8509649	8093
7081	AT3G23660	8513453	8517944	4491
7082	AT3G23690	8528609	8531358	2749
7083	AT3G23700	8531374	8533834	2460
7084	AT3G23710	8533848	8536541	2693
7085	AT3G23740	8551772	8554839	3067
7086	AT3G23750	8558060	8561766	3706
7087	AT3G23760	8562745	8564717	1972
7088	AT3G23770	8565494	8567496	2002
7089	AT3G23780	8567572	8574209	6637
7090	AT3G23860	8616804	8619285	2481
7091	AT3G23870	8619192	8621949	2757
7092	AT3G23910	8636331	8639580	3249
7093	AT3G23940	8648669	8652605	3936
7094	AT3G23955	8655023	8657439	2416
7095	AT3G24000	8672718	8674881	2163
7096	AT3G24040	8680877	8683289	2412
7097	AT3G24068	8692191	8692676	485
7098	AT3G24080	8694867	8697142	2275
7099	AT3G24120	8705608	8708336	2728
7100	AT3G24180	8734611	8741819	7208
7101	AT3G24190	8743113	8747901	4788
7102	AT3G24200	8747831	8751685	3854
7103	AT3G24210	8753385	8756151	2766
7104	AT3G24230	8774541	8777612	3071
7105	AT3G24240	8780238	8784453	4215
7106	AT3G24255	8788814	8793371	4557
7107	AT3G24360	8839670	8842929	3259
7108	AT3G24420	8862813	8865239	2426
7109	AT3G24430	8868583	8872346	3763
7110	AT3G24440	8875784	8878481	2697
7111	AT3G24460	8885818	8893203	7385
7112	AT3G24465	8894870	8895140	270
7113	AT3G24513	8933920	8934390	470
7114	AT3G24530	8945385	8948017	2632
7115	AT3G24570	8966521	8968676	2155
7116	AT3G24575	8968261	8968623	362
7117	AT3G24670	9005939	9008801	2862
7118	AT3G24710	9024167	9024367	200
7119	AT3G24715	9024943	9030311	5368
7120	AT3G24760	9040014	9042093	2079
7121	AT3G24780	9049090	9051752	2662
7122	AT3G24820	9062354	9064476	2122
7123	AT3G24840	9066601	9070661	4060
7124	AT3G24870	9074665	9085419	10754
7125	AT3G24880	9085720	9096689	10969
7126	AT3G24929	9103981	9109606	5625
7127	AT3G25013	9113875	9116673	2798
7128	AT3G25014	9114546	9114707	161
7129	AT3G25030	9120859	9123562	2703
7130	AT3G25100	9143916	9146236	2320
7131	AT3G25060	9128421	9130452	2031
7132	AT3G25150	9156822	9160100	3278
7133	AT3G25160	9160168	9162220	2052
7134	AT3G25260	9199438	9202000	2562
7135	AT3G25410	9214278	9216663	2385
7136	AT3G25430	9221135	9223866	2731
7137	AT3G25470	9232821	9235215	2394
7138	AT3G25505	9260826	9263742	2916
7139	AT3G25510	9263795	9268972	5177
7140	AT3G25570	9287178	9289338	2160
7141	AT3G25573	9290253	9290810	557
7142	AT3G25580	9292345	9294456	2111
7143	AT3G25590	9301747	9304088	2341
7144	AT3G25610	9308744	9313599	4855
7145	AT3G25620	9316074	9319660	3586
7146	AT3G25690	9352444	9357953	5509
7147	AT3G25660	9339342	9342223	2881
7148	AT3G25670	9344313	9346424	2111
7149	AT3G25680	9349612	9352427	2815
7150	AT3G25716	9373118	9373413	295
7151	AT3G25790	9413052	9415240	2188
7152	AT3G25805	9426238	9428277	2039
7153	AT3G25810	9430762	9434000	3238
7154	AT3G25840	9451861	9457554	5693
7155	AT3G25900	9480746	9482962	2216
7156	AT3G25910	9489221	9491130	1909
7157	AT3G25970	9500016	9502253	2237
7158	AT3G25990	9504677	9506787	2110
7159	AT3G26000	9506778	9509302	2524
7160	AT3G26020	9513645	9516930	3285
7161	AT3G26050	9521737	9524583	2846
7162	AT3G26070	9526687	9528703	2016
7163	AT3G26085	9530595	9532613	2018
7164	AT3G26100	9536859	9540453	3594
7165	AT3G26110	9541483	9542164	681
7166	AT3G26115	9542268	9544497	2229
7167	AT3G26130	9551789	9555667	3878
7168	AT3G26140	9559555	9563322	3767
7169	AT3G26240	9603889	9607193	3304
7170	AT3G26340	9650316	9652936	2620
7171	AT3G26355	9654475	9654538	63
7172	AT3G26370	9656680	9659945	3265
7173	AT3G26380	9660006	9663325	3319
7174	AT3G26420	9671517	9676005	4488
7175	AT3G26430	9671517	9675927	4410
7176	AT3G26440	9676564	9683499	6935
7177	AT3G26450	9681235	9683506	2271
7178	AT3G26480	9687273	9690966	3693
7179	AT3G26490	9703525	9706446	2921
7180	AT3G26510	9710326	9712900	2574
7181	AT3G26540	9744542	9746652	2110
7182	AT3G26550	9746830	9749102	2272
7183	AT3G26560	9749493	9753855	4362
7184	AT3G26590	9761672	9765570	3898
7185	AT3G26610	9776958	9780553	3595
7186	AT3G26670	9797984	9801209	3225
7187	AT3G26700	9809582	9812674	3092
7188	AT3G26720	9816563	9823327	6764
7189	AT3G26730	9823524	9827547	4023
7190	AT3G26750	9839925	9842079	2154
7191	AT3G26782	9850531	9852864	2333
7192	AT3G26840	9892791	9896337	3546
7193	AT3G26820	9881128	9885202	4074
7194	AT3G26850	9895542	9898006	2464
7195	AT3G26870	9903288	9903680	392
7196	AT3G26890	9907150	9911933	4783
7197	AT3G26910	9914959	9918810	3851
7198	AT3G26920	9920429	9922642	2213
7199	AT3G26922	9922719	9924725	2006
7200	AT3G26935	9932526	9935499	2973
7201	AT3G26950	9941107	9943882	2775
7202	AT3G26990	9948125	9952055	3930
7203	AT3G27025	9969551	9971681	2130
7204	AT3G27090	9989511	9991903	2392
7205	AT3G27110	9997808	10000230	2422
7206	AT3G27120	10000248	10004306	4058
7207	AT3G27150	10009442	10011807	2365
7208	AT3G27180	10026837	10030087	3250
7209	AT3G27210	10045174	10047453	2279
7210	AT3G27220	10051069	10053761	2692
7211	AT3G27230	10053929	10055841	1912
7212	AT3G27240	10055730	10058773	3043
7213	AT3G27270	10073082	10076357	3275
7214	AT3G27290	10079462	10081533	2071
7215	AT3G27300	10083009	10086798	3789
7216	AT3G27320	10090056	10092791	2735
7217	AT3G27325	10095015	10102423	7408
7218	AT3G27329	10114192	10114560	368
7219	AT3G27350	10125659	10128756	3097
7220	AT3G27390	10133177	10136665	3488
7221	AT3G27400	10140200	10143249	3049
7222	AT3G27416	10147371	10147892	521
7223	AT3G27470	10162960	10167546	4586
7224	AT3G27473	10169123	10172060	2937
7225	AT3G27475	10172279	10175581	3302
7226	AT3G27480	10173220	10175604	2384
7227	AT3G27490	10177892	10180175	2283
7228	AT3G27495	10182295	10182561	266
7229	AT3G27500	10182730	10185198	2468
7230	AT3G27510	10188134	10190348	2214
7231	AT3G27540	10205074	10207423	2349
7232	AT3G27560	10210417	10213093	2676
7233	AT3G27550	10207727	10210231	2504
7234	AT3G27570	10213996	10216964	2968
7235	AT3G27610	10225486	10228264	2778
7236	AT3G27640	10232242	10235640	3398
7237	AT3G27650	10238514	10240648	2134
7238	AT3G27680	10254886	10255290	404
7239	AT3G27700	10256895	10261975	5080
7240	AT3G27770	10285657	10287931	2274
7241	AT3G27860	10325834	10328323	2489
7242	AT3G27870	10330547	10335490	4943
7243	AT3G27906	10353952	10356625	2673
7244	AT3G27930	10369298	10372534	3236
7245	AT3G27950	10377957	10379907	1950
7246	AT3G27970	10389482	10391703	2221
7247	AT3G27980	10393904	10395861	1957
7248	AT3G28030	10424179	10431364	7185
7249	AT3G28040	10434924	10438484	3560
7250	AT3G28050	10442608	10445431	2823
7251	AT3G28100	10456029	10461000	4971
7252	AT3G28120	10463794	10464000	206
7253	AT3G28130	10465260	10468958	3698
7254	AT3G28150	10471842	10473952	2110
7255	AT3G28180	10505711	10509265	3554
7256	AT3G28170	10498177	10500360	2183
7257	AT3G28193	10514634	10514762	128
7258	AT3G28216	10523185	10523424	239
7259	AT3G28220	10524181	10526733	2552
7260	AT3G28243	10532389	10532502	113
7261	AT3G28270	10538005	10540070	2065
7262	AT3G28291	10550927	10551106	179
7263	AT3G28310	10576961	10577375	414
7264	AT3G28370	10620534	10624618	4084
7265	AT3G28410	10640152	10642071	1919
7266	AT3G28430	10656979	10662772	5793
7267	AT3G28450	10667135	10669428	2293
7268	AT3G28460	10672041	10674456	2415
7269	AT3G28480	10675986	10678388	2402
7270	AT3G28510	10685470	10687429	1959
7271	AT3G28530	10690637	10690714	77
7272	AT3G28540	10694175	10696249	2074
7273	AT3G28550	10700562	10704018	3456
7274	AT3G28590	10718320	10718787	467
7275	AT3G28630	10728951	10730898	1947
7276	AT3G28650	10735637	10738397	2760
7277	AT3G28660	10738704	10740930	2226
7278	AT3G28670	10743769	10747202	3433
7279	AT3G28690	10754808	10757885	3077
7280	AT3G28700	10759541	10762209	2668
7281	AT3G28710	10772871	10775809	2938
7282	AT3G28715	10777837	10780664	2827
7283	AT3G28720	10782095	10784634	2539
7284	AT3G28760	10792933	10795385	2452
7285	AT3G28770	10796695	10803453	6758
7286	AT3G28780	10805857	10808461	2604
7287	AT3G28785	10810579	10811197	618
7288	AT3G28820	10827647	10829629	1982
7289	AT3G28830	10831162	10833436	2274
7290	AT3G28850	10848241	10850286	2045
7291	AT3G28853	10851718	10852080	362
7292	AT3G28880	10893616	10895895	2279
7293	AT3G28899	10902184	10902515	331
7294	AT3G28918	10932966	10933058	92
7295	AT3G28956	10980401	10982757	2356
7296	AT3G28958	10982706	10983532	826
7297	AT3G28960	10984050	10987203	3153
7298	AT3G29060	11044731	11048677	3946
7299	AT3G29080	11069352	11071376	2024
7300	AT3G29110	11082152	11086003	3851
7301	AT3G29130	11099603	11104073	4470
7302	AT3G29170	11135951	11138010	2059
7303	AT3G29180	11148167	11151633	3466
7304	AT3G29185	11154903	11157293	2390
7305	AT3G29190	11159192	11163336	4144
7306	AT3G29200	11163839	11166458	2619
7307	AT3G29230	11188570	11191195	2625
7308	AT3G29255	11209586	11213909	4323
7309	AT3G29270	11234173	11236458	2285
7310	AT3G29310	11249558	11251821	2263
7311	AT3G29340	11259564	11262440	2876
7312	AT3G29375	11280151	11282158	2007
7313	AT3G29410	11302431	11305198	2767
7314	AT3G29450	11322669	11324582	1913
7315	AT3G29631	11470374	11470821	447
7316	AT3G29720	11549418	11551369	1951
7317	AT3G29760	11589464	11592371	2907
7318	AT3G29796	11708561	11713028	4467
7319	AT3G29797	11717591	11718128	537
7320	AT3G29800	11720096	11722103	2007
7321	AT3G30165	11797730	11798191	461
7322	AT3G30200	11827752	11834262	6510
7323	AT3G30230	11879235	11881788	2553
7324	AT3G30300	11921096	11924617	3521
7325	AT3G30320	11931287	11934694	3407
7326	AT3G30380	11973971	11976909	2938
7327	AT3G30390	11976837	11979646	2809
7328	AT3G30430	12064952	12065296	344
7329	AT3G30705	12271619	12271726	107
7330	AT3G30770	12445493	12448285	2792
7331	AT3G30840	12588452	12589026	574
7332	AT3G30841	12591378	12593551	2173
7333	AT3G30845	12624437	12624754	317
7334	AT3G31402	12770931	12773539	2608
7335	AT3G31900	12875071	12877422	2351
7336	AT3G31910	12907877	12910391	2514
7337	AT3G31950	12950113	12952593	2480
7338	AT3G32030	13032306	13035440	3134
7339	AT3G32180	13162413	13162787	374
7340	AT3G32200	13171081	13171527	446
7341	AT3G32260	13219168	13221456	2288
7342	AT3G32280	13233832	13240154	6322
7343	AT3G32380	13315792	13315983	191
7344	AT3G32400	13356995	13360630	3635
7345	AT3G32920	13484403	13489243	4840
7346	AT3G32940	13490828	13493834	3006
7347	AT3G32980	13526071	13530098	4027
7348	AT3G33393	14037798	14038234	436
7349	AT3G33530	14085248	14093670	8422
7350	AT3G42050	14228495	14233441	4946
7351	AT3G42060	14251600	14254269	2669
7352	AT3G42148	14308062	14308169	107
7353	AT3G42150	14309275	14311638	2363
7354	AT3G42180	14324181	14328722	4541
7355	AT3G42550	14665728	14669135	3407
7356	AT3G42560	14680265	14680760	495
7357	AT3G42723	14838392	14841189	2797
7358	AT3G42770	14867122	14870083	2961
7359	AT3G42850	14940002	14945319	5317
7360	AT3G42860	14946143	14948228	2085
7361	AT3G42950	15015086	15018653	3567
7362	AT3G42995	15051658	15051935	277
7363	AT3G43120	15094048	15095989	1941
7364	AT3G43148	15139995	15143123	3128
7365	AT3G43220	15196812	15203139	6327
7366	AT3G43230	15207367	15209853	2486
7367	AT3G43240	15209831	15214947	5116
7368	AT3G43260	15219454	15221723	2269
7369	AT3G43270	15222125	15225495	3370
7370	AT3G43415	15342812	15343309	497
7371	AT3G43480	15393978	15394463	485
7372	AT3G43520	15405984	15407949	1965
7373	AT3G43540	15430660	15433355	2695
7374	AT3G43572	15479021	15479233	212
7375	AT3G43574	15479819	15480028	209
7376	AT3G43610	15517576	15524096	6520
7377	AT3G43645	15560401	15560768	367
7378	AT3G43670	15567067	15569984	2917
7379	AT3G43890	15741297	15743612	2315
7380	AT3G43930	15760817	15763406	2589
7381	AT3G43990	15782538	15785184	2646
7382	AT3G44050	15818511	15825111	6600
7383	AT3G44160	15888840	15891988	3148
7384	AT3G44190	15901714	15903628	1914
7385	AT3G44235	15933284	15933963	679
7386	AT3G44261	15954539	15954667	128
7387	AT3G44280	15968515	15971200	2685
7388	AT3G44370	16030270	16035273	5003
7389	AT3G44400	16044662	16049803	5141
7390	AT3G44428	16067393	16067725	332
7391	AT3G44440	16070840	16071256	416
7392	AT3G44510	16108100	16111316	3216
7393	AT3G44610	16188129	16192365	4236
7394	AT3G44620	16193674	16195833	2159
7395	AT3G44630	16195848	16201225	5377
7396	AT3G44670	16216806	16221722	4916
7397	AT3G44690	16230685	16234310	3625
7398	AT3G44703	16239471	16244674	5203
7399	AT3G44713	16260205	16262484	2279
7400	AT3G44704	16244193	16244348	155
7401	AT3G44730	16283833	16291128	7295
7402	AT3G44740	16295853	16297970	2117
7403	AT3G44753	16300026	16302780	2754
7404	AT3G44769	16315610	16315922	312
7405	AT3G44785	16328221	16328448	227
7406	AT3G44820	16361289	16364750	3461
7407	AT3G44830	16368890	16372443	3553
7408	AT3G44850	16374243	16377263	3020
7409	AT3G44940	16413334	16415319	1985
7410	AT3G44950	16421045	16421286	241
7411	AT3G44970	16432286	16435124	2838
7412	AT3G44990	16446935	16448844	1909
7413	AT3G45040	16472538	16475830	3292
7414	AT3G45090	16490442	16495170	4728
7415	AT3G45252	16586048	16586364	316
7416	AT3G45260	16596358	16598811	2453
7417	AT3G45310	16628210	16630570	2360
7418	AT3G45330	16632261	16634569	2308
7419	AT3G45390	16647921	16649974	2053
7420	AT3G45400	16651573	16653728	2155
7421	AT3G45410	16653899	16656575	2676
7422	AT3G45420	16656773	16660240	3467
7423	AT3G45440	16664611	16667747	3136
7424	AT3G45443	16667638	16669608	1970
7425	AT3G45530	16701133	16703459	2326
7426	AT3G45560	16719630	16722674	3044
7427	AT3G45620	16745873	16748156	2283
7428	AT3G45630	16748092	16753843	5751
7429	AT3G45645	16756593	16756784	191
7430	AT3G45660	16761716	16764439	2723
7431	AT3G45673	16768075	16768257	182
7432	AT3G45680	16770888	16773185	2297
7433	AT3G45700	16778713	16781268	2555
7434	AT3G45710	16782588	16784772	2184
7435	AT3G45740	16790761	16793540	2779
7436	AT3G45750	16793515	16798000	4485
7437	AT3G45760	16801996	16804967	2971
7438	AT3G45770	16805473	16807950	2477
7439	AT3G45810	16832726	16837792	5066
7440	AT3G45830	16840652	16845580	4928
7441	AT3G45840	16847904	16849944	2040
7442	AT3G45850	16855500	16861529	6029
7443	AT3G45880	16868914	16871609	2695
7444	AT3G45900	16873869	16876083	2214
7445	AT3G45940	16886226	16889171	2945
7446	AT3G45990	16900778	16904136	3358
7447	AT3G46086	16925142	16925258	116
7448	AT3G46110	16931991	16933909	1918
7449	AT3G46150	16949531	16950145	614
7450	AT3G46190	16965105	16967345	2240
7451	AT3G46200	16968423	16971321	2898
7452	AT3G46210	16976631	16978923	2292
7453	AT3G46220	16979048	16984177	5129
7454	AT3G46240	16985843	16988064	2221
7455	AT3G46270	17000328	17004344	4016
7456	AT3G46280	17005423	17008528	3105
7457	AT3G46340	17026658	17031897	5239
7458	AT3G46350	17036427	17039547	3120
7459	AT3G46355	17039609	17041680	2071
7460	AT3G46370	17051520	17055514	3994
7461	AT3G46400	17073144	17077500	4356
7462	AT3G46420	17082108	17086534	4426
7463	AT3G46450	17092848	17095729	2881
7464	AT3G46480	17103173	17105625	2452
7465	AT3G46490	17115483	17119790	4307
7466	AT3G46500	17120351	17122875	2524
7467	AT3G46540	17133960	17136152	2192
7468	AT3G46600	17157585	17159965	2380
7469	AT3G46610	17159763	17162475	2712
7470	AT3G46650	17185453	17187821	2368
7471	AT3G46666	17191598	17191893	295
7472	AT3G46690	17197443	17199363	1920
7473	AT3G46710	17206183	17209203	3020
7474	AT3G46720	17210619	17212541	1922
7475	AT3G46730	17213069	17215755	2686
7476	AT3G46750	17219741	17221772	2031
7477	AT3G46800	17234494	17236668	2174
7478	AT3G46810	17238231	17240623	2392
7479	AT3G46840	17251011	17254113	3102
7480	AT3G46850	17256338	17259462	3124
7481	AT3G46890	17266341	17267128	787
7482	AT3G46920	17280430	17285048	4618
7483	AT3G46930	17285565	17288077	2512
7484	AT3G46960	17290873	17298222	7349
7485	AT3G46990	17311672	17313752	2080
7486	AT3G47000	17313646	17316639	2993
7487	AT3G47010	17316635	17319531	2896
7488	AT3G47040	17324102	17327152	3050
7489	AT3G47050	17327935	17330889	2954
7490	AT3G47080	17338102	17340543	2441
7491	AT3G47090	17341235	17344762	3527
7492	AT3G47110	17347103	17350953	3850
7493	AT3G47120	17350898	17352853	1955
7494	AT3G47160	17359758	17362240	2482
7495	AT3G47200	17377443	17379395	1952
7496	AT3G47210	17385161	17387244	2083
7497	AT3G47250	17399757	17401871	2114
7498	AT3G47290	17420397	17424342	3945
7499	AT3G47341	17441421	17441567	146
7500	AT3G47400	17465510	17468118	2608
7501	AT3G47490	17498148	17501006	2858
7502	AT3G47530	17517303	17519305	2002
7503	AT3G47550	17523367	17525540	2173
7504	AT3G47570	17527507	17531041	3534
7505	AT3G47580	17532612	17536059	3447
7506	AT3G47610	17549111	17551520	2409
7507	AT3G47630	17562941	17565685	2744
7508	AT3G47660	17570696	17574805	4109
7509	AT3G47675	17576101	17576537	436
7510	AT3G47680	17577398	17579577	2179
7511	AT3G47800	17634804	17637204	2400
7512	AT3G47840	17651841	17654032	2191
7513	AT3G47890	17666927	17673928	7001
7514	AT3G47910	17674287	17681730	7443
7515	AT3G47980	17710160	17712946	2786
7516	AT3G48040	17731337	17733513	2176
7517	AT3G48030	17725410	17728256	2846
7518	AT3G48060	17742989	17748785	5796
7519	AT3G48070	17750710	17752965	2255
7520	AT3G48080	17752463	17755190	2727
7521	AT3G48120	17772057	17774739	2682
7522	AT3G48187	17797628	17800168	2540
7523	AT3G48190	17801289	17828553	27264
7524	AT3G48195	17828572	17832759	4187
7525	AT3G48200	17832770	17837998	5228
7526	AT3G48209	17847681	17847884	203
7527	AT3G48230	17855112	17858120	3008
7528	AT3G48260	17872820	17875530	2710
7529	AT3G48298	17885542	17885667	125
7530	AT3G48346	17902972	17903751	779
7531	AT3G48380	17916416	17920315	3899
7532	AT3G48400	17923678	17925589	1911
7533	AT3G48410	17923551	17928280	4729
7534	AT3G48420	17929581	17931713	2132
7535	AT3G48425	17931705	17934744	3039
7536	AT3G48440	17941046	17943855	2809
7537	AT3G48480	17956936	17959124	2188
7538	AT3G48540	17989798	17992039	2241
7539	AT3G48710	18040675	18044368	3693
7540	AT3G48760	18075705	18078363	2658
7541	AT3G48790	18093267	18095329	2062
7542	AT3G48810	18097010	18099721	2711
7543	AT3G48820	18099712	18102941	3229
7544	AT3G48830	18103141	18106460	3319
7545	AT3G48835	18107490	18110289	2799
7546	AT3G48860	18117237	18122812	5575
7547	AT3G48880	18126788	18129251	2463
7548	AT3G48900	18131808	18136485	4677
7549	AT3G48890	18129452	18131592	2140
7550	AT3G48950	18147671	18150058	2387
7551	AT3G49000	18162560	18165986	3426
7552	AT3G49010	18166708	18168700	1992
7553	AT3G49050	18180907	18184048	3141
7554	AT3G49060	18186898	18192145	5247
7555	AT3G49080	18194154	18196784	2630
7556	AT3G49100	18196308	18198492	2184
7557	AT3G49140	18211863	18215743	3880
7558	AT3G49142	18215788	18217884	2096
7559	AT3G49160	18221794	18224905	3111
7560	AT3G49180	18229747	18232004	2257
7561	AT3G49190	18231845	18234391	2546
7562	AT3G49200	18235269	18237646	2377
7563	AT3G49210	18238044	18241524	3480
7564	AT3G49220	18249663	18253911	4248
7565	AT3G49310	18284787	18288118	3331
7566	AT3G49320	18288172	18290672	2500
7567	AT3G49350	18296990	18300189	3199
7568	AT3G49370	18304637	18308091	3454
7569	AT3G49400	18319060	18324624	5564
7570	AT3G49410	18324705	18329350	4645
7571	AT3G49420	18329330	18331431	2101
7572	AT3G49460	18340351	18340616	265
7573	AT3G49490	18344738	18348730	3992
7574	AT3G49530	18362443	18364959	2516
7575	AT3G49551	18368821	18368988	167
7576	AT3G49601	18387267	18389571	2304
7577	AT3G49630	18397725	18400640	2915
7578	AT3G49640	18400257	18402962	2705
7579	AT3G49645	18403002	18404987	1985
7580	AT3G49650	18404842	18409784	4942
7581	AT3G49670	18417568	18421263	3695
7582	AT3G49710	18437845	18440010	2165
7583	AT3G49720	18440003	18442211	2208
7584	AT3G49725	18442228	18445457	3229
7585	AT3G49730	18445546	18450181	4635
7586	AT3G49740	18447725	18450136	2411
7587	AT3G49744	18450232	18450405	173
7588	AT3G49790	18467959	18469962	2003
7589	AT3G49796	18471057	18471424	367
7590	AT3G49800	18471625	18473771	2146
7591	AT3G49810	18474305	18477032	2727
7592	AT3G49840	18484513	18487043	2530
7593	AT3G49880	18496182	18498901	2719
7594	AT3G49920	18505481	18507835	2354
7595	AT3G49900	18500575	18502778	2203
7596	AT3G49970	18527061	18529525	2464
7597	AT3G49990	18532301	18534415	2114
7598	AT3G50010	18537058	18539648	2590
7599	AT3G50040	18549204	18551375	2171
7600	AT3G50090	18575432	18577336	1904
7601	AT3G50120	18585000	18587352	2352
7602	AT3G50123	18587974	18588117	143
7603	AT3G50130	18588981	18591273	2292
7604	AT3G50140	18592305	18594715	2410
7605	AT3G50150	18595731	18597646	1915
7606	AT3G50160	18598429	18601009	2580
7607	AT3G50170	18601755	18603840	2085
7608	AT3G50180	18604941	18607162	2221
7609	AT3G50190	18608113	18611263	3150
7610	AT3G50210	18614112	18616489	2377
7611	AT3G50230	18620450	18623251	2801
7612	AT3G50250	18630032	18630478	446
7613	AT3G50350	18672102	18674022	1920
7614	AT3G50370	18675998	18684377	8379
7615	AT3G50380	18686368	18700710	14342
7616	AT3G50400	18704764	18706672	1908
7617	AT3G50420	18710871	18713649	2778
7618	AT3G50430	18713676	18717409	3733
7619	AT3G50560	18761006	18764056	3050
7620	AT3G50580	18768631	18769519	888
7621	AT3G50620	18784660	18786952	2292
7622	AT3G50650	18806139	18808243	2104
7623	AT3G50690	18834927	18837395	2468
7624	AT3G50720	18847519	18849430	1911
7625	AT3G50780	18875399	18877744	2345
7626	AT3G50790	18879893	18882237	2344
7627	AT3G50840	18896129	18898680	2551
7628	AT3G50860	18901997	18904197	2200
7629	AT3G50910	18919327	18922301	2974
7630	AT3G51050	18953842	18957963	4121
7631	AT3G51090	18977924	18980053	2129
7632	AT3G51100	18980217	18982407	2190
7633	AT3G51110	18983626	18985869	2243
7634	AT3G51120	18986026	18992074	6048
7635	AT3G51130	18994026	18997590	3564
7636	AT3G51140	18997600	18999904	2304
7637	AT3G51150	19000677	19006807	6130
7638	AT3G51180	19013389	19016347	2958
7639	AT3G51200	19018738	19019173	435
7640	AT3G51250	19028106	19030676	2570
7641	AT3G51270	19033542	19037012	3470
7642	AT3G51280	19037140	19039048	1908
7643	AT3G51290	19039512	19044371	4859
7644	AT3G51320	19049543	19051647	2104
7645	AT3G51330	19053272	19056447	3175
7646	AT3G51340	19056766	19060087	3321
7647	AT3G51360	19064203	19066734	2531
7648	AT3G51370	19069127	19072231	3104
7649	AT3G51390	19075544	19078120	2576
7650	AT3G51470	19097722	19099849	2127
7651	AT3G51490	19104885	19107797	2912
7652	AT3G51530	19112694	19114643	1949
7653	AT3G51540	19115184	19117461	2277
7654	AT3G51550	19117584	19120949	3365
7655	AT3G51560	19121687	19125913	4226
7656	AT3G51570	19126329	19130705	4376
7657	AT3G51580	19130768	19133435	2667
7658	AT3G51620	19143334	19148244	4910
7659	AT3G51610	19139478	19142125	2647
7660	AT3G51640	19153734	19157394	3660
7661	AT3G51650	19158851	19163222	4371
7662	AT3G51700	19179266	19181189	1923
7663	AT3G51670	19168672	19171227	2555
7664	AT3G51730	19186666	19188733	2067
7665	AT3G51760	19197337	19199516	2179
7666	AT3G51830	19220116	19225280	5164
7667	AT3G51860	19239305	19242913	3608
7668	AT3G51870	19243902	19246936	3034
7669	AT3G51940	19273339	19275338	1999
7670	AT3G51950	19277594	19281393	3799
7671	AT3G51980	19285572	19287552	1980
7672	AT3G52010	19296183	19298171	1988
7673	AT3G52030	19301778	19304253	2475
7674	AT3G52050	19304886	19309651	4765
7675	AT3G52075	19313247	19313420	173
7676	AT3G52080	19314966	19317988	3022
7677	AT3G52100	19319223	19322985	3762
7678	AT3G52110	19323750	19325895	2145
7679	AT3G52120	19328490	19331970	3480
7680	AT3G52140	19332828	19341739	8911
7681	AT3G52155	19343537	19345517	1980
7682	AT3G52170	19346752	19349555	2803
7683	AT3G52210	19366984	19369494	2510
7684	AT3G52240	19372634	19375960	3326
7685	AT3G52250	19376138	19383369	7231
7686	AT3G52260	19383266	19386553	3287
7687	AT3G52270	19386983	19388944	1961
7688	AT3G52310	19399188	19402981	3793
7689	AT3G52370	19417372	19419913	2541
7690	AT3G52390	19422988	19425257	2269
7691	AT3G52490	19455505	19459203	3698
7692	AT3G52500	19465264	19467455	2191
7693	AT3G52526	19484338	19487228	2890
7694	AT3G52610	19510446	19512714	2268
7695	AT3G52640	19514837	19520596	5759
7696	AT3G52660	19521654	19525009	3355
7697	AT3G52680	19526968	19529062	2094
7698	AT3G52700	19532195	19538403	6208
7699	AT3G52750	19549604	19553136	3532
7700	AT3G52810	19570961	19573733	2772
7701	AT3G52870	19593073	19595834	2761
7702	AT3G52890	19607897	19612217	4320
7703	AT3G52920	19624278	19626347	2069
7704	AT3G52950	19634331	19636845	2514
7705	AT3G52990	19648711	19652515	3804
7706	AT4G20320	10974456	10979627	5171
7707	AT4G20340	10984618	10988008	3390
7708	AT4G20350	10988037	10989947	1910
7709	AT4G20360	10989910	10992509	2599
7710	AT4G20400	11008558	11013860	5302
7711	AT4G26410	13346654	13349142	2488
7712	AT4G20430	11016809	11021388	4579
7713	AT4G20450	11023918	11029090	5172
7714	AT4G20460	11029736	11032677	2941
7715	AT4G20470	11032332	11032754	422
7716	AT4G20520	11045912	11047858	1946
7717	AT4G20545	11053126	11053986	860
7718	AT4G20610	11074699	11075711	1012
7719	AT4G20700	11097843	11100408	2565
7720	AT4G20720	11105193	11108253	3060
7721	AT4G20735	11122563	11124467	1904
7722	AT4G20770	11130762	11133086	2324
7723	AT4G20810	11141427	11143597	2170
7724	AT4G20820	11150049	11152003	1954
7725	AT4G20830	11155453	11157806	2353
7726	AT4G20840	11157916	11159867	1951
7727	AT4G20880	11178992	11181049	2057
7728	AT4G20870	11174450	11176881	2431
7729	AT4G20910	11185936	11191123	5187
7730	AT4G26440	13357596	13359551	1955
7731	AT4G20920	11193498	11198068	4570
7732	AT4G20930	11198251	11201106	2855
7733	AT4G20947	11207709	11207985	276
7734	AT4G20980	11216881	11219638	2757
7735	AT4G21060	11240730	11245049	4319
7736	AT4G21070	11247991	11252757	4766
7737	AT4G21063	11245074	11245279	205
7738	AT4G21065	11245790	11247807	2017
7739	AT4G26450	13361869	13365169	3300
7740	AT4G21110	11267069	11269019	1950
7741	AT4G21150	11278403	11283885	5482
7742	AT4G21215	11310348	11313850	3502
7743	AT4G21250	11324987	11326958	1971
7744	AT4G21300	11336318	11339052	2734
7745	AT4G21323	11341963	11345718	3755
7746	AT4G21450	11425933	11428435	2502
7747	AT4G21460	11428445	11430768	2323
7748	AT4G21470	11431104	11433322	2218
7749	AT4G21520	11447429	11450571	3142
7750	AT4G21550	11462969	11468679	5710
7751	AT4G21560	11468666	11470569	1903
7752	AT4G21570	11470761	11473037	2276
7753	AT4G21580	11475709	11477837	2128
7754	AT4G21590	11480321	11482765	2444
7755	AT4G21600	11484981	11487535	2554
7756	AT4G21630	11492248	11495538	3290
7757	AT4G21640	11496834	11500618	3784
7758	AT4G21650	11501162	11504739	3577
7759	AT4G21660	11505823	11509907	4084
7760	AT4G21680	11517353	11519805	2452
7761	AT4G21700	11529956	11532878	2922
7762	AT4G21720	11542430	11544657	2227
7763	AT4G21745	11548606	11550622	2016
7764	AT4G21770	11563517	11566377	2860
7765	AT4G21820	11577419	11584073	6654
7766	AT4G26480	13372422	13376332	3910
7767	AT4G21880	11604986	11610651	5665
7768	AT4G21890	11610808	11612903	2095
7769	AT4G21903	11620889	11624459	3570
7770	AT4G21950	11644122	11644655	533
7771	AT4G22090	11704003	11706042	2039
7772	AT4G22110	11711314	11714228	2914
7773	AT4G22120	11715607	11719873	4266
7774	AT4G22217	11758578	11759098	520
7775	AT4G22220	11759103	11761057	1954
7776	AT4G22280	11775969	11778151	2182
7777	AT4G22285	11778749	11782695	3946
7778	AT4G22320	11792813	11794778	1965
7779	AT4G22350	11803768	11807417	3649
7780	AT4G22360	11807257	11810117	2860
7781	AT4G22410	11818033	11826143	8110
7782	AT4G22463	11838997	11839571	574
7783	AT4G22475	11844242	11846630	2388
7784	AT4G22485	11844506	11846476	1970
7785	AT4G22510	11854796	11857417	2621
7786	AT4G22520	11858614	11858970	356
7787	AT4G22530	11858444	11860426	1982
7788	AT4G22650	11913557	11914027	470
7789	AT4G22720	11936942	11938969	2027
7790	AT4G22730	11941001	11943885	2884
7791	AT4G22740	11943849	11946139	2290
7792	AT4G22750	11949180	11951424	2244
7793	AT4G22758	11958128	11960071	1943
7794	AT4G22760	11960229	11963162	2933
7795	AT4G22770	11963579	11965769	2190
7796	AT4G22810	11983974	11986016	2042
7797	AT4G22840	11991497	11993809	2312
7798	AT4G22850	11993955	11996335	2380
7799	AT4G22950	12023824	12028004	4180
7800	AT4G22940	12021344	12023563	2219
7801	AT4G22980	12043869	12045840	1971
7802	AT4G22990	12048160	12051891	3731
7803	AT4G23000	12054364	12060170	5806
7804	AT4G23015	12060307	12060582	275
7805	AT4G23040	12075457	12078877	3420
7806	AT4G23050	12079859	12084362	4503
7807	AT4G23080	12095494	12098888	3394
7808	AT4G23120	12113308	12115523	2215
7809	AT4G23200	12145035	12148041	3006
7810	AT4G23271	12173944	12174045	101
7811	AT4G26510	13381687	13388362	6675
7812	AT4G23330	12191851	12195159	3308
7813	AT4G23350	12197307	12199224	1917
7814	AT4G23360	12202903	12204828	1925
7815	AT4G23370	12208903	12210999	2096
7816	AT4G23390	12217806	12219713	1907
7817	AT4G23420	12225515	12228718	3203
7818	AT4G23440	12236593	12240826	4233
7819	AT4G23460	12243671	12249018	5347
7820	AT4G23470	12248842	12251396	2554
7821	AT4G23490	12251334	12254275	2941
7822	AT4G23500	12264462	12267285	2823
7823	AT4G23510	12267516	12270739	3223
7824	AT4G23520	12274315	12276322	2007
7825	AT4G23530	12278915	12280851	1936
7826	AT4G23540	12280413	12286486	6073
7827	AT4G23590	12307126	12309664	2538
7828	AT4G23620	12314583	12316725	2142
7829	AT4G23700	12342376	12346051	3675
7830	AT4G23730	12362166	12365203	3037
7831	AT4G23740	12366082	12369338	3256
7832	AT4G23750	12376122	12378032	1910
7833	AT4G23820	12397038	12400231	3193
7834	AT4G23840	12400177	12403487	3310
7835	AT4G23860	12408950	12411678	2728
7836	AT4G23895	12422036	12426475	4439
7837	AT4G23900	12424451	12426528	2077
7838	AT4G23910	12426546	12429461	2915
7839	AT4G23940	12437108	12442030	4922
7840	AT4G23950	12442047	12444547	2500
7841	AT4G23980	12451143	12455369	4226
7842	AT4G24010	12466117	12469844	3727
7843	AT4G24050	12497055	12500326	3271
7844	AT4G24060	12503672	12505774	2102
7845	AT4G24090	12512665	12514657	1992
7846	AT4G24100	12514899	12519878	4979
7847	AT4G24140	12529861	12533924	4063
7848	AT4G24160	12539656	12542489	2833
7849	AT4G24175	12546895	12549017	2122
7850	AT4G24200	12556268	12560974	4706
7851	AT4G24231	12568875	12569024	149
7852	AT4G24290	12594045	12598097	4052
7853	AT4G24330	12603512	12606417	2905
7854	AT4G24350	12609373	12611468	2095
7855	AT4G24430	12629951	12633132	3181
7856	AT4G24480	12649985	12655097	5112
7857	AT4G24530	12667277	12670222	2945
7858	AT4G24550	12675708	12679203	3495
7859	AT4G24610	12700317	12708424	8107
7860	AT4G24630	12714624	12717390	2766
7861	AT4G24644	12719607	12719771	164
7862	AT4G24710	12745547	12749134	3587
7863	AT4G24750	12757958	12760934	2976
7864	AT4G24760	12761233	12763900	2667
7865	AT4G24780	12770221	12772479	2258
7866	AT4G26540	13394447	13398307	3860
7867	AT4G24790	12777440	12781688	4248
7868	AT4G24810	12786130	12789791	3661
7869	AT4G24820	12789030	12792729	3699
7870	AT4G24830	12792827	12796031	3204
7871	AT4G24840	12796247	12801153	4906
7872	AT4G24860	12801376	12808271	6895
7873	AT4G24880	12808342	12811745	3403
7874	AT4G24970	12830915	12835949	5034
7875	AT4G25030	12864452	12866827	2375
7876	AT4G25070	12872379	12876734	4355
7877	AT4G25090	12878667	12883805	5138
7878	AT4G25160	12903180	12907596	4416
7879	AT4G25170	12909463	12911580	2117
7880	AT4G25180	12911550	12914039	2489
7881	AT4G25225	12922887	12923431	544
7882	AT4G25280	12938956	12941207	2251
7883	AT4G25290	12941242	12945052	3810
7884	AT4G25310	12949664	12951937	2273
7885	AT4G25320	12954077	12956588	2511
7886	AT4G25370	12972685	12974963	2278
7887	AT4G25390	12977192	12979721	2529
7888	AT4G25450	13009690	13014085	4395
7889	AT4G25520	13032157	13036471	4314
7890	AT4G25550	13048367	13051273	2906
7891	AT4G25580	13056183	13058810	2627
7892	AT4G25600	13060612	13062680	2068
7893	AT4G25610	13063227	13067228	4001
7894	AT4G25620	13067186	13069762	2576
7895	AT4G25660	13083407	13085596	2189
7896	AT4G25680	13087973	13090161	2188
7897	AT4G25730	13102662	13106864	4202
7898	AT4G25770	13117505	13120368	2863
7899	AT3G59780	22086333	22090529	4196
7900	AT3G59800	22094363	22096484	2121
7901	AT3G59830	22102647	22105441	2794
7902	AT3G59850	22109103	22111732	2629
7903	AT3G59870	22116109	22118298	2189
7904	AT3G59890	22123982	22126630	2648
7905	AT3G59910	22130483	22133604	3121
7906	AT3G59950	22144280	22147712	3432
7907	AT3G60040	22175852	22179728	3876
7908	AT3G60050	22180000	22181970	1970
7909	AT3G60070	22183243	22186657	3414
7910	AT3G60110	22197529	22201451	3922
7911	AT3G60260	22273799	22277292	3493
7912	AT3G60286	22281629	22283719	2090
7913	AT3G60290	22282423	22284706	2283
7914	AT3G60300	22285138	22287548	2410
7915	AT3G60310	22287682	22291468	3786
7916	AT3G60340	22304152	22306512	2360
7917	AT3G60370	22314637	22316625	1988
7918	AT3G60400	22329048	22331338	2290
7919	AT3G60380	22316771	22319628	2857
7920	AT3G60410	22331427	22333652	2225
7921	AT3G60470	22344758	22347121	2363
7922	AT3G60510	22356754	22360276	3522
7923	AT3G60560	22382458	22382778	320
7924	AT3G60590	22398228	22400257	2029
7925	AT3G60660	22421344	22423477	2133
7926	AT3G60670	22424436	22426369	1933
7927	AT3G60680	22429960	22432106	2146
7928	AT3G60730	22444890	22447273	2383
7929	AT3G60750	22453668	22457458	3790
7930	AT3G60790	22464623	22466948	2325
7931	AT3G60800	22467114	22469623	2509
7932	AT3G60850	22481879	22484250	2371
7933	AT3G60860	22484397	22491935	7538
7934	AT4G25800	13124898	13128045	3147
7935	AT3G60920	22503328	22513244	9916
7936	AT3G60950	22524475	22530306	5831
7937	AT3G60960	22535676	22538684	3008
7938	AT3G60961	22541319	22552529	11210
7939	AT3G61010	22570958	22575310	4352
7940	AT3G61028	22581473	22584938	3465
7941	AT3G61030	22585655	22590853	5198
7942	AT3G61035	22591563	22593683	2120
7943	AT3G61080	22607099	22609169	2070
7944	AT3G61117	22616430	22616558	128
7945	AT3G61160	22635803	22638817	3014
7946	AT3G61170	22638691	22641359	2668
7947	AT3G61180	22645492	22647765	2273
7948	AT3G61240	22666147	22669757	3610
7949	AT3G61250	22670729	22672751	2022
7950	AT3G61270	22678034	22680509	2475
7951	AT3G61280	22680960	22683769	2809
7952	AT3G61290	22684407	22686907	2500
7953	AT3G61300	22687570	22690619	3049
7954	AT3G61310	22687610	22693150	5540
7955	AT3G61320	22693421	22695754	2333
7956	AT3G61370	22706242	22708509	2267
7957	AT3G61390	22716238	22718490	2252
7958	AT3G61415	22722710	22726434	3724
7959	AT3G61440	22735663	22738131	2468
7960	AT3G61480	22749780	22757130	7350
7961	AT3G61490	22757761	22760470	2709
7962	AT3G61520	22768843	22771404	2561
7963	AT3G61540	22773386	22775911	2525
7964	AT3G61560	22777741	22780191	2450
7965	AT3G61610	22798984	22801231	2247
7966	AT3G61670	22818589	22822030	3441
7967	AT3G61680	22823423	22827171	3748
7968	AT3G61690	22827539	22834108	6569
7969	AT4G25835	13135693	13137923	2230
7970	AT4G25840	13138957	13141097	2140
7971	AT3G61700	22835127	22839188	4061
7972	AT3G61720	22843011	22845398	2387
7973	AT3G61750	22857577	22859669	2092
7974	AT3G61770	22864543	22866567	2024
7975	AT3G61790	22871697	22873833	2136
7976	AT3G61800	22874363	22878667	4304
7977	AT3G61820	22879720	22881775	2055
7978	AT3G61898	22922550	22922940	390
7979	AT3G61930	22935510	22936253	743
7980	AT3G61950	22939388	22941508	2120
7981	AT3G61960	22941765	22945329	3564
7982	AT3G62000	22959053	22961321	2268
7983	AT3G62010	22964534	22971384	6850
7984	AT3G62060	22979848	22983250	3402
7985	AT3G62080	22986174	22988777	2603
7986	AT3G62110	22997021	23000221	3200
7987	AT3G62120	23001030	23004392	3362
7988	AT3G62200	23022781	23025804	3023
7989	AT3G62220	23029018	23031155	2137
7990	AT3G62240	23033355	23036808	3453
7991	AT3G62260	23038266	23040668	2402
7992	AT3G62270	23042212	23046153	3941
7993	AT3G62280	23049324	23051309	1985
7994	AT3G62310	23057240	23060731	3491
7995	AT3G62330	23062639	23065796	3157
7996	AT3G62350	23071080	23071766	686
7997	AT3G62360	23072746	23080706	7960
7998	AT3G62370	23080706	23083528	2822
7999	AT3G62390	23086989	23089357	2368
8000	AT3G62430	23093451	23095657	2206
8001	AT3G62470	23106437	23108694	2257
8002	AT3G62499	23119844	23120149	305
8003	AT3G62500	23120423	23123188	2765
8004	AT3G62528	23131482	23131655	173
8005	AT3G62540	23133330	23135384	2054
8006	AT3G62570	23142485	23144747	2262
8007	AT3G62590	23147918	23150606	2688
8008	AT3G62620	23159656	23161949	2293
8009	AT3G62710	23197574	23200723	3149
8010	AT3G62740	23211287	23214066	2779
8011	AT3G62860	23239264	23242274	3010
8012	AT3G62890	23246129	23248063	1934
8013	AT3G62900	23248129	23255297	7168
8014	AT3G62910	23257404	23260480	3076
8015	AT3G62940	23262795	23264731	1936
8016	AT3G62970	23270403	23272992	2589
8017	AT3G62980	23273065	23276630	3565
8018	AT3G63052	23298729	23299126	397
8019	AT3G63070	23302365	23309658	7293
8020	AT3G63210	23353514	23355480	1966
8021	AT3G63240	23363872	23367592	3720
8022	AT3G63270	23375584	23377661	2077
8023	AT3G63290	23381604	23383538	1934
8024	AT3G63320	23389348	23391593	2245
8025	AT3G63340	23391628	23398454	6826
8026	AT4G25870	13149170	13152279	3109
8027	AT3G63380	23406484	23410360	3876
8028	AT3G63400	23412024	23415659	3635
8029	AT3G63430	23420145	23422475	2330
8030	AT3G63450	23426556	23429356	2800
8031	AT3G63460	23430623	23437374	6751
8032	AT3G63480	23440887	23444088	3201
8033	AT3G63490	23444203	23446355	2152
8034	AT3G63510	23450536	23452794	2258
8035	AT3G66652	2083394	2087793	4399
8036	AT3G66654	2087916	2090541	2625
8037	AT4G00026	10815	13359	2544
8038	AT4G00050	17639	20183	2544
8039	AT4G00070	29072	31426	2354
8040	AT4G00090	34091	36917	2826
8041	AT4G00180	72545	75576	3031
8042	AT4G00160	63410	65479	2069
8043	AT4G00170	69983	72217	2234
8044	AT4G00200	82309	84770	2461
8045	AT4G00232	100257	100844	587
8046	AT4G00290	122851	125591	2740
8047	AT4G00305	131422	132018	596
8048	AT4G00330	142570	145719	3149
8049	AT4G00342	151733	151912	179
8050	AT4G00350	151849	154178	2329
8051	AT4G00420	181267	184469	3202
8052	AT4G00500	225028	227396	2368
8053	AT4G00520	227650	231751	4101
8054	AT4G00580	247927	250406	2479
8055	AT4G00590	252766	255054	2288
8056	AT4G00695	283592	285975	2383
8057	AT4G00700	285876	289575	3699
8058	AT4G00750	314239	317675	3436
8059	AT4G00752	317564	320935	3371
8060	AT4G00755	324925	327008	2083
8061	AT4G00780	334573	336478	1905
8062	AT4G00820	349025	351550	2525
8063	AT4G00840	355211	357296	2085
8064	AT4G00883	366716	367231	515
8065	AT4G00905	387451	389403	1952
8066	AT4G00910	387388	391441	4053
8067	AT4G00940	402959	404873	1914
8068	AT4G00960	414204	416355	2151
8069	AT4G25900	13161279	13163678	2399
8070	AT4G00980	422478	424588	2110
8071	AT4G00990	426847	431862	5015
8072	AT4G01000	431516	434029	2513
8073	AT4G01010	434217	437605	3388
8074	AT4G01020	438991	445218	6227
8075	AT4G25940	13169506	13172904	3398
8076	AT4G01030	447941	450642	2701
8077	AT4G01050	455583	458510	2927
8078	AT4G01040	453347	455611	2264
8079	AT4G01070	461513	463556	2043
8080	AT4G01090	470506	473879	3373
8081	AT4G01130	485743	488226	2483
8082	AT4G01180	501287	503394	2107
8083	AT4G01210	507648	512852	5204
8084	AT4G01240	517795	521972	4177
8085	AT4G01270	532247	534984	2737
8086	AT4G01280	535198	538098	2900
8087	AT4G01290	537418	543939	6521
8088	AT4G01330	550175	553097	2922
8089	AT4G01340	554539	556961	2422
8090	AT4G01350	560146	562438	2292
8091	AT4G01395	572987	575773	2786
8092	AT4G01460	620691	623000	2309
8093	AT4G01516	649862	649957	95
8094	AT4G01535	669339	669830	491
8095	AT4G01570	679472	681940	2468
8096	AT4G01610	694582	697206	2624
8097	AT4G01650	704377	707045	2668
8098	AT4G01671	713216	713389	173
8099	AT4G01703	734252	734365	113
8100	AT4G01730	749307	752034	2727
8101	AT4G01740	753422	755456	2034
8102	AT4G01760	759055	761224	2169
8103	AT4G01780	767310	769246	1936
8104	AT4G01810	776414	780355	3941
8105	AT4G01860	801032	808087	7055
8106	AT4G01870	808376	810611	2235
8107	AT4G01880	810657	812930	2273
8108	AT4G01883	813048	815170	2122
8109	AT4G01890	816200	818468	2268
8110	AT4G01910	824555	826857	2302
8111	AT4G01920	828826	831288	2462
8112	AT4G01930	838677	840825	2148
8113	AT4G01960	850914	853329	2415
8114	AT4G01970	853922	857401	3479
8115	AT4G01985	866151	868253	2102
8116	AT4G02010	881061	885463	4402
8117	AT4G02030	892082	897359	5277
8118	AT4G02100	929869	932397	2528
8119	AT4G02110	935006	940328	5322
8120	AT4G26550	13402379	13404385	2006
8121	AT4G02120	940721	944327	3606
8122	AT4G02140	948598	951063	2465
8123	AT4G02150	950546	953690	3144
8124	AT4G02180	959964	963678	3714
8125	AT4G02190	967372	969351	1979
8126	AT4G02200	972707	974692	1985
8127	AT4G02210	973924	976154	2230
8128	AT4G02280	994726	998991	4265
8129	AT4G02300	1009301	1013036	3735
8130	AT4G02350	1038114	1041064	2950
8131	AT4G02320	1022725	1026179	3454
8132	AT4G02340	1035596	1037615	2019
8133	AT4G02400	1054199	1057998	3799
8134	AT4G02410	1059799	1062159	2360
8135	AT4G26580	13411444	13413443	1999
8136	AT4G02420	1064114	1066571	2457
8137	AT4G02450	1073753	1075930	2177
8138	AT4G02480	1081671	1088846	7175
8139	AT4G02485	1092522	1094600	2078
8140	AT4G02489	1097532	1097645	113
8141	AT4G02510	1104429	1111784	7355
8142	AT4G02530	1112082	1114158	2076
8143	AT4G02540	1116972	1119877	2905
8144	AT4G02580	1134429	1137204	2775
8145	AT4G02620	1149248	1151355	2107
8146	AT4G02650	1156379	1158788	2409
8147	AT4G02660	1159494	1174321	14827
8148	AT4G02690	1185751	1187816	2065
8149	AT4G02715	1200670	1203380	2710
8150	AT4G02725	1204013	1207436	3423
8151	AT4G02735	1215092	1217509	2417
8152	AT4G02740	1217589	1221019	3430
8153	AT4G02750	1221017	1223617	2600
8154	AT4G02760	1223959	1229014	5055
8155	AT4G02780	1237671	1244822	7151
8156	AT4G02790	1247327	1249640	2313
8157	AT4G02820	1258532	1260696	2164
8158	AT4G02840	1264518	1266486	1968
8159	AT4G02850	1266463	1268612	2149
8160	AT4G02860	1268618	1270539	1921
8161	AT4G02880	1274465	1278718	4253
8162	AT4G02900	1283655	1287832	4177
8163	AT4G02920	1292483	1295263	2780
8164	AT4G02930	1295375	1298500	3125
8165	AT4G02940	1306313	1311038	4725
8166	AT4G02990	1321758	1324062	2304
8167	AT4G03000	1324063	1327520	3457
8168	AT4G03040	1341083	1343140	2057
8169	AT4G03080	1359655	1365498	5843
8170	AT4G03090	1366053	1371557	5504
8171	AT4G03113	1382553	1382741	188
8172	AT4G03115	1382438	1385525	3087
8173	AT4G03130	1387781	1390781	3000
8174	AT4G03120	1385613	1387803	2190
8175	AT4G03200	1408159	1412756	4597
8176	AT4G03230	1418841	1423337	4496
8177	AT4G03250	1424902	1428062	3160
8178	AT4G03260	1428102	1432690	4588
8179	AT4G03340	1467727	1470080	2353
8180	AT4G03292	1444469	1445220	751
8181	AT4G03390	1490426	1495214	4788
8182	AT4G03380	1485049	1490228	5179
8183	AT4G03410	1501168	1503699	2531
8184	AT4G03420	1511597	1514072	2475
8185	AT4G03440	1523947	1527628	3681
8186	AT4G03450	1529372	1531819	2447
8187	AT4G03460	1537118	1540713	3595
8188	AT4G03470	1542018	1544457	2439
8189	AT4G03480	1545470	1548871	3401
8190	AT4G03490	1549176	1554159	4983
8191	AT4G03500	1553092	1556704	3612
8192	AT4G03560	1579929	1585980	6051
8193	AT4G03570	1590413	1594105	3692
8194	AT4G03580	1596985	1599091	2106
8195	AT4G03590	1600780	1602950	2170
8196	AT4G03610	1604886	1607496	2610
8197	AT4G03620	1606702	1608665	1963
8198	AT4G03820	1771833	1774532	2699
8199	AT4G03830	1790440	1792458	2018
8200	AT4G03930	1870422	1872387	1965
8201	AT4G03940	1873624	1875660	2036
8202	AT4G04020	1931883	1933950	2067
8203	AT4G04040	1939113	1943024	3911
8204	AT4G04078	1961640	1961747	107
8205	AT4G04180	2020420	2023992	3572
8206	AT4G04190	2024445	2026517	2072
8207	AT4G04320	2113341	2116693	3352
8208	AT4G04340	2122507	2126910	4403
8209	AT4G04370	2134060	2136321	2261
8210	AT4G04460	2224422	2227874	3452
8211	AT4G04601	2309413	2309571	158
8212	AT4G04670	2367434	2372220	4786
8213	AT4G04730	2401927	2402349	422
8214	AT4G04750	2417800	2422822	5022
8215	AT4G04760	2424030	2427769	3739
8216	AT4G04790	2434869	2439403	4534
8217	AT4G04880	2464840	2467259	2419
8218	AT4G04940	2511028	2517217	6189
8219	AT4G04960	2532906	2535386	2480
8220	AT4G04985	2548995	2549471	476
8221	AT4G04990	2554997	2557258	2261
8222	AT4G05040	2578594	2582290	3696
8223	AT4G05060	2590065	2592541	2476
8224	AT4G05071	2594154	2594297	143
8225	AT4G05090	2609066	2611762	2696
8226	AT4G05140	2651015	2653208	2193
8227	AT4G05150	2660156	2662908	2752
8228	AT4G05160	2664314	2666973	2659
8229	AT4G05230	2687003	2687623	620
8230	AT4G05270	2694939	2695328	389
8231	AT4G05360	2728204	2732337	4133
8232	AT4G05380	2736109	2738255	2146
8233	AT4G05460	2760502	2762445	1943
8234	AT4G05470	2763211	2765351	2140
8235	AT4G05475	2765962	2767957	1995
8236	AT4G05540	2818521	2821065	2544
8237	AT4G05555	2845303	2848125	2822
8238	AT4G05612	2959094	2963744	4650
8239	AT4G05631	2990006	2992618	2612
8240	AT4G06490	3116894	3117334	440
8241	AT4G06526	3318302	3320945	2643
8242	AT4G06676	3898811	3901990	3179
8243	AT4G06688	3920693	3924437	3744
8244	AT4G06744	4070549	4072470	1921
8245	AT4G07350	4172609	4175227	2618
8246	AT4G07390	4195564	4197571	2007
8247	AT4G07408	4200595	4201226	631
8248	AT4G07666	4456702	4458842	2140
8249	AT4G07835	4659714	4660348	634
8250	AT4G07950	4797841	4799795	1954
8251	AT4G07990	4824624	4829167	4543
8252	AT4G08150	5147699	5151159	3460
8253	AT4G08160	5159033	5162867	3834
8254	AT4G08210	5183110	5185906	2796
8255	AT4G25980	13189393	13191507	2114
8256	AT4G08230	5187785	5189794	2009
8257	AT4G08240	5194657	5196763	2106
8258	AT4G08263	5211604	5212137	533
8259	AT4G08270	5218105	5218404	299
8260	AT4G08280	5230245	5232196	1951
8261	AT4G08310	5248806	5252327	3521
8262	AT4G08320	5252640	5255200	2560
8263	AT4G08350	5286158	5292270	6112
8264	AT4G08410	5338819	5341209	2390
8265	AT4G08430	5347396	5350436	3040
8266	AT4G08450	5365501	5371211	5710
8267	AT4G08460	5377064	5380882	3818
8268	AT4G08480	5387351	5391575	4224
8269	AT4G08500	5403671	5407320	3649
8270	AT4G08510	5410253	5413453	3200
8271	AT4G08520	5417209	5420639	3430
8272	AT4G08535	5424946	5427501	2555
8273	AT4G08540	5433621	5436524	2903
8274	AT4G08545	5436600	5439167	2567
8275	AT4G08550	5444345	5446891	2546
8276	AT4G08580	5461398	5463907	2509
8277	AT4G08630	5506809	5512046	5237
8278	AT4G08760	5584739	5591133	6394
8279	AT4G08780	5604105	5608290	4185
8280	AT4G08790	5608148	5611215	3067
8281	AT4G08850	5636479	5640952	4473
8282	AT4G08869	5657228	5659574	2346
8283	AT4G08960	5746271	5748509	2238
8284	AT4G08990	5764781	5770496	5715
8285	AT4G09012	5780311	5783464	3153
8286	AT4G09035	5792289	5792625	336
8287	AT4G09040	5794529	5797420	2891
8288	AT4G09060	5797613	5800383	2770
8289	AT4G09150	5828505	5833725	5220
8290	AT4G09160	5839599	5842456	2857
8291	AT4G09200	5859244	5861880	2636
8292	AT4G09250	5876578	5878978	2400
8293	AT4G09300	5898761	5901022	2261
8294	AT4G09340	5924602	5927738	3136
8295	AT4G09355	5937725	5937751	26
8296	AT4G09360	5940186	5943280	3094
8297	AT4G09420	5961979	5964054	2075
8298	AT4G09430	5970908	5973113	2205
8299	AT4G09440	5982215	5982748	533
8300	AT4G09510	6021160	6024042	2882
8301	AT4G09462	5996803	5997270	467
8302	AT4G09520	6024804	6027123	2319
8303	AT4G09580	6052352	6054454	2102
8304	AT4G09620	6076805	6079151	2346
8305	AT4G09630	6083585	6088134	4549
8306	AT4G09640	6087768	6090995	3227
8307	AT4G09649	6100561	6100698	137
8308	AT4G09660	6104446	6106607	2161
8309	AT4G09670	6107112	6109176	2064
8310	AT4G09731	6139717	6139851	134
8311	AT4G09750	6146623	6148814	2191
8312	AT4G09760	6148758	6151399	2641
8313	AT4G09784	6162253	6162613	360
8314	AT4G09810	6175176	6177351	2175
8315	AT4G09830	6188755	6190853	2098
8316	AT4G09880	6214624	6215338	714
8317	AT4G09940	6230822	6233516	2694
8318	AT4G26020	13200861	13204057	3196
8319	AT4G10000	6260302	6263181	2879
8320	AT4G10010	6263509	6266938	3429
8321	AT4G10030	6270241	6273442	3201
8322	AT4G10050	6284308	6287293	2985
8323	AT4G10060	6288821	6295402	6581
8324	AT4G10070	6295393	6299867	4474
8325	AT4G10080	6300019	6302744	2725
8326	AT4G10140	6322313	6324694	2381
8327	AT4G10200	6352957	6355609	2652
8328	AT4G10210	6357052	6360377	3325
8329	AT4G10220	6362189	6365079	2890
8330	AT4G10265	6373008	6373667	659
8331	AT4G10290	6379701	6381829	2128
8332	AT4G10320	6397271	6404672	7401
8333	AT4G10360	6420284	6422460	2176
8334	AT4G10370	6423353	6425678	2325
8335	AT4G10390	6441596	6443554	1958
8336	AT4G10400	6446088	6448136	2048
8337	AT4G10430	6454703	6458146	3443
8338	AT4G10440	6459539	6462092	2553
8339	AT4G10510	6495799	6499205	3406
8340	AT4G10530	6508600	6511670	3070
8341	AT4G10540	6512515	6515743	3228
8342	AT4G10550	6516424	6520322	3898
8343	AT4G10560	6520771	6523014	2243
8344	AT4G10620	6564183	6566504	2321
8345	AT4G10650	6573792	6576250	2458
8346	AT4G10730	6609418	6614887	5469
8347	AT4G10780	6634460	6637457	2997
8348	AT4G10790	6640546	6643149	2603
8349	AT4G10800	6643189	6645530	2341
8350	AT4G10843	6662061	6664476	2415
8351	AT4G10890	6688833	6693903	5070
8352	AT4G10925	6702713	6704651	1938
8353	AT4G10930	6704911	6711248	6337
8354	AT4G10950	6711386	6713512	2126
8355	AT4G10955	6713557	6715735	2178
8356	AT4G10970	6719207	6722345	3138
8357	AT4G11030	6738068	6742424	4356
8358	AT4G11050	6747234	6751536	4302
8359	AT4G11080	6760278	6763499	3221
8360	AT4G11120	6777752	6780243	2491
8361	AT4G11130	6780449	6784632	4183
8362	AT4G11160	6802172	6806927	4755
8363	AT4G26080	13219915	13222376	2461
8364	AT4G11170	6811103	6817339	6236
8365	AT4G11211	6836106	6836588	482
8366	AT4G11230	6840473	6845627	5154
8367	AT4G11270	6854233	6860902	6669
8368	AT4G11310	6883513	6885517	2004
8369	AT4G11330	6891926	6894283	2357
8370	AT4G11320	6887166	6889879	2713
8371	AT4G11340	6894208	6899130	4922
8372	AT4G11350	6901456	6904426	2970
8373	AT4G11373	6913984	6919763	5779
8374	AT4G11380	6919817	6925969	6152
8375	AT4G11390	6927825	6930576	2751
8376	AT4G11400	6938299	6940648	2349
8377	AT4G11410	6944891	6947413	2522
8378	AT4G11440	6955534	6958895	3361
8379	AT4G11450	6958472	6962059	3587
8380	AT4G11550	6996747	6999693	2946
8381	AT4G11560	6999869	7003493	3624
8382	AT4G11610	7013729	7018089	4360
8383	AT4G11670	7044401	7053148	8747
8384	AT4G11680	7053437	7055740	2303
8385	AT4G11730	7067035	7070968	3933
8386	AT4G11790	7090313	7093492	3179
8387	AT4G11800	7093488	7099855	6367
8388	AT4G11810	7104510	7108619	4109
8389	AT4G11830	7115681	7121919	6238
8390	AT4G11860	7133896	7138510	4614
8391	AT4G11900	7149903	7153681	3778
8392	AT4G11970	7180350	7183677	3327
8393	AT4G11990	7186012	7189962	3950
8394	AT4G12000	7192533	7195216	2683
8395	AT4G12010	7196991	7201571	4580
8396	AT4G26620	13427029	13430049	3020
8397	AT4G26630	13430405	13435770	5365
8398	AT4G12050	7219652	7222166	2514
8399	AT4G12060	7227971	7229993	2022
8400	AT4G12070	7231819	7234546	2727
8401	AT4G12190	7278545	7278760	215
8402	AT4G12130	7263576	7265879	2303
8403	AT4G12220	7283248	7283739	491
8404	AT4G12230	7284474	7287578	3104
8405	AT4G12290	7303985	7307237	3252
8406	AT4G12250	7289192	7291120	1928
8407	AT4G12485	7406916	7406947	31
8408	AT4G12495	7410116	7410397	281
8409	AT4G12540	7429705	7432027	2322
8410	AT4G12590	7450943	7453142	2199
8411	AT4G12640	7462532	7467870	5338
8412	AT4G12650	7467845	7470737	2892
8413	AT4G12670	7472006	7475051	3045
8414	AT4G12680	7475104	7478356	3252
8415	AT4G12700	7482361	7484566	2205
8416	AT4G12710	7484668	7486829	2161
8417	AT4G12731	7493133	7493360	227
8418	AT4G12740	7494388	7497627	3239
8419	AT4G12750	7497698	7504716	7018
8420	AT4G12770	7506330	7511626	5296
8421	AT4G12780	7511943	7517067	5124
8422	AT4G12790	7517043	7519578	2535
8423	AT4G12820	7527048	7529356	2308
8424	AT4G12830	7531141	7533587	2446
8425	AT4G12840	7533439	7536266	2827
8426	AT4G12850	7536913	7539048	2135
8427	AT4G12950	7576642	7577172	530
8428	AT4G12980	7589247	7591259	2012
8429	AT4G13010	7600510	7602754	2244
8430	AT4G13030	7607241	7609876	2635
8431	AT4G13040	7613213	7615955	2742
8432	AT4G13050	7617428	7619657	2229
8433	AT4G13070	7621346	7623402	2056
8434	AT4G13100	7635765	7639037	3272
8435	AT4G13130	7647237	7649915	2678
8436	AT4G13150	7650053	7652289	2236
8437	AT4G13170	7653594	7656594	3000
8438	AT4G13190	7659303	7662283	2980
8439	AT4G13210	7669948	7673376	3428
8440	AT4G13270	7731189	7733201	2012
8441	AT4G13330	7753260	7756030	2770
8442	AT4G13360	7775020	7777895	2875
8443	AT4G13370	7777793	7780366	2573
8444	AT4G13400	7787622	7791292	3670
8445	AT4G13440	7810014	7812610	2596
8446	AT4G13530	7866328	7869176	2848
8447	AT4G13550	7870995	7877059	6064
8448	AT4G13575	7890249	7893761	3512
8449	AT4G13577	7895719	7898499	2780
8450	AT4G13590	7901216	7904042	2826
8451	AT4G13630	7933684	7936565	2881
8452	AT4G13650	7938967	7942943	3976
8453	AT4G13690	7953296	7955769	2473
8454	AT4G13710	7962428	7966521	4093
8455	AT4G13720	7966805	7968965	2160
8456	AT4G13730	7970177	7974271	4094
8457	AT4G13780	7992967	7998595	5628
8458	AT4G13800	8001795	8004767	2972
8459	AT4G13820	8007950	8010858	2908
8460	AT4G13840	8013575	8016582	3007
8461	AT4G13992	8087310	8089347	2037
8462	AT4G13960	8060565	8063052	2487
8463	AT4G13980	8076903	8079408	2505
8464	AT4G14000	8090793	8093601	2808
8465	AT4G13970	8070157	8075655	5498
8466	AT4G13990	8084162	8086788	2626
8467	AT4G14030	8097842	8100340	2498
8468	AT4G14070	8111944	8118188	6244
8469	AT4G14050	8103521	8105637	2116
8470	AT4G14096	8124046	8126535	2489
8471	AT4G14103	8126687	8128833	2146
8472	AT4G14110	8132880	8134988	2108
8473	AT4G14105	8129476	8129676	200
8474	AT4G14120	8135124	8137401	2277
8475	AT4G14140	8145998	8152131	6133
8476	AT4G14230	8200334	8203251	2917
8477	AT4G14240	8204347	8207483	3136
8478	AT4G14160	8167351	8173417	6066
8479	AT4G14170	8176144	8178200	2056
8480	AT4G14190	8183227	8185202	1975
8481	AT4G14220	8195881	8198586	2705
8482	AT4G14272	8219622	8219986	364
8483	AT4G14280	8222467	8225185	2718
8484	AT4G14290	8225294	8230299	5005
8485	AT4G14300	8231002	8234281	3279
8486	AT4G14310	8236723	8240388	3665
8487	AT4G14320	8241732	8243923	2191
8488	AT4G14330	8244053	8247494	3441
8489	AT4G14342	8253536	8255604	2068
8490	AT4G14350	8256021	8260927	4906
8491	AT4G14360	8267289	8271176	3887
8492	AT4G14368	8274085	8278908	4823
8493	AT4G14370	8279634	8283535	3901
8494	AT4G14385	8286745	8288952	2207
8495	AT4G14390	8289610	8292203	2593
8496	AT4G14420	8301851	8303996	2145
8497	AT4G14480	8329906	8331864	1958
8498	AT4G14500	8334055	8337640	3585
8499	AT4G14520	8341244	8343262	2018
8500	AT4G14600	8376400	8378389	1989
8501	AT4G14650	8400533	8402961	2428
8502	AT4G14670	8410054	8412557	2503
8503	AT4G14720	8431973	8435105	3132
8504	AT4G14740	8450158	8454159	4001
8505	AT4G14746	8462437	8464485	2048
8506	AT4G14760	8474776	8481349	6573
8507	AT4G14780	8492213	8494663	2450
8508	AT4G14800	8500193	8502589	2396
8509	AT4G14810	8504145	8504509	364
8510	AT4G14820	8507268	8510113	2845
8511	AT4G14840	8511487	8513980	2493
8512	AT4G14900	8520782	8524217	3435
8513	AT4G14910	8528033	8530437	2404
8514	AT4G14920	8530809	8536408	5599
8515	AT4G14930	8538586	8541899	3313
8516	AT4G14940	8541879	8544566	2687
8517	AT4G14965	8551244	8553618	2374
8518	AT4G14970	8553643	8561664	8021
8519	AT4G14990	8565622	8569871	4249
8520	AT4G15010	8572785	8575340	2555
8521	AT4G15020	8575342	8578729	3387
8522	AT4G15030	8578741	8582247	3506
8523	AT4G15040	8581373	8584320	2947
8524	AT4G15053	8591930	8593834	1904
8525	AT4G15060	8599035	8601761	2726
8526	AT4G15070	8603424	8606141	2717
8527	AT4G15090	8614060	8618173	4113
8528	AT4G15080	8608604	8612709	4105
8529	AT4G15096	8620245	8622702	2457
8530	AT4G15100	8625830	8629620	3790
8531	AT4G15240	8703002	8705618	2616
8532	AT4G15245	8706514	8707048	534
8533	AT4G26170	13256930	13259384	2454
8534	AT4G26180	13259969	13262110	2141
8535	AT4G15350	8762832	8764777	1945
8536	AT4G15370	8773730	8779685	5955
8537	AT4G15420	8823402	8826152	2750
8538	AT4G15430	8827600	8831573	3973
8539	AT4G15450	8839256	8841575	2319
8540	AT4G15470	8843519	8845810	2291
8541	AT4G15475	8845812	8848869	3057
8542	AT4G26190	13262139	13267020	4881
8543	AT4G15545	8875656	8877799	2143
8544	AT4G15563	8890211	8892577	2366
8545	AT4G15610	8908763	8910945	2182
8546	AT4G15620	8913653	8915663	2010
8547	AT4G15640	8918968	8921994	3026
8548	AT4G15680	8931617	8932317	700
8549	AT4G15710	8939177	8941406	2229
8550	AT4G15720	8949460	8951540	2080
8551	AT4G15730	8951533	8957665	6132
8552	AT4G15765	8975280	8977451	2171
8553	AT4G15790	8982183	8984344	2161
8554	AT4G15810	8989162	8992756	3594
8555	AT4G15820	8992970	8995188	2218
8556	AT4G15840	8996834	9001039	4205
8557	AT4G15870	9008372	9010947	2575
8558	AT4G15890	9017256	9023026	5770
8559	AT4G15930	9036169	9038075	1906
8560	AT4G15940	9038193	9040370	2177
8561	AT4G15953	9042897	9043363	466
8562	AT4G15970	9049328	9051370	2042
8563	AT4G15980	9057228	9060114	2886
8564	AT4G16000	9063759	9064786	1027
8565	AT4G16015	9072908	9074999	2091
8566	AT4G16040	9086930	9087469	539
8567	AT4G16045	9089906	9091860	1954
8568	AT4G16060	9094402	9096353	1951
8569	AT4G16070	9096534	9100983	4449
8570	AT4G16100	9105653	9108159	2506
8571	AT4G16146	9142072	9144583	2511
8572	AT4G16150	9148059	9153292	5233
8573	AT4G16155	9153570	9157133	3563
8574	AT4G16162	9159105	9161614	2509
8575	AT4G16180	9165201	9171064	5863
8576	AT4G16190	9171280	9173667	2387
8577	AT4G16250	9195247	9199840	4593
8578	AT4G16280	9206597	9214981	8384
8579	AT4G16330	9225859	9228103	2244
8580	AT4G16360	9245127	9247203	2076
8581	AT4G16380	9254203	9256234	2031
8582	AT4G16390	9257869	9260328	2459
8583	AT4G16400	9260564	9262670	2106
8584	AT4G16420	9262621	9266157	3536
8585	AT4G16440	9269094	9271669	2575
8586	AT4G16430	9267260	9269178	1918
8587	AT4G16444	9274438	9276447	2009
8588	AT4G16451	9280857	9281000	143
8589	AT4G16470	9287499	9289612	2113
8590	AT4G16510	9302602	9305838	3236
8591	AT4G16535	9313592	9315772	2180
8592	AT4G16540	9313602	9317262	3660
8593	AT4G16563	9329620	9331646	2026
8594	AT4G16560	9324746	9328628	3882
8595	AT4G16580	9340920	9343074	2154
8596	AT4G16630	9361952	9366748	4796
8597	AT4G16650	9371927	9376409	4482
8598	AT4G16660	9376699	9381507	4808
8599	AT4G16670	9385119	9387754	2635
8600	AT4G16680	9387393	9391726	4333
8601	AT4G16745	9411823	9414897	3074
8602	AT4G16765	9429629	9432779	3150
8603	AT4G16770	9433955	9437206	3251
8604	AT4G16800	9454707	9457070	2363
8605	AT4G16807	9457079	9459454	2375
8606	AT4G16810	9459870	9462253	2383
8607	AT4G16830	9470370	9472594	2224
8608	AT4G16835	9472723	9474803	2080
8609	AT4G16850	9480046	9481965	1919
8610	AT4G16855	9481886	9482560	674
8611	AT4G16860	9488466	9495837	7371
8612	AT4G16900	9511859	9516688	4829
8613	AT4G16915	9516724	9518697	1973
8614	AT4G16920	9517950	9525800	7850
8615	AT4G26240	13286481	13289057	2576
8616	AT4G26270	13300778	13304440	3662
8617	AT4G16940	9531373	9537918	6545
8618	AT4G16957	9544790	9547340	2550
8619	AT4G16960	9547402	9551028	3626
8620	AT4G16970	9551023	9555865	4842
8621	AT4G26650	13444797	13448212	3415
8622	AT4G17000	9566877	9570083	3206
8623	AT4G17010	9575812	9577967	2155
8624	AT4G17020	9577776	9581439	3663
8625	AT4G17070	9595337	9598282	2945
8626	AT4G17080	9601348	9604265	2917
8627	AT4G17100	9609910	9612655	2745
8628	AT4G17140	9613330	9636873	23543
8629	AT4G17150	9637963	9641994	4031
8630	AT4G17240	9666439	9668507	2068
8631	AT4G17250	9670763	9673475	2712
8632	AT4G17270	9676056	9678777	2721
8633	AT4G17350	9701132	9703574	2442
8634	AT4G17360	9703547	9705664	2117
8635	AT4G17370	9705845	9708342	2497
8636	AT4G17410	9715761	9721932	6171
8637	AT4G17420	9722354	9724707	2353
8638	AT4G17430	9724710	9726834	2124
8639	AT4G17470	9742350	9744867	2517
8640	AT4G17480	9744913	9747104	2191
8641	AT4G17486	9749578	9751804	2226
8642	AT4G17510	9766894	9768831	1937
8643	AT4G17505	9764376	9766315	1939
8644	AT4G17520	9771297	9773592	2295
8645	AT4G17540	9775841	9777835	1994
8646	AT4G17560	9780224	9782183	1959
8647	AT4G17570	9783782	9787528	3746
8648	AT4G17610	9804954	9815062	10108
8649	AT4G17616	9819340	9821730	2390
8650	AT4G17620	9821874	9825039	3165
8651	AT4G17650	9827467	9829768	2301
8652	AT4G17660	9831077	9833138	2061
8653	AT4G17718	9861596	9861995	399
8654	AT4G17740	9866977	9869752	2775
8655	AT4G17790	9891051	9893057	2006
8656	AT4G17830	9915813	9918243	2430
8657	AT4G17840	9918052	9920511	2459
8658	AT4G17900	9945778	9948157	2379
8659	AT4G17910	9951173	9954236	3063
8660	AT4G17950	9966720	9969232	2512
8661	AT4G18030	10012361	10016039	3678
8662	AT4G18060	10026650	10030033	3383
8663	AT4G18070	10030529	10033044	2515
8664	AT4G18150	10050211	10054031	3820
8665	AT4G18180	10065291	10067521	2230
8666	AT4G18215	10077201	10079928	2727
8667	AT4G18230	10079998	10082057	2059
8668	AT4G18270	10098673	10102107	3434
8669	AT4G18250	10087205	10090276	3071
8670	AT4G18300	10118784	10121258	2474
8671	AT4G18330	10126533	10128734	2201
8672	AT4G18340	10130050	10132192	2142
8673	AT4G18375	10152402	10155428	3026
8674	AT4G18380	10157807	10159748	1941
8675	AT4G18422	10176150	10176638	488
8676	AT4G18440	10186073	10188981	2908
8677	AT4G18390	10162922	10165583	2661
8678	AT4G18465	10196954	10201787	4833
8679	AT4G18490	10203598	10208769	5171
8680	AT4G18500	10209148	10209411	263
8681	AT4G18520	10215096	10217214	2118
8682	AT4G18530	10217338	10220550	3212
8683	AT4G18540	10221106	10223076	1970
8684	AT4G18570	10231218	10234693	3475
8685	AT4G18600	10239638	10247550	7912
8686	AT4G18596	10238976	10241975	2999
8687	AT4G18630	10256777	10258957	2180
8688	AT4G18640	10259600	10263822	4222
8689	AT4G18670	10275462	10278794	3332
8690	AT4G18692	10284401	10284667	266
8691	AT4G18700	10288798	10291058	2260
8692	AT4G18750	10304662	10307673	3011
8693	AT4G18810	10322060	10325906	3846
8694	AT4G18820	10329613	10334383	4770
8695	AT4G18830	10336566	10338674	2108
8696	AT4G18840	10336566	10340378	3812
8697	AT4G18900	10356465	10359169	2704
8698	AT4G18950	10375244	10378416	3172
8699	AT4G18970	10388722	10391298	2576
8700	AT4G18975	10391884	10393923	2039
8701	AT4G19000	10405137	10407339	2202
8702	AT4G19006	10409148	10411467	2319
8703	AT4G19010	10411466	10414324	2858
8704	AT4G19050	10439984	10444121	4137
8705	AT4G19090	10449900	10452797	2897
8706	AT4G19110	10454497	10459328	4831
8707	AT4G19130	10466407	10469329	2922
8708	AT4G19160	10477184	10480212	3028
8709	AT4G19180	10485116	10488534	3418
8710	AT4G19190	10493200	10496168	2968
8711	AT4G19191	10496228	10498192	1964
8712	AT4G19200	10498748	10500809	2061
8713	AT4G19220	10505266	10508121	2855
8714	AT4G19260	10533296	10536262	2966
8715	AT4G19380	10568323	10572516	4193
8716	AT4G19390	10574726	10577404	2678
8717	AT4G19410	10580893	10585861	4968
8718	AT4G19420	10587166	10591633	4467
8719	AT4G19440	10600692	10604624	3932
8720	AT4G26310	13313417	13316443	3026
8721	AT4G19450	10606324	10609391	3067
8722	AT4G19500	10625562	10630433	4871
8723	AT4G19510	10633619	10639036	5417
8724	AT4G19520	10639269	10647280	8011
8725	AT4G26370	13333652	13336231	2579
8726	AT4G19530	10651744	10657282	5538
8727	AT4G19550	10659253	10661311	2058
8728	AT4G19570	10665294	10667318	2024
8729	AT4G19590	10670589	10672554	1965
8730	AT4G19610	10677202	10681773	4571
8731	AT4G19640	10687196	10689748	2552
8732	AT4G19645	10689758	10692831	3073
8733	AT4G19650	10691674	10695998	4324
8734	AT4G19670	10699189	10702174	2985
8735	AT4G19710	10724814	10729768	4954
8736	AT4G19820	10767072	10769303	2231
8737	AT4G19860	10777512	10780470	2958
8738	AT4G19880	10784347	10786556	2209
8739	AT4G19890	10786557	10789070	2513
8740	AT4G19900	10789091	10791618	2527
8741	AT4G19970	10818128	10820704	2576
8742	AT4G26380	13338078	13341560	3482
8743	AT4G19985	10830232	10832272	2040
8744	AT4G19990	10832214	10835702	3488
8745	AT4G20060	10854487	10859524	5037
8746	AT4G20080	10865295	10867619	2324
8747	AT4G26390	13342116	13344617	2501
8748	AT4G20095	10871643	10873615	1972
8749	AT4G20160	10890634	10895252	4618
8750	AT4G20200	10908672	10911151	2479
8751	AT4G20210	10913470	10918371	4901
8752	AT4G20220	10918676	10922396	3720
8753	AT4G20230	10924100	10926833	2733
8754	AT4G20250	10937990	10940644	2654
8755	AT4G20270	10949573	10953113	3540
8756	AT4G20290	10955159	10955584	425
8757	AT4G20300	10955311	10959239	3928
8758	AT4G26400	13344595	13346597	2002
8759	AT4G20310	10961556	10964089	2533
8760	AT4G33620	16147594	16152956	5362
8761	AT4G33666	16169048	16169535	487
8762	AT4G33670	16169523	16171631	2108
8763	AT4G33700	16176232	16179481	3249
8764	AT4G33735	16185689	16185709	20
8765	AT4G33740	16186791	16189123	2332
8766	AT4G33770	16193373	16196642	3269
8767	AT4G33780	16201661	16203652	1991
8768	AT4G33810	16213174	16216310	3136
8769	AT4G33820	16217004	16219525	2521
8770	AT4G33830	16220189	16222681	2492
8771	AT4G33860	16229908	16232365	2457
8772	AT4G33870	16234519	16236492	1973
8773	AT4G33905	16253752	16255760	2008
8774	AT4G33910	16256694	16258974	2280
8775	AT4G33920	16260481	16263054	2573
8776	AT4G33945	16267884	16270925	3041
8777	AT4G33970	16278941	16282048	3107
8778	AT4G33980	16282281	16285229	2948
8779	AT4G34040	16304215	16308801	4586
8780	AT4G34070	16323084	16325295	2211
8781	AT4G34090	16326883	16330224	3341
8782	AT4G34140	16350462	16354434	3972
8783	AT4G34150	16354857	16357460	2603
8784	AT4G34180	16369357	16371529	2172
8785	AT4G34220	16381473	16384468	2995
8786	AT4G34270	16403844	16406303	2459
8787	AT4G34280	16406941	16410785	3844
8788	AT4G34310	16413974	16419735	5761
8789	AT4G34320	16420416	16423986	3570
8790	AT4G34345	16426678	16427185	507
8791	AT4G34360	16431916	16434045	2129
8792	AT4G34380	16438469	16440641	2172
8793	AT4G34400	16445141	16447822	2681
8794	AT4G34430	16460907	16465524	4617
8795	AT4G34420	16458068	16460681	2613
8796	AT5G63120	25318642	25322284	3642
8797	AT4G34450	16470736	16477021	6285
8798	AT4G34500	16487703	16491054	3351
8799	AT4G34510	16491692	16493762	2070
8800	AT4G34540	16498391	16502174	3783
8801	AT4G34660	16545190	16548494	3304
8802	AT4G34670	16548600	16550549	1949
8803	AT4G34690	16555463	16556097	634
8804	AT4G34730	16569368	16573955	4587
8805	AT4G34810	16598958	16599568	610
8806	AT4G34830	16599597	16606135	6538
8807	AT4G34840	16606215	16608292	2077
8808	AT4G34880	16615391	16617586	2195
8809	AT4G34900	16625517	16631370	5853
8810	AT4G34910	16631440	16635149	3709
8811	AT4G34950	16642142	16644928	2786
8812	AT4G34960	16648528	16651029	2501
8813	AT4G34980	16656622	16659486	2864
8814	AT4G35030	16675377	16678206	2829
8815	AT4G35080	16698267	16700406	2139
8816	AT4G35110	16712280	16715114	2834
8817	AT4G35130	16720944	16723665	2721
8818	AT4G35140	16723683	16726636	2953
8819	AT4G35160	16730703	16732923	2220
8820	AT4G35220	16752571	16754478	1907
8821	AT4G35240	16760937	16767087	6150
8822	AT4G35270	16777264	16782054	4790
8823	AT4G35310	16801605	16805005	3400
8824	AT4G35335	16807265	16810216	2951
8825	AT4G35360	16812076	16814926	2850
8826	AT4G35370	16815138	16817544	2406
8827	AT4G35380	16819792	16826147	6355
8828	AT4G35440	16835986	16839375	3389
8829	AT4G35500	16857030	16859620	2590
8830	AT4G35510	16860452	16862420	1968
8831	AT4G35530	16871734	16873722	1988
8832	AT4G35580	16888386	16890877	2491
8833	AT4G35670	16914599	16917367	2768
8834	AT4G35725	16929905	16930560	655
8835	AT4G35730	16931003	16933499	2496
8836	AT4G35740	16935988	16940372	4384
8837	AT4G35785	16952963	16955342	2379
8838	AT4G35810	16968755	16970667	1912
8839	AT4G35850	16983525	16986967	3442
8840	AT4G35870	16990094	16992963	2869
8841	AT4G35880	16993062	16995821	2759
8842	AT4G35900	17004382	17006462	2080
8843	AT4G35910	17008388	17011642	3254
8844	AT4G35940	17021380	17024108	2728
8845	AT4G35985	17031945	17034244	2299
8846	AT4G35987	17034959	17037322	2363
8847	AT4G36010	17039063	17041326	2263
8848	AT4G36050	17051911	17055192	3281
8849	AT4G36090	17078114	17080789	2675
8850	AT4G36120	17093074	17097301	4227
8851	AT5G63180	25340914	25343369	2455
8852	AT4G36140	17098612	17104576	5964
8853	AT4G36150	17104542	17108825	4283
8854	AT5G63200	25348903	25353039	4136
8855	AT4G36170	17113872	17119834	5962
8856	AT4G36180	17119973	17123855	3882
8857	AT4G36290	17169385	17173361	3976
8858	AT4G36190	17123966	17127018	3052
8859	AT4G36195	17126932	17130023	3091
8860	AT4G36210	17130246	17134656	4410
8861	AT4G36270	17161024	17165241	4217
8862	AT4G36280	17165253	17169375	4122
8863	AT4G36390	17194573	17197247	2674
8864	AT4G36440	17206858	17210007	3149
8865	AT4G36520	17230589	17235580	4991
8866	AT4G36530	17239911	17242168	2257
8867	AT4G36550	17245400	17248461	3061
8868	AT4G36560	17252657	17252989	332
8869	AT4G36580	17257760	17260855	3095
8870	AT4G36610	17265332	17267472	2140
8871	AT4G36650	17283033	17285656	2623
8872	AT4G36640	17276882	17279428	2546
8873	AT4G36700	17298200	17300367	2167
8874	AT4G36750	17324519	17326533	2014
8875	AT4G36780	17332269	17334355	2086
8876	AT4G36790	17336123	17338484	2361
8877	AT4G36820	17346805	17348265	1460
8878	AT4G36850	17353291	17356037	2746
8879	AT4G36860	17358343	17362129	3786
8880	AT4G36930	17414083	17416386	2303
8881	AT4G36945	17419918	17422130	2212
8882	AT4G36960	17426918	17429765	2847
8883	AT4G36970	17429744	17431685	1941
8884	AT4G36980	17433601	17437217	3616
8885	AT4G37030	17451637	17454760	3123
8886	AT4G37080	17472980	17476979	3999
8887	AT4G37095	17478885	17479107	222
8888	AT4G37100	17479173	17482147	2974
8889	AT4G37110	17484030	17486400	2370
8890	AT4G37130	17489355	17492012	2657
8891	AT4G37170	17498411	17500655	2244
8892	AT4G37180	17504428	17506504	2076
8893	AT4G37190	17507004	17509747	2743
8894	AT4G37210	17512254	17514723	2469
8895	AT4G37235	17517743	17519785	2042
8896	AT4G37250	17527642	17530589	2947
8897	AT4G37280	17546577	17549559	2982
8898	AT4G37380	17571816	17573938	2122
8899	AT4G37409	17590769	17592911	2142
8900	AT4G37390	17579618	17582022	2404
8901	AT4G37420	17592996	17595148	2152
8902	AT4G37440	17601185	17604086	2901
8903	AT4G37480	17619127	17621596	2469
8904	AT4G37483	17621593	17621820	227
8905	AT4G37510	17626104	17629070	2966
8906	AT4G37550	17643110	17645830	2720
8907	AT4G37560	17646408	17648684	2276
8908	AT4G37680	17700634	17702952	2318
8909	AT4G37690	17707894	17709847	1953
8910	AT4G37710	17718118	17718771	653
8911	AT4G37820	17785254	17787477	2223
8912	AT4G37880	17809637	17811659	2022
8913	AT4G37900	17821482	17824748	3266
8914	AT4G37920	17828277	17830465	2188
8915	AT4G37950	17844361	17849274	4913
8916	AT4G38005	17858874	17859104	230
8917	AT4G38030	17863073	17866730	3657
8918	AT4G38040	17867438	17869542	2104
8919	AT4G38050	17869279	17872614	3335
8920	AT4G38060	17873001	17875268	2267
8921	AT4G38120	17888501	17896255	7754
8922	AT4G38130	17896278	17899509	3231
8923	AT4G38140	17899814	17900362	548
8924	AT4G38170	17904532	17906821	2289
8925	AT4G38200	17915206	17922732	7526
8926	AT4G38310	17948433	17948844	411
8927	AT4G38350	17958096	17966962	8866
8928	AT4G38340	17954710	17958063	3353
8929	AT4G38380	17971497	17975170	3673
8930	AT4G38401	17979763	17979885	122
8931	AT4G38390	17975776	17978380	2604
8932	AT4G38480	18003852	18006283	2431
8933	AT4G38510	18010812	18015173	4361
8934	AT4G38500	18007756	18010903	3147
8935	AT4G38520	18015620	18018500	2880
8936	AT4G38530	18020567	18022985	2418
8937	AT4G38540	18023121	18025027	1906
8938	AT4G38550	18025635	18028911	3276
8939	AT4G38560	18029196	18031333	2137
8940	AT4G38630	18056988	18059598	2610
8941	AT4G38650	18063166	18066025	2859
8942	AT4G38660	18066030	18068293	2263
8943	AT4G38670	18069464	18071530	2066
8944	AT4G38710	18077790	18080228	2438
8945	AT4G38730	18080233	18082683	2450
8946	AT4G38760	18084652	18096218	11566
8947	AT4G38780	18101296	18111082	9786
8948	AT4G38781	18111041	18111193	152
8949	AT4G38810	18115283	18119160	3877
8950	AT4G38840	18124978	18125559	581
8951	AT4G38890	18135796	18139266	3470
8952	AT4G38900	18139237	18142071	2834
8953	AT4G38930	18149533	18151793	2260
8954	AT4G38950	18154395	18160158	5763
8955	AT5G63280	25367031	25369297	2266
8956	AT4G38970	18163496	18166008	2512
8957	AT4G39030	18185437	18189224	3787
8958	AT4G39020	18182315	18184340	2025
8959	AT4G39050	18193075	18200828	7753
8960	AT4G39060	18202607	18204634	2027
8961	AT4G39110	18221993	18225238	3245
8962	AT4G39140	18229094	18232202	3108
8963	AT4G39150	18233360	18236115	2755
8964	AT4G39160	18236278	18240478	4200
8965	AT4G39170	18240605	18243795	3190
8966	AT4G39230	18265735	18267829	2094
8967	AT4G39270	18276311	18279992	3681
8968	AT4G39280	18280098	18284931	4833
8969	AT4G39350	18296388	18302192	5804
8970	AT4G39380	18308854	18312748	3894
8971	AT4G39410	18332606	18334893	2287
8972	AT4G39460	18355783	18359000	3217
8973	AT4G39470	18359198	18361182	1984
8974	AT4G39520	18370865	18374239	3374
8975	AT4G39530	18374368	18377309	2941
8976	AT4G39540	18378225	18380417	2192
8977	AT4G39580	18385684	18386811	1127
8978	AT4G39600	18388890	18390797	1907
8979	AT4G39680	18414306	18417608	3302
8980	AT4G39690	18417586	18422089	4503
8981	AT4G39720	18428809	18431136	2327
8982	AT4G39750	18439138	18439578	440
8983	AT4G39790	18462190	18464982	2792
8984	AT4G39820	18475946	18478060	2114
8985	AT4G39830	18478890	18481343	2453
8986	AT4G39850	18488434	18497266	8832
8987	AT4G39840	18484901	18486949	2048
8988	AT4G39860	18498202	18501682	3480
8989	AT4G39870	18501877	18504487	2610
8990	AT4G39900	18508254	18510555	2301
8991	AT4G39950	18525042	18527602	2560
8992	AT4G39952	18527637	18530274	2637
8993	AT4G39955	18530318	18532296	1978
8994	AT4G39960	18533734	18536618	2884
8995	AT4G39970	18536538	18538506	1968
8996	AT4G40000	18543893	18547556	3663
8997	AT4G40011	18551198	18551404	206
8998	AT4G40020	18553168	18555355	2187
8999	AT4G40050	18560855	18563987	3132
9000	AT4G40063	18575070	18575318	248
9001	AT5G01020	5917	8467	2550
9002	AT5G01110	41768	44512	2744
9003	AT5G01170	58011	60136	2125
9004	AT5G01230	91838	95701	3863
9005	AT5G01260	105268	107454	2186
9006	AT5G01430	176388	178654	2266
9007	AT5G01470	190863	192793	1930
9008	AT5G01590	224134	226926	2792
9009	AT5G01660	244250	249207	4957
9010	AT5G01760	291687	294304	2617
9011	AT5G63370	25383810	25387270	3460
9012	AT5G01800	306939	309289	2350
9013	AT5G01820	313190	315405	2215
9014	AT5G01890	341376	345457	4081
9015	AT5G01950	364902	370295	5393
9016	AT5G01960	370239	372969	2730
9017	AT5G01970	372905	375154	2249
9018	AT5G02170	427642	430695	3053
9019	AT5G02230	448092	450737	2645
9020	AT5G02240	451406	453496	2090
9021	AT5G02330	487114	489242	2128
9022	AT5G02350	495189	497372	2183
9023	AT5G02430	526433	529982	3549
9024	AT5G02480	547436	549996	2560
9025	AT5G02520	561179	564142	2963
9026	AT5G02540	568425	570973	2548
9027	AT5G02650	597504	599786	2282
9028	AT5G02740	616424	618848	2424
9029	AT5G02770	627034	629280	2246
9030	AT5G02780	630748	632792	2044
9031	AT5G02860	653986	657564	3578
9032	AT5G02950	690685	693099	2414
9033	AT5G02970	694783	697732	2949
9034	AT5G03050	713227	716390	3163
9035	AT5G03070	718136	721559	3423
9036	AT5G03100	726779	728855	2076
9037	AT5G03250	774374	777048	2674
9038	AT5G03500	876354	878549	2195
9039	AT5G03590	908251	910292	2041
9040	AT5G03600	912476	914553	2077
9041	AT5G03620	918689	921937	3248
9042	AT5G03660	937817	940115	2298
9043	AT5G03740	981859	984289	2430
9044	AT5G03750	984796	985497	701
9045	AT5G03830	1018334	1020460	2126
9046	AT5G03910	1054078	1057172	3094
9047	AT5G04170	1145431	1147781	2350
9048	AT5G03944	1064611	1064808	197
9049	AT5G03970	1071498	1073489	1991
9050	AT5G04020	1081521	1086772	5251
9051	AT5G04090	1105352	1108282	2930
9052	AT5G04130	1121800	1128144	6344
9053	AT5G04160	1142735	1145008	2273
9054	AT5G04310	1202967	1207946	4979
9055	AT5G04320	1209197	1212578	3381
9056	AT5G04440	1254757	1257040	2283
9057	AT5G04500	1283378	1286374	2996
9058	AT5G04550	1303167	1306145	2978
9059	AT5G04690	1349576	1352589	3013
9060	AT5G04700	1353893	1356804	2911
9061	AT5G63375	25384040	25384487	447
9062	AT5G04780	1384471	1386447	1976
9063	AT5G04710	1356990	1360275	3285
9064	AT5G04840	1405181	1407962	2781
9065	AT5G04860	1411549	1414722	3173
9066	AT5G63380	25387411	25390227	2816
9067	AT5G04920	1438959	1442017	3058
9068	AT5G04933	1451083	1451465	382
9069	AT5G05000	1474027	1476434	2407
9070	AT5G05010	1476533	1480197	3664
9071	AT5G05100	1505041	1507224	2183
9072	AT5G05180	1536057	1538614	2557
9073	AT5G05190	1541218	1544137	2919
9074	AT5G05200	1544007	1547207	3200
9075	AT5G05210	1547412	1549860	2448
9076	AT5G05230	1551298	1553808	2510
9077	AT5G05240	1553799	1556605	2806
9078	AT5G05310	1571144	1574677	3533
9079	AT5G05450	1611737	1615387	3650
9080	AT5G05570	1656481	1663929	7448
9081	AT5G05598	1671812	1672062	250
9082	AT5G05600	1672070	1674770	2700
9083	AT5G05670	1695717	1698191	2474
9084	AT5G05720	1716871	1719541	2670
9085	AT5G05800	1742994	1745245	2251
9086	AT5G05820	1751686	1754361	2675
9087	AT5G06030	1813919	1814371	452
9088	AT5G06060	1823839	1825926	2087
9089	AT5G06110	1840755	1843872	3117
9090	AT5G06120	1843828	1853051	9223
9091	AT5G06260	1902565	1905277	2712
9092	AT5G06360	1944754	1946784	2030
9093	AT5G06400	1955861	1959250	3389
9094	AT5G06390	1952505	1955796	3291
9095	AT5G06520	1987181	1989372	2191
9096	AT5G06540	1999077	2001049	1972
9097	AT5G06680	2056528	2059859	3331
9098	AT5G06700	2063414	2066553	3139
9099	AT5G06770	2090692	2093001	2309
9100	AT5G06780	2093883	2097239	3356
9101	AT5G06800	2103115	2106004	2889
9102	AT5G06930	2144525	2148350	3825
9103	AT5G06820	2112716	2116754	4038
9104	AT5G06890	2135743	2135943	200
9105	AT5G06940	2147888	2150771	2883
9106	AT5G06970	2157970	2166511	8541
9107	AT5G06980	2167120	2169437	2317
9108	AT5G07140	2212826	2215545	2719
9109	AT5G07170	2222763	2225469	2706
9110	AT5G07260	2277813	2280281	2468
9111	AT5G07340	2317126	2319843	2717
9112	AT5G07360	2326687	2330462	3775
9113	AT5G07400	2340623	2345545	4922
9114	AT5G07420	2349452	2351613	2161
9115	AT5G63440	25406252	25408456	2204
9116	AT5G07570	2391581	2396329	4748
9117	AT5G07590	2400313	2403896	3583
9118	AT5G07650	2416200	2422073	5873
9119	AT5G07670	2430146	2432231	2085
9120	AT5G07740	2458568	2467339	8771
9121	AT5G07760	2468040	2473843	5803
9122	AT5G07800	2486540	2489408	2868
9123	AT5G07820	2498550	2501253	2703
9124	AT5G07970	2543742	2548829	5087
9125	AT5G07980	2549038	2555724	6686
9126	AT5G08010	2569098	2571877	2779
9127	AT5G08110	2594716	2600192	5476
9128	AT5G08180	2631516	2633890	2374
9129	AT5G08200	2637988	2640936	2948
9130	AT5G08300	2667361	2669923	2562
9131	AT5G08310	2671987	2675396	3409
9132	AT5G08340	2683782	2687416	3634
9133	AT5G08390	2700959	2707273	6314
9134	AT5G08400	2706458	2708946	2488
9135	AT5G08415	2710781	2713255	2474
9136	AT5G08500	2748133	2751888	3755
9137	AT5G08510	2752992	2755749	2757
9138	AT5G08520	2755144	2758540	3396
9139	AT5G08540	2763823	2765734	1911
9140	AT5G08560	2770782	2774714	3932
9141	AT5G08580	2780450	2783173	2723
9142	AT5G08600	2786177	2790241	4064
9143	AT5G08650	2806302	2813602	7300
9144	AT5G08660	2813870	2818139	4269
9145	AT5G08670	2818091	2821251	3160
9146	AT5G08680	2821739	2825039	3300
9147	AT5G08720	2841408	2845530	4122
9148	AT5G08750	2851814	2854566	2752
9149	AT5G08740	2848352	2851534	3182
9150	AT5G08780	2856740	2859006	2266
9151	AT5G09270	2878826	2880881	2055
9152	AT5G09290	2882302	2884229	1927
9153	AT5G09260	2876698	2878753	2055
9154	AT5G09300	2884179	2886880	2701
9155	AT5G09360	2906426	2908658	2232
9156	AT5G09380	2911177	2913324	2147
9157	AT5G09390	2913482	2915979	2497
9158	AT5G09460	2943738	2946839	3101
9159	AT5G09690	3000612	3003539	2927
9160	AT5G09700	3003666	3005587	1921
9161	AT5G09760	3032019	3034578	2559
9162	AT5G09840	3058907	3062190	3283
9163	AT5G09850	3062651	3065889	3238
9164	AT5G09880	3081389	3085291	3902
9165	AT5G10020	3133244	3137242	3998
9166	AT5G10060	3145749	3148400	2651
9167	AT5G10110	3166343	3168346	2003
9168	AT5G10290	3235258	3238808	3550
9169	AT5G10320	3243915	3246839	2924
9170	AT5G10340	3253122	3255045	1923
9171	AT5G10350	3255236	3257811	2575
9172	AT5G10370	3261149	3267399	6250
9173	AT5G63490	25418594	25422466	3872
9174	AT5G10390	3268847	3269594	747
9175	AT5G10420	3273393	3276535	3142
9176	AT5G10530	3324824	3327868	3044
9177	AT5G10540	3324812	3334971	10159
9178	AT5G10580	3347381	3350071	2690
9179	AT5G10590	3349134	3349468	334
9180	AT5G10605	3351196	3353392	2196
9181	AT5G10630	3359832	3364623	4791
9182	AT5G10650	3364928	3368439	3511
9183	AT5G10660	3370096	3372348	2252
9184	AT5G10710	3378956	3382958	4002
9185	AT5G10720	3385901	3390686	4785
9186	AT5G10740	3393465	3396200	2735
9187	AT5G10745	3396199	3398335	2136
9188	AT5G10760	3400322	3402389	2067
9189	AT5G10770	3403021	3405571	2550
9190	AT5G10820	3420700	3423299	2599
9191	AT5G10920	3441751	3444267	2516
9192	AT5G10946	3455402	3457627	2225
9193	AT5G10960	3464098	3466314	2216
9194	AT5G11000	3478672	3480621	1949
9195	AT5G11010	3483632	3486267	2635
9196	AT5G11130	3542139	3544780	2641
9197	AT5G11020	3486242	3489316	3074
9198	AT5G11090	3524677	3525846	1169
9199	AT5G11100	3532402	3535221	2819
9200	AT5G11240	3582506	3587076	4570
9201	AT5G11310	3606385	3608628	2243
9202	AT5G11390	3633649	3636934	3285
9203	AT5G11420	3644547	3647411	2864
9204	AT5G11430	3647862	3652477	4615
9205	AT5G11480	3669193	3671684	2491
9206	AT5G11490	3671699	3676452	4753
9207	AT5G11500	3676548	3679738	3190
9208	AT5G63500	25423370	25423880	510
9209	AT5G11560	3709442	3714124	4682
9210	AT5G11570	3715931	3718276	2345
9211	AT5G11610	3735350	3738230	2880
9212	AT5G11640	3741782	3743994	2212
9213	AT5G11680	3758809	3760913	2104
9214	AT5G11670	3754091	3758342	4251
9215	AT5G11700	3762391	3771449	9058
9216	AT5G11710	3772401	3776671	4270
9217	AT5G11750	3787230	3789212	1982
9218	AT5G11770	3790708	3793026	2318
9219	AT5G11780	3793830	3796202	2372
9220	AT5G11850	3816080	3821170	5090
9221	AT5G11880	3827526	3830228	2702
9222	AT5G11870	3825420	3827573	2153
9223	AT5G11900	3833919	3836359	2440
9224	AT5G11910	3836300	3838243	1943
9225	AT5G63520	25425950	25429255	3305
9226	AT5G11940	3849283	3852417	3134
9227	AT5G11960	3858428	3861528	3100
9228	AT5G12000	3873799	3877004	3205
9229	AT5G12010	3877680	3879657	1977
9230	AT5G12040	3884949	3888077	3128
9231	AT5G12100	3911334	3914167	2833
9232	AT5G12110	3914468	3916896	2428
9233	AT5G12120	3915676	3918933	3257
9234	AT5G12150	3924107	3930441	6334
9235	AT5G12236	3958148	3958282	134
9236	AT5G12260	3966321	3968937	2616
9237	AT5G12280	3971715	3973800	2085
9238	AT5G12310	3980179	3982528	2349
9239	AT5G12350	3995310	4000801	5491
9240	AT5G12420	4024286	4026849	2563
9241	AT5G12470	4044620	4047448	2828
9242	AT5G12900	4071896	4074619	2723
9243	AT5G12960	4097693	4101766	4073
9244	AT5G12950	4092519	4097059	4540
9245	AT5G12970	4102115	4105414	3299
9246	AT5G13030	4133134	4136688	3554
9247	AT5G13210	4213955	4216908	2953
9248	AT5G13230	4222512	4224982	2470
9249	AT5G13240	4225005	4227717	2712
9250	AT5G13250	4234156	4241934	7778
9251	AT5G13260	4242896	4246882	3986
9252	AT5G13310	4263482	4265952	2470
9253	AT5G13340	4277546	4279493	1947
9254	AT5G13350	4279769	4282395	2626
9255	AT5G13370	4286740	4289663	2923
9256	AT5G13380	4289839	4292441	2602
9257	AT5G13400	4296688	4299264	2576
9258	AT5G13410	4299705	4301787	2082
9259	AT5G13430	4305106	4307570	2464
9260	AT5G13500	4337894	4341088	3194
9261	AT5G13600	4380432	4382497	2065
9262	AT5G63550	25444575	25448255	3680
9263	AT5G13610	4382975	4385099	2124
9264	AT5G13560	4360366	4366501	6135
9265	AT5G13660	4404553	4407288	2735
9266	AT5G13940	4490263	4495753	5490
9267	AT5G14030	4526766	4529614	2848
9268	AT5G14080	4543068	4545416	2348
9269	AT5G14120	4555821	4558710	2889
9270	AT5G14140	4561449	4563893	2444
9271	AT5G14210	4578378	4582856	4478
9272	AT5G14230	4591690	4595964	4274
9273	AT5G14260	4600904	4604482	3578
9274	AT5G14370	4631891	4633925	2034
9275	AT5G14430	4652915	4655973	3058
9276	AT5G14440	4655903	4657907	2004
9277	AT5G14460	4660059	4662668	2609
9278	AT5G14500	4674213	4676872	2659
9279	AT5G14520	4680540	4684472	3932
9280	AT5G14530	4684597	4687023	2426
9281	AT5G14550	4691006	4694055	3049
9282	AT5G14590	4703298	4706826	3528
9283	AT5G14600	4706891	4709163	2272
9284	AT5G14602	4709262	4709871	609
9285	AT5G14610	4710563	4715076	4513
9286	AT5G14650	4724407	4726675	2268
9287	AT5G14680	4730836	4733225	2389
9288	AT5G14700	4740238	4743539	3301
9289	AT5G14720	4747860	4753781	5921
9290	AT5G14790	4782909	4785847	2938
9291	AT5G14820	4792072	4794153	2081
9292	AT5G14850	4801870	4805036	3166
9293	AT5G14990	4850668	4853087	2419
9294	AT5G14995	4853413	4853718	305
9295	AT5G14890	4817997	4820601	2604
9296	AT5G14910	4823553	4825652	2099
9297	AT5G14920	4826141	4828384	2243
9298	AT5G14940	4831583	4834532	2949
9299	AT5G15010	4857147	4859125	1978
9300	AT5G15050	4871531	4873683	2152
9301	AT5G15070	4876515	4885836	9321
9302	AT5G15080	4886029	4888817	2788
9303	AT5G15100	4892016	4894113	2097
9304	AT5G15120	4898641	4900734	2093
9305	AT5G15140	4908651	4910920	2269
9306	AT5G15180	4930425	4932406	1981
9307	AT5G15280	4962149	4966170	4021
9308	AT5G15300	4968089	4970045	1956
9309	AT5G15430	5009687	5011856	2169
9310	AT5G15550	5058672	5062144	3472
9311	AT5G15570	5066204	5068199	1995
9312	AT5G15610	5079458	5082288	2830
9313	AT5G15640	5087219	5090047	2828
9314	AT5G15740	5134507	5137707	3200
9315	AT5G15790	5148722	5151433	2711
9316	AT5G15810	5157841	5161363	3522
9317	AT5G15870	5182367	5184948	2581
9318	AT5G15880	5185651	5187706	2055
9319	AT5G15940	5202466	5204883	2417
9320	AT5G16030	5237970	5240748	2778
9321	AT5G16100	5257609	5259924	2315
9322	AT5G16150	5272476	5275815	3339
9323	AT5G16300	5337895	5342432	4537
9324	AT5G16440	5371627	5373809	2182
9325	AT5G16500	5386524	5389311	2787
9326	AT5G16520	5394544	5397466	2922
9327	AT5G16650	5463177	5465398	2221
9328	AT5G16680	5467228	5473592	6364
9329	AT5G16690	5474366	5480067	5701
9330	AT5G16730	5497524	5500985	3461
9331	AT5G16800	5524273	5526597	2324
9332	AT5G16810	5526689	5529978	3289
9333	AT5G63630	25472445	25475927	3482
9334	AT5G16860	5543834	5546537	2703
9335	AT5G16870	5546811	5548777	1966
9336	AT5G16880	5548914	5551509	2595
9337	AT5G16890	5551627	5554919	3292
9338	AT5G16910	5560607	5565660	5053
9339	AT5G16960	5573700	5575910	2210
9340	AT5G16980	5578846	5581311	2465
9341	AT5G16990	5581524	5584466	2942
9342	AT5G17010	5587344	5592534	5190
9343	AT5G17040	5605201	5607128	1927
9344	AT5G17070	5613307	5616233	2926
9345	AT5G17080	5619594	5620949	1355
9346	AT5G17160	5639646	5642623	2977
9347	AT5G17165	5643118	5647807	4689
9348	AT5G17090	5621249	5622542	1293
9349	AT5G17110	5626563	5627474	911
9350	AT5G17140	5637830	5638273	443
9351	AT5G17150	5638475	5639629	1154
9352	AT5G17167	5645309	5646067	758
9353	AT5G17180	5651396	5651807	411
9354	AT5G17190	5652171	5653173	1002
9355	AT5G17200	5653524	5655336	1812
9356	AT5G17230	5659554	5662997	3443
9357	AT5G17250	5668993	5673656	4663
9358	AT5G17270	5679922	5685794	5872
9359	AT5G17280	5686299	5686895	596
9360	AT5G17305	5692700	5692924	224
9361	AT5G17340	5715624	5716268	644
9362	AT5G17345	5715784	5716607	823
9363	AT5G17350	5718498	5719608	1110
9364	AT5G17360	5720283	5721659	1376
9365	AT5G17370	5721801	5724751	2950
9366	AT5G17380	5724759	5726912	2153
9367	AT5G17390	5727473	5728688	1215
9368	AT5G17410	5730569	5736695	6126
9369	AT5G17440	5749723	5753772	4049
9370	AT5G17430	5742393	5745748	3355
9371	AT5G17460	5757073	5759817	2744
9372	AT5G17470	5760953	5761406	453
9373	AT5G17500	5767379	5769924	2545
9374	AT5G17510	5769318	5772481	3163
9375	AT5G17490	5763989	5766246	2257
9376	AT5G17522	5775535	5776346	811
9377	AT5G17523	5775586	5777350	1764
9378	AT5G17530	5777469	5782150	4681
9379	AT5G17540	5781987	5783729	1742
9380	AT5G17560	5788358	5789964	1606
9381	AT5G17570	5792926	5795107	2181
9382	AT5G17580	5794968	5797944	2976
9383	AT5G17590	5797184	5798027	843
9384	AT5G17600	5799432	5801418	1986
9385	AT5G17610	5803892	5805589	1697
9386	AT5G17630	5809334	5810962	1628
9387	AT5G17660	5818548	5820975	2427
9388	AT5G17670	5820969	5822736	1767
9389	AT5G17680	5822881	5827153	4272
9390	AT5G17700	5830570	5834000	3430
9391	AT5G17710	5839163	5841858	2695
9392	AT5G17720	5845934	5847653	1719
9393	AT5G17750	5858695	5860041	1346
9394	AT5G17760	5860350	5862475	2125
9395	AT5G17780	5867169	5869065	1896
9396	AT5G17820	5887871	5890260	2389
9397	AT5G17830	5893382	5895573	2191
9398	AT5G17840	5895653	5897291	1638
9399	AT5G17850	5898852	5901157	2305
9400	AT5G17900	5924372	5927041	2669
9401	AT5G17910	5927267	5932957	5690
9402	AT5G17930	5939994	5944481	4487
9403	AT5G17950	5944553	5944959	406
9404	AT5G17960	5945628	5947464	1836
9405	AT5G17970	5948999	5951750	2751
9406	AT5G17980	5953170	5956855	3685
9407	AT5G18030	5968352	5969190	838
9408	AT5G18037	5971101	5971566	465
9409	AT5G18065	5978546	5980599	2053
9410	AT5G18090	5985312	5987165	1853
9411	AT5G18130	5995323	5997498	2175
9412	AT5G18140	5998127	6000519	2392
9413	AT5G18150	5999806	6000554	748
9414	AT5G18160	6002770	6003909	1139
9415	AT5G18180	6008561	6009761	1200
9416	AT5G18190	6009812	6014864	5052
9417	AT5G18200	6015035	6016799	1764
9418	AT5G18210	6017797	6018919	1122
9419	AT5G18220	6018914	6020590	1676
9420	AT5G18230	6021379	6027299	5920
9421	AT5G18250	6033484	6035546	2062
9422	AT5G18260	6036202	6038106	1904
9423	AT5G18310	6061298	6063372	2074
9424	AT5G18320	6064170	6066284	2114
9425	AT5G18330	6068474	6070042	1568
9426	AT5G18340	6070346	6072334	1988
9427	AT5G18350	6074069	6078615	4546
9428	AT5G18360	6079768	6083077	3309
9429	AT5G18370	6083401	6089041	5640
9430	AT5G18380	6089712	6090804	1092
9431	AT5G18390	6090891	6092657	1766
9432	AT5G18400	6092682	6095080	2398
9433	AT5G18403	6095343	6095785	442
9434	AT5G18404	6096149	6096592	443
9435	AT5G18407	6096747	6097158	411
9436	AT5G63680	25490065	25492763	2698
9437	AT5G18420	6105283	6109501	4218
9438	AT5G18430	6110151	6112039	1888
9439	AT5G18450	6116024	6117041	1017
9440	AT5G18460	6122725	6126742	4017
9441	AT5G18490	6134114	6136807	2693
9442	AT5G18500	6138242	6141687	3445
9443	AT5G18510	6141650	6143886	2236
9444	AT5G18525	6146725	6153811	7086
9445	AT5G18540	6153785	6156309	2524
9446	AT5G18550	6160097	6163171	3074
9447	AT5G18590	6178354	6182761	4407
9448	AT5G18600	6183166	6184038	872
9449	AT5G18610	6192327	6195753	3426
9450	AT5G18630	6202536	6205737	3201
9451	AT5G18636	6211111	6212372	1261
9452	AT5G18640	6212773	6215863	3090
9453	AT5G18650	6217690	6220702	3012
9454	AT5G18661	6222337	6222811	474
9455	AT5G18700	6235032	6240916	5884
9456	AT5G18705	6236839	6237851	1012
9457	AT5G18710	6241134	6243479	2345
9458	AT5G18720	6243982	6246325	2343
9459	AT5G18730	6246761	6249405	2644
9460	AT5G18735	6247810	6251976	4166
9461	AT5G18740	6249727	6252250	2523
9462	AT5G18748	6254560	6254769	209
9463	AT5G18750	6254574	6258093	3519
9464	AT5G18760	6258263	6261016	2753
9465	AT5G18770	6261311	6263721	2410
9466	AT5G18780	6264245	6266174	1929
9467	AT5G18790	6266092	6266927	835
9468	AT5G18800	6266974	6268638	1664
9469	AT5G18840	6282881	6286767	3886
9470	AT5G18850	6286732	6287629	897
9471	AT5G18860	6290358	6295815	5457
9472	AT5G18870	6298386	6300289	1903
9473	AT5G18880	6300535	6301422	887
9474	AT5G18910	6306599	6309578	2979
9475	AT5G18920	6310058	6311136	1078
9476	AT5G18933	6313387	6314344	957
9477	AT5G18937	6324012	6325083	1071
9478	AT5G18940	6325534	6328354	2820
9479	AT5G18950	6328379	6330189	1810
9480	AT5G18960	6330297	6333650	3353
9481	AT5G18970	6333211	6334642	1431
9482	AT5G18980	6334767	6338209	3442
9483	AT5G18990	6340076	6341699	1623
9484	AT5G19025	6354969	6357220	2251
9485	AT5G19030	6357374	6359158	1784
9486	AT5G19050	6369004	6371906	2902
9487	AT5G19060	6372735	6374903	2168
9488	AT5G19070	6375159	6377667	2508
9489	AT5G19090	6387341	6390179	2838
9490	AT5G19100	6408007	6409666	1659
9491	AT5G19130	6415920	6419112	3192
9492	AT5G19150	6423305	6428468	5163
9493	AT5G19151	6428530	6429708	1178
9494	AT5G19170	6445245	6447419	2174
9495	AT5G19172	6448070	6448732	662
9496	AT5G19175	6449704	6450258	554
9497	AT5G19190	6457026	6458504	1478
9498	AT5G19210	6461268	6463866	2598
9499	AT5G19230	6467193	6468848	1655
9500	AT5G19250	6471827	6472989	1162
9501	AT5G19270	6485617	6487009	1392
9502	AT5G19290	6493826	6495393	1567
9503	AT5G19300	6495434	6498332	2898
9504	AT5G19315	6504531	6504914	383
9505	AT5G19340	6515092	6516697	1605
9506	AT5G19350	6518777	6521483	2706
9507	AT5G19370	6524018	6526735	2717
9508	AT5G19390	6531529	6538557	7028
9509	AT5G19420	6547625	6553283	5658
9510	AT5G63690	25492772	25493699	927
9511	AT5G19430	6553703	6555954	2251
9512	AT5G19440	6556348	6558373	2025
9513	AT5G19450	6558331	6562057	3726
9514	AT5G19473	6569162	6570956	1794
9515	AT5G19480	6571472	6573623	2151
9516	AT5G19485	6573592	6576534	2942
9517	AT5G19490	6576510	6578508	1998
9518	AT5G19500	6578890	6581945	3055
9519	AT5G19510	6581658	6583248	1590
9520	AT5G19540	6593642	6597916	4274
9521	AT5G19570	6606564	6607321	757
9522	AT5G19580	6607371	6609799	2428
9523	AT5G19590	6610428	6612162	1734
9524	AT5G19595	6611092	6611283	191
9525	AT5G19630	6627940	6630024	2084
9526	AT5G19633	6631434	6631713	279
9527	AT5G19640	6635797	6638791	2994
9528	AT5G19670	6646698	6649534	2836
9529	AT5G19675	6649076	6649316	240
9530	AT5G19680	6649574	6652046	2472
9531	AT5G63700	25493707	25497764	4057
9532	AT5G19700	6660678	6662463	1785
9533	AT5G19720	6667664	6668700	1036
9534	AT5G19730	6670275	6673625	3350
9535	AT5G19740	6673874	6676931	3057
9536	AT5G19750	6677016	6679384	2368
9537	AT5G19760	6679306	6682054	2748
9538	AT5G19780	6687030	6689171	2141
9539	AT5G19800	6690520	6691176	656
9540	AT5G19810	6692909	6694058	1149
9541	AT5G19830	6703082	6705249	2167
9542	AT5G19840	6705325	6709382	4057
9543	AT5G19850	6709734	6711723	1989
9544	AT5G19860	6713953	6715918	1965
9545	AT5G19870	6715965	6717110	1145
9546	AT5G19880	6720384	6722477	2093
9547	AT5G19900	6727342	6730407	3065
9548	AT5G19920	6733211	6737496	4285
9549	AT5G19930	6737512	6739573	2061
9550	AT5G19940	6739624	6740957	1333
9551	AT5G19950	6740777	6743850	3073
9552	AT5G19960	6743878	6746381	2503
9553	AT5G19970	6746814	6748982	2168
9554	AT5G20000	6756633	6759800	3167
9555	AT5G20030	6764727	6766702	1975
9556	AT5G20045	6771472	6772252	780
9557	AT5G20050	6774102	6775935	1833
9558	AT5G20060	6776073	6779671	3598
9559	AT5G20080	6782511	6786847	4336
9560	AT5G20090	6786834	6788680	1846
9561	AT5G20100	6789935	6790841	906
9562	AT5G20110	6791360	6793419	2059
9563	AT5G20120	6795314	6797249	1935
9564	AT5G20130	6797361	6798899	1538
9565	AT5G20160	6803694	6805226	1532
9566	AT5G20165	6805542	6807345	1803
9567	AT5G20170	6807375	6810919	3544
9568	AT5G20180	6810908	6812186	1278
9569	AT5G20190	6813762	6815873	2111
9570	AT5G20200	6816612	6821827	5215
9571	AT5G20220	6821881	6825981	4100
9572	AT5G20260	6836781	6839609	2828
9573	AT5G20290	6851341	6853106	1765
9574	AT5G20310	6857553	6859145	1592
9575	AT5G63710	25499378	25503023	3645
9576	AT5G20370	6886762	6887458	696
9577	AT5G20380	6887636	6892571	4935
9578	AT5G20410	6896463	6898783	2320
9579	AT5G20390	6892700	6894197	1497
9580	AT5G20430	6904672	6905506	834
9581	AT5G20440	6908606	6909996	1390
9582	AT5G20450	6910486	6913323	2837
9583	AT5G20460	6914303	6914855	552
9584	AT5G20500	6938417	6939848	1431
9585	AT5G20550	6952397	6953971	1574
9586	AT5G20580	6958597	6962916	4319
9587	AT5G20600	6966178	6968033	1855
9588	AT5G20610	6968611	6972995	4384
9589	AT5G20640	6984240	6985365	1125
9590	AT5G20660	6986180	6991139	4959
9591	AT5G20670	6993084	6993948	864
9592	AT5G20700	7005667	7007502	1835
9593	AT5G20720	7014662	7016698	2036
9594	AT5G20740	7025565	7026753	1188
9595	AT5G20790	7039674	7040919	1245
9596	AT5G20810	7043758	7045830	2072
9597	AT5G20820	7046747	7047446	699
9598	AT5G20840	7060992	7069343	8351
9599	AT5G20860	7076735	7079149	2414
9600	AT5G20870	7079799	7081789	1990
9601	AT5G20885	7083408	7084859	1451
9602	AT5G20890	7086653	7090169	3516
9603	AT5G20930	7097868	7103206	5338
9604	AT5G20940	7103927	7106834	2907
9605	AT5G20950	7107272	7111453	4181
9606	AT5G20970	7122800	7124001	1201
9607	AT5G20995	7134316	7135004	688
9608	AT5G21020	7138762	7139661	899
9609	AT5G21030	7139817	7144272	4455
9610	AT5G21050	7147890	7148957	1067
9611	AT5G21060	7148978	7152922	3944
9612	AT5G21070	7156063	7157889	1826
9613	AT5G21080	7157803	7163188	5385
9614	AT5G21090	7164560	7167351	2791
9615	AT5G21100	7168106	7170961	2855
9616	AT5G21105	7172604	7177985	5381
9617	AT5G21125	7185048	7185428	380
9618	AT5G21130	7185897	7186919	1022
9619	AT5G21150	7192239	7198381	6142
9620	AT5G21222	7208643	7213915	5272
9621	AT5G21280	7263828	7265874	2046
9622	AT5G21482	7226606	7230304	3698
9623	AT5G21900	7238174	7240535	2361
9624	AT5G21910	7240659	7241746	1087
9625	AT5G21940	7249014	7250770	1756
9626	AT5G21950	7253849	7256156	2307
9627	AT5G21960	7258037	7259568	1531
9628	AT5G21970	7261523	7263644	2121
9629	AT5G22020	7287628	7289646	2018
9630	AT5G22040	7296915	7299313	2398
9631	AT5G22050	7301224	7303876	2652
9632	AT5G22070	7307894	7310367	2473
9633	AT5G22080	7310171	7313780	3609
9634	AT5G22090	7314583	7321743	7160
9635	AT5G22100	7328870	7330930	2060
9636	AT5G22120	7334314	7337018	2704
9637	AT5G22140	7340055	7341959	1904
9638	AT5G22145	7340426	7341028	602
9639	AT5G22150	7342565	7346061	3496
9640	AT5G22160	7346944	7349255	2311
9641	AT5G22170	7350575	7351190	615
9642	AT5G22180	7353070	7353706	636
9643	AT5G22200	7355570	7357122	1552
9644	AT5G22270	7372109	7373259	1150
9645	AT5G22310	7383583	7385833	2250
9646	AT5G22320	7387985	7390613	2628
9647	AT5G22340	7394443	7397320	2877
9648	AT5G22355	7401707	7403972	2265
9649	AT5G22390	7418095	7419335	1240
9650	AT5G22400	7422670	7425574	2904
9651	AT5G22430	7433790	7434953	1163
9652	AT5G22440	7435065	7436769	1704
9653	AT5G22450	7436905	7443463	6558
9654	AT5G22460	7443460	7445639	2179
9655	AT5G22470	7446962	7451049	4087
9656	AT5G22480	7451503	7456865	5362
9657	AT5G22490	7458774	7461093	2319
9658	AT5G22505	7472540	7473849	1309
9659	AT5G22510	7474635	7478335	3700
9660	AT5G22520	7478860	7479543	683
9661	AT5G22530	7480413	7481206	793
9662	AT5G22560	7491356	7493269	1913
9663	AT5G22600	7509843	7511788	1945
9664	AT5G22608	7513069	7514560	1491
9665	AT5G22620	7516949	7520281	3332
9666	AT5G22660	7536236	7538052	1816
9667	AT5G22690	7541072	7545256	4184
9668	AT5G22700	7545481	7549393	3912
9669	AT5G22720	7549565	7551174	1609
9670	AT5G22730	7551364	7553537	2173
9671	AT5G22760	7571175	7577993	6818
9672	AT5G22765	7577802	7578283	481
9673	AT5G22780	7589403	7598113	8710
9674	AT5G22785	7589643	7589844	201
9675	AT5G22791	7603500	7604822	1322
9676	AT5G22794	7608242	7611904	3662
9677	AT5G22796	7612206	7613224	1018
9678	AT5G22799	7613398	7614541	1143
9679	AT5G22810	7621502	7623367	1865
9680	AT5G22820	7622962	7627037	4075
9681	AT5G22840	7630717	7633380	2663
9682	AT5G22850	7633373	7636576	3203
9683	AT5G22860	7639076	7643170	4094
9684	AT5G22870	7646903	7647679	776
9685	AT5G22875	7650582	7651851	1269
9686	AT5G22920	7664871	7667288	2417
9687	AT5G22930	7667630	7669410	1780
9688	AT5G22960	7684014	7685052	1038
9689	AT5G22970	7686247	7686837	590
9690	AT5G22990	7691494	7692468	974
9691	AT5G23035	7727955	7728484	529
9692	AT5G23100	7753222	7754813	1591
9693	AT5G23110	7758100	7775675	17575
9694	AT5G23115	7777595	7777623	28
9695	AT5G23130	7781172	7783620	2448
9696	AT5G23160	7795256	7796346	1090
9697	AT5G23170	7798168	7799628	1460
9698	AT5G23200	7807183	7809283	2100
9699	AT5G23212	7815378	7816919	1541
9700	AT5G23240	7826732	7828724	1992
9701	AT5G23250	7830318	7832843	2525
9702	AT5G23280	7842607	7844649	2042
9703	AT5G23330	7854056	7855813	1757
9704	AT5G23340	7856039	7858319	2280
9705	AT5G23380	7866742	7870384	3642
9706	AT5G23390	7870409	7874505	4096
9707	AT5G23400	7880272	7882634	2362
9708	AT5G23405	7882672	7884662	1990
9709	AT5G23411	7886644	7886790	146
9710	AT5G23430	7893594	7900563	6969
9711	AT5G23460	7912652	7913617	965
9712	AT5G23470	7913861	7914769	908
9713	AT5G23480	7915955	7919328	3373
9714	AT5G23490	7919377	7926738	7361
9715	AT5G23510	7926945	7929387	2442
9716	AT5G23520	7928993	7931793	2800
9717	AT5G23535	7935316	7937405	2089
9718	AT5G23540	7937630	7939604	1974
9719	AT5G23550	7939597	7941677	2080
9720	AT5G23570	7942908	7946147	3239
9721	AT5G23575	7946285	7950253	3968
9722	AT5G23590	7953529	7956875	3346
9723	AT5G23600	7955687	7956920	1233
9724	AT5G23610	7957249	7960446	3197
9725	AT5G23650	7969812	7971101	1289
9726	AT5G23680	7985354	7986851	1497
9727	AT5G23690	7987493	7990664	3171
9728	AT5G23700	7992776	7997509	4733
9729	AT5G23710	7996338	7997505	1167
9730	AT5G23750	8009657	8011709	2052
9731	AT5G23760	8013085	8014350	1265
9732	AT5G23820	8031165	8033149	1984
9733	AT5G23830	8033665	8034977	1312
9734	AT5G23840	8035690	8037110	1420
9735	AT5G23850	8037798	8040941	3143
9736	AT5G23870	8045540	8050395	4855
9737	AT5G23890	8058568	8063286	4718
9738	AT5G23900	8063922	8065550	1628
9739	AT5G23903	8066419	8067096	677
9740	AT5G23908	8068071	8068280	209
9741	AT5G23910	8068221	8073053	4832
9742	AT5G23920	8073222	8074286	1064
9743	AT5G23930	8074441	8076193	1752
9744	AT5G23950	8082650	8083772	1122
9745	AT5G23970	8096256	8097847	1591
9746	AT5G24000	8110185	8112775	2590
9747	AT5G24010	8113754	8116629	2875
9748	AT5G24040	8125949	8127346	1397
9749	AT5G24050	8128353	8129402	1049
9750	AT5G24060	8129979	8133301	3322
9751	AT5G24070	8134172	8136150	1978
9752	AT5G24080	8139111	8142432	3321
9753	AT5G24100	8148544	8151385	2841
9754	AT5G24120	8157151	8160343	3192
9755	AT5G24130	8161928	8164066	2138
9756	AT5G24155	8179703	8181107	1404
9757	AT5G24160	8182917	8186704	3787
9758	AT5G24165	8188166	8189470	1304
9759	AT5G24170	8189461	8191459	1998
9760	AT5G24180	8195600	8197119	1519
9761	AT5G24200	8202919	8205824	2905
9762	AT5G24210	8217191	8219720	2529
9763	AT5G24215	8221371	8222930	1559
9764	AT5G24220	8225861	8227782	1921
9765	AT5G24230	8228829	8230964	2135
9766	AT5G24240	8230916	8234150	3234
9767	AT5G24260	8234684	8238294	3610
9768	AT5G24270	8238428	8243443	5015
9769	AT5G24275	8244369	8248689	4320
9770	AT5G63740	25510776	25511456	680
9771	AT5G24310	8273519	8276589	3070
9772	AT5G24313	8276785	8277406	621
9773	AT5G24318	8281976	8284126	2150
9774	AT5G24320	8284366	8288351	3985
9775	AT5G24340	8297280	8300502	3222
9776	AT5G24350	8301105	8310895	9790
9777	AT5G24352	8310940	8311985	1045
9778	AT5G24355	8314679	8315438	759
9779	AT5G24380	8323895	8326705	2810
9780	AT5G24370	8320969	8321544	575
9781	AT5G24390	8326607	8329499	2892
9782	AT5G24430	8338925	8343284	4359
9783	AT5G24450	8348160	8353303	5143
9784	AT5G24460	8354637	8355925	1288
9785	AT5G24480	8363831	8365036	1205
9786	AT5G24490	8365601	8367460	1859
9787	AT5G24570	8405681	8406132	451
9788	AT5G24575	8406131	8406151	20
9789	AT5G24580	8410184	8412512	2328
9790	AT5G24590	8416375	8419076	2701
9791	AT5G24600	8421558	8423525	1967
9792	AT5G24610	8428078	8429253	1175
9793	AT5G24620	8430004	8432414	2410
9794	AT5G24640	8436352	8436895	543
9795	AT5G24650	8437024	8439104	2080
9796	AT5G24680	8453575	8455518	1943
9797	AT5G24690	8455457	8458756	3299
9798	AT5G24710	8458847	8468173	9326
9799	AT5G24740	8469711	8489867	20156
9800	AT5G24750	8490572	8494679	4107
9801	AT5G24760	8494697	8497610	2913
9802	AT5G24810	8516635	8522800	6165
9803	AT5G24820	8523390	8525356	1966
9804	AT5G24830	8530915	8533867	2952
9805	AT5G24840	8533787	8535043	1256
9806	AT5G24870	8544682	8547906	3224
9807	AT5G24879	8552491	8552604	113
9808	AT5G24880	8552647	8554275	1628
9809	AT5G24940	8591143	8593601	2458
9810	AT5G24970	8604288	8608883	4595
9811	AT5G24980	8609023	8610005	982
9812	AT5G25000	8613966	8614331	365
9813	AT5G25040	8621900	8624484	2584
9814	AT5G25050	8631461	8634027	2566
9815	AT5G25070	8640754	8643516	2762
9816	AT5G25080	8643662	8647058	3396
9817	AT5G25100	8648006	8651176	3170
9818	AT5G25170	8693012	8695095	2083
9819	AT5G25195	8716180	8716423	243
9820	AT5G25200	8716766	8717869	1103
9821	AT5G25210	8723912	8725817	1905
9822	AT5G25230	8739545	8743880	4335
9823	AT5G25240	8746594	8747290	696
9824	AT5G25250	8749680	8751636	1956
9825	AT5G25265	8754181	8756948	2767
9826	AT5G25270	8757434	8763005	5571
9827	AT5G25280	8773734	8776594	2860
9828	AT5G25290	8778592	8779839	1247
9829	AT5G25300	8780258	8783093	2835
9830	AT5G25310	8784747	8787366	2619
9831	AT5G25320	8787196	8789846	2650
9832	AT5G25330	8791513	8792813	1300
9833	AT5G25340	8793018	8794784	1766
9834	AT5G25360	8799710	8802753	3043
9835	AT5G25400	8823176	8824639	1463
9836	AT5G25415	8834206	8837248	3042
9837	AT5G25420	8838417	8841775	3358
9838	AT5G25425	8848549	8849235	686
9839	AT5G25430	8851047	8854491	3444
9840	AT5G25440	8854507	8856809	2302
9841	AT5G25450	8856917	8858476	1559
9842	AT5G25470	8865651	8867724	2073
9843	AT5G25475	8867797	8869862	2065
9844	AT5G25490	8876321	8877904	1583
9845	AT5G25500	8880863	8882542	1679
9846	AT5G25510	8882468	8884838	2370
9847	AT5G25520	8885088	8889904	4816
9848	AT5G25530	8889271	8891128	1857
9849	AT5G25550	8893989	8895914	1925
9850	AT5G25560	8897797	8901740	3943
9851	AT5G25570	8901740	8903219	1479
9852	AT5G25580	8903404	8906319	2915
9853	AT5G25590	8906534	8910063	3529
9854	AT5G25600	8912959	8914055	1096
9855	AT5G25630	8947223	8949741	2518
9856	AT5G25640	8949515	8951173	1658
9857	AT5G25750	8950884	8951143	259
9858	AT5G25754	8953375	8957339	3964
9859	AT5G25755	8958643	8960968	2325
9860	AT5G25756	8961488	8963150	1662
9861	AT5G25757	8965145	8967640	2495
9862	AT5G25770	8969215	8972125	2910
9863	AT5G25790	8977057	8979296	2239
9864	AT5G25800	8979571	8982891	3320
9865	AT5G25820	8997100	9000345	3245
9866	AT5G25840	9010643	9011618	975
9867	AT5G25920	9044140	9046528	2388
9868	AT5G25930	9050660	9054143	3483
9869	AT5G25940	9054122	9055255	1133
9870	AT5G25950	9057793	9059963	2170
9871	AT5G25960	9062911	9065011	2100
9872	AT5G25970	9066278	9068511	2233
9873	AT5G25990	9076107	9077379	1272
9874	AT5G25995	9076831	9077126	295
9875	AT5G26010	9085247	9087585	2338
9876	AT5G26050	9103179	9104100	921
9877	AT5G26060	9104730	9105525	795
9878	AT5G26070	9106341	9106787	446
9879	AT5G26080	9107944	9108617	673
9880	AT5G26090	9109026	9113538	4512
9881	AT5G26100	9117290	9117817	527
9882	AT5G26110	9117907	9119841	1934
9883	AT5G26130	9128110	9128610	500
9884	AT5G26150	9137461	9140257	2796
9885	AT5G26160	9142865	9146675	3810
9886	AT5G26180	9149073	9153503	4430
9887	AT5G26190	9153518	9155299	1781
9888	AT5G26200	9157142	9158404	1262
9889	AT5G26220	9162969	9164884	1915
9890	AT5G26250	9196758	9198801	2043
9891	AT5G26260	9200271	9202461	2190
9892	AT5G26262	9203285	9203392	107
9893	AT5G26270	9206375	9208136	1761
9894	AT5G26280	9208573	9210654	2081
9895	AT5G26290	9226079	9228026	1947
9896	AT5G26300	9229326	9231180	1854
9897	AT5G26320	9238227	9241333	3106
9898	AT5G26330	9241420	9242854	1434
9899	AT5G26360	9255053	9259028	3975
9900	AT5G26600	9377249	9380063	2814
9901	AT5G26610	9375089	9377168	2079
9902	AT5G26617	9360462	9360988	526
9903	AT5G26620	9366697	9366963	266
9904	AT5G26630	9350812	9351620	808
9905	AT5G26622	9355953	9357449	1496
9906	AT5G26640	9347841	9348174	333
9907	AT5G26670	9317968	9321076	3108
9908	AT5G26673	9279309	9279611	302
9909	AT5G26680	9311446	9315550	4104
9910	AT5G26690	9310797	9311572	775
9911	AT5G26692	9282479	9283155	676
9912	AT5G26710	9305479	9308440	2961
9913	AT5G26717	9284558	9284997	439
9914	AT5G26720	9303939	9304838	899
9915	AT5G26740	9291839	9294860	3021
9916	AT5G26749	9398015	9399267	1252
9917	AT5G26760	9403543	9407306	3763
9918	AT5G26770	9407647	9410138	2491
9919	AT5G26790	9422879	9423699	820
9920	AT5G26800	9425151	9426711	1560
9921	AT5G26810	9430849	9433000	2151
9922	AT5G26830	9437187	9441822	4635
9923	AT5G26840	9442288	9442605	317
9924	AT5G26850	9445232	9450896	5664
9925	AT5G26865	9457264	9457879	615
9926	AT5G26955	9483363	9483774	411
9927	AT5G26970	9486874	9487456	582
9928	AT5G26990	9490556	9493964	3408
9929	AT5G27010	9503315	9507569	4254
9930	AT5G27020	9508098	9508878	780
9931	AT5G27060	9521978	9525478	3500
9932	AT5G27065	9524329	9524702	373
9933	AT5G27093	9534618	9535388	770
9934	AT5G27110	9538572	9540666	2094
9935	AT5G27120	9540861	9544065	3204
9936	AT5G27140	9548542	9550597	2055
9937	AT5G27170	9566007	9566412	405
9938	AT5G27220	9578373	9582960	4587
9939	AT5G27230	9584092	9588049	3957
9940	AT5G27238	9593904	9594434	530
9941	AT5G27240	9596766	9601233	4467
9942	AT5G27247	9601443	9601589	146
9943	AT5G27260	9603943	9604930	987
9944	AT5G27280	9617440	9618481	1041
9945	AT5G27290	9618392	9620588	2196
9946	AT5G27300	9620810	9625136	4326
9947	AT5G27310	9625449	9626561	1112
9948	AT5G27330	9632703	9635174	2471
9949	AT5G27360	9656949	9662663	5714
9950	AT5G27370	9667311	9667886	575
9951	AT5G27390	9674320	9676219	1899
9952	AT5G27395	9671393	9674267	2874
9953	AT5G27400	9676334	9678503	2169
9954	AT5G27410	9676334	9682940	6606
9955	AT5G27430	9687339	9690355	3016
9956	AT5G27440	9689498	9690541	1043
9957	AT5G27460	9693175	9694844	1669
9958	AT5G27470	9694938	9697389	2451
9959	AT5G27490	9702835	9704743	1908
9960	AT5G27493	9703194	9703546	352
9961	AT5G27495	9706353	9706765	412
9962	AT5G27510	9713173	9714078	905
9963	AT5G27530	9717503	9721097	3594
9964	AT5G27520	9714348	9716418	2070
9965	AT5G27550	9727454	9731558	4104
9966	AT5G27560	9731512	9734473	2961
9967	AT5G27606	9752002	9753404	1402
9968	AT5G27607	9760593	9762087	1494
9969	AT5G27650	9785407	9789354	3947
9970	AT5G27660	9789468	9792378	2910
9971	AT5G27690	9803647	9805266	1619
9972	AT5G27700	9807236	9808513	1277
9973	AT5G27710	9812931	9815420	2489
9974	AT5G27730	9819256	9823250	3994
9975	AT5G27750	9828229	9830259	2030
9976	AT5G27760	9830251	9831872	1621
9977	AT5G27765	9834152	9834968	816
9978	AT5G27790	9840925	9842003	1078
9979	AT5G27810	9855671	9856458	787
9980	AT5G27850	9873067	9874973	1906
9981	AT5G27860	9874718	9876500	1782
9982	AT5G27870	9878689	9881848	3159
9983	AT5G27880	9885873	9886842	969
9984	AT5G27889	9903437	9903598	161
9985	AT5G27890	9903640	9905921	2281
9986	AT5G27920	9941734	9944942	3208
9987	AT5G27930	9957816	9961374	3558
9988	AT5G27944	9975918	9976592	674
9989	AT5G27950	9984044	9988967	4923
9990	AT5G27970	10004411	10015746	11335
9991	AT5G63800	25530055	25535889	5834
9992	AT5G27980	10015774	10016879	1105
9993	AT5G27990	10016662	10018526	1864
9994	AT5G28000	10020653	10021430	777
9995	AT5G28010	10024623	10026051	1428
9996	AT5G63810	25537074	25541529	4455
9997	AT5G28040	10035543	10039286	3743
9998	AT5G28050	10043907	10046099	2192
9999	AT5G28060	10069440	10070899	1459
10000	AT5G28090	10101042	10102274	1232
10001	AT5G28160	10137926	10139013	1087
10002	AT5G28190	10167850	10170696	2846
10003	AT5G28210	10188586	10190463	1877
10004	AT5G28220	10190357	10193123	2766
10005	AT5G28235	10201271	10203335	2064
10006	AT5G28237	10207287	10213598	6311
10007	AT5G28288	10276243	10276626	383
10008	AT5G28295	10283282	10283777	495
10009	AT5G28300	10292279	10295283	3004
10010	AT5G28310	10300117	10301844	1727
10011	AT5G28320	10301936	10306142	4206
10012	AT5G28340	10314118	10317160	3042
10013	AT5G28345	10317847	10319860	2013
10014	AT5G28350	10320114	10327374	7260
10015	AT5G28370	10332107	10334784	2677
10016	AT5G28380	10338539	10341007	2468
10017	AT5G28390	10342024	10342997	973
10018	AT5G28400	10344024	10348234	4210
10019	AT5G28410	10358184	10359438	1254
10020	AT5G28420	10364614	10365468	854
10021	AT5G28460	10374713	10377379	2666
10022	AT5G28462	10381738	10382284	546
10023	AT5G28463	10379446	10380973	1527
10024	AT5G28470	10428733	10432407	3674
10025	AT5G28491	10455682	10455807	125
10026	AT5G28520	10492977	10495011	2034
10027	AT5G28530	10524411	10527566	3155
10028	AT5G28550	10557722	10559779	2057
10029	AT5G28560	10566846	10567130	284
10030	AT5G28590	10579446	10581559	2113
10031	AT5G28610	10610772	10611572	800
10032	AT5G28615	10611971	10612501	530
10033	AT5G28620	10612529	10613004	475
10034	AT5G28630	10636612	10637384	772
10035	AT5G28690	10722695	10725008	2313
10036	AT5G28720	10776131	10776952	821
10037	AT5G28730	10779003	10780218	1215
10038	AT5G28740	10780503	10783996	3493
10039	AT5G28780	10812907	10814173	1266
10040	AT5G28810	10823356	10826646	3290
10041	AT5G28820	10831799	10832532	733
10042	AT5G28823	10837849	10839826	1977
10043	AT5G28830	10856661	10858687	2026
10044	AT5G28850	10876788	10881485	4697
10045	AT5G28885	10896741	10898180	1439
10046	AT5G28900	10925635	10930462	4827
10047	AT5G28910	10930539	10933188	2649
10048	AT5G28919	10940033	10941771	1738
10049	AT5G28920	10940035	10943378	3343
10050	AT5G28950	10992505	10993435	930
10051	AT5G28960	10996524	10998901	2377
10052	AT5G29050	11111692	11112283	591
10053	AT5G29054	11116913	11117014	101
10054	AT5G29210	11153466	11153945	479
10055	AT5G29560	11190414	11191967	1553
10056	AT5G29613	11280577	11281110	533
10057	AT5G30490	11611787	11614536	2749
10058	AT5G30520	11636192	11636638	446
10059	AT5G31412	11541463	11543768	2305
10060	AT5G32450	12079528	12081647	2119
10061	AT5G32460	12081803	12084161	2358
10062	AT5G32470	12084897	12088706	3809
10063	AT5G32590	12221589	12224322	2733
10064	AT5G32613	12263255	12265041	1786
10065	AT5G32619	12277542	12278091	549
10066	AT5G33280	12549143	12552561	3418
10067	AT5G33300	12562426	12565780	3354
10068	AT5G33330	12591683	12592904	1221
10069	AT5G33355	12599250	12599944	694
10070	AT5G33370	12602468	12604832	2364
10071	AT5G33390	12661708	12663496	1788
10072	AT5G33393	12656430	12658588	2158
10073	AT5G33406	12676055	12678403	2348
10074	AT5G33806	12784839	12787298	2459
10075	AT5G33898	12787599	12788778	1179
10076	AT5G34581	12920366	12921018	652
10077	AT5G34780	12961682	12963892	2210
10078	AT5G34828	13094069	13094344	275
10079	AT5G34829	12982671	12982889	218
10080	AT5G34869	13061035	13062230	1195
10081	AT5G34870	13185521	13187946	2425
10082	AT5G34881	13197604	13198096	492
10083	AT5G34882	13195705	13196052	347
10084	AT5G34883	13199562	13199945	383
10085	AT5G34885	13201475	13202185	710
10086	AT5G34930	13233357	13235763	2406
10087	AT5G35050	13311036	13311854	818
10088	AT5G35067	13335217	13335682	465
10089	AT5G35069	13336475	13336657	182
10090	AT5G35080	13354156	13356884	2728
10091	AT5G35090	13358370	13359336	966
10092	AT5G35100	13359502	13361905	2403
10093	AT5G35110	13363527	13364411	884
10094	AT5G35120	13386852	13387175	323
10095	AT5G35160	13414629	13417445	2816
10096	AT5G35170	13419080	13423882	4802
10097	AT5G35180	13424316	13433067	8751
10098	AT5G35195	13449573	13449749	176
10099	AT5G35200	13462155	13466150	3995
10100	AT5G35230	13489978	13491673	1695
10101	AT5G35300	13518317	13518949	632
10102	AT5G35370	13588433	13591271	2838
10103	AT5G35375	13592197	13593149	952
10104	AT5G35380	13593322	13596293	2971
10105	AT5G35400	13599220	13602355	3135
10106	AT5G35405	13604162	13604744	582
10107	AT5G35430	13661923	13666070	4147
10108	AT5G35450	13666524	13671200	4676
10109	AT5G35460	13672463	13675503	3040
10110	AT5G35475	13686252	13687326	1074
10111	AT5G35480	13687847	13689596	1749
10112	AT5G35510	13698496	13700144	1648
10113	AT5G35530	13710026	13712288	2262
10114	AT5G35560	13742072	13748318	6246
10115	AT5G35570	13749500	13753567	4067
10116	AT5G35580	13761823	13764106	2283
10117	AT5G35590	13765076	13767888	2812
10118	AT5G35603	13785168	13786329	1161
10119	AT5G35640	13834633	13835641	1008
10120	AT5G35660	13852387	13853742	1355
10121	AT5G35680	13857921	13859085	1164
10122	AT5G35688	13864215	13864712	497
10123	AT5G35690	13864646	13868362	3716
10124	AT5G35695	13869120	13869941	821
10125	AT5G35698	13871715	13871948	233
10126	AT5G35730	13893602	13896976	3374
10127	AT5G35732	13897778	13899087	1309
10128	AT5G35735	13900695	13903218	2523
10129	AT5G35737	13907164	13907535	371
10130	AT5G35753	13922418	13925454	3036
10131	AT5G35760	13934108	13935088	980
10132	AT5G35810	13993428	13994549	1121
10133	AT5G35830	14000313	14001416	1103
10134	AT5G35910	14029574	14035493	5919
10135	AT5G35913	14039346	14039631	285
10136	AT5G35926	14062676	14066323	3647
10137	AT5G35927	14065688	14066173	485
10138	AT5G35930	14066567	14075018	8451
10139	AT5G35940	14090574	14093007	2433
10140	AT5G35945	14093675	14094286	611
10141	AT5G35950	14104943	14106764	1821
10142	AT5G35960	14108214	14110618	2404
10143	AT5G35970	14118755	14123362	4607
10144	AT5G35995	14136394	14138647	2253
10145	AT5G36000	14139940	14141892	1952
10146	AT5G36001	14141641	14143436	1795
10147	AT5G36080	14184423	14185277	854
10148	AT5G36100	14191526	14194176	2650
10149	AT5G36130	14209088	14209922	834
10150	AT5G36160	14232885	14235226	2341
10151	AT5G36170	14235835	14238072	2237
10152	AT5G36190	14243109	14243546	437
10153	AT5G36200	14244106	14246296	2190
10154	AT5G36210	14247479	14253434	5955
10155	AT5G36225	14263970	14264735	765
10156	AT5G36228	14271349	14273258	1909
10157	AT5G36230	14273345	14277057	3712
10158	AT5G36240	14277972	14278924	952
10159	AT5G36260	14284832	14288409	3577
10160	AT5G36280	14299235	14299543	308
10161	AT5G36290	14302662	14305182	2520
10162	AT5G36300	14320578	14322426	1848
10163	AT5G36310	14324711	14325058	347
10164	AT5G36320	14326901	14327257	356
10165	AT5G36330	14329098	14330209	1111
10166	AT5G36340	14331286	14331633	347
10167	AT5G36410	14346647	14347003	356
10168	AT5G36420	14348842	14349198	356
10169	AT5G36430	14351037	14351393	356
10170	AT5G36440	14353233	14353589	356
10171	AT5G36460	14357626	14357982	356
10172	AT5G36520	14370814	14371170	356
10173	AT5G36540	14375201	14375557	356
10174	AT5G36550	14377394	14377750	356
10175	AT5G36657	14383877	14384176	299
10176	AT5G36670	14401030	14406730	5700
10177	AT5G36680	14406802	14409137	2335
10178	AT5G36690	14415185	14417288	2103
10179	AT5G36710	14424735	14426217	1482
10180	AT5G36720	14429661	14429924	263
10181	AT5G36722	14431599	14432216	617
10182	AT5G36730	14436317	14437549	1232
10183	AT5G36770	14466102	14468486	2384
10184	AT5G36780	14474485	14476588	2103
10185	AT5G36790	14480482	14483927	3445
10186	AT5G36800	14484534	14485544	1010
10187	AT5G36805	14488961	14489224	263
10188	AT5G36810	14490770	14491516	746
10189	AT5G36900	14546924	14548203	1279
10190	AT5G36907	14550119	14550859	740
10191	AT5G36920	14564089	14565010	921
10192	AT5G36930	14567444	14573206	5762
10193	AT5G36960	14598607	14599988	1381
10194	AT5G37010	14620732	14623093	2361
10195	AT5G37060	14642622	14645612	2990
10196	AT5G37030	14634614	14636939	2325
10197	AT5G37040	14639135	14639934	799
10198	AT5G37050	14640259	14641421	1162
10199	AT5G37130	14681348	14686754	5406
10200	AT5G37140	14690436	14692851	2415
10201	AT5G37150	14701330	14704562	3232
10202	AT5G37160	14705426	14706981	1555
10203	AT5G37165	14707022	14708376	1354
10204	AT5G37200	14727832	14728485	653
10205	AT5G37210	14729225	14731673	2448
10206	AT5G37220	14733877	14734521	644
10207	AT5G37230	14735116	14735921	805
10208	AT5G37240	14736779	14739490	2711
10209	AT5G37270	14757933	14758559	626
10210	AT5G37290	14762341	14764410	2069
10211	AT5G37310	14772456	14776257	3801
10212	AT5G37320	14777931	14779717	1786
10213	AT5G37340	14787247	14792818	5571
10214	AT5G37350	14792819	14796045	3226
10215	AT5G37360	14805213	14808275	3062
10216	AT5G37380	14816734	14819346	2612
10217	AT5G37400	14834208	14836408	2200
10218	AT5G37410	14836575	14838687	2112
10219	AT5G37420	14840143	14842070	1927
10220	AT5G37440	14844334	14845685	1351
10221	AT5G37450	14852606	14857166	4560
10222	AT5G37460	14858473	14860362	1889
10223	AT5G37470	14861453	14863423	1970
10224	AT5G37473	14870836	14871153	317
10225	AT5G37474	14875130	14875573	443
10226	AT5G37475	14866057	14868775	2718
10227	AT5G37478	14881416	14883994	2578
10228	AT5G37480	14884191	14885969	1778
10229	AT5G37490	14887429	14889151	1722
10230	AT5G37520	14902670	14904211	1541
10231	AT5G37530	14906442	14909266	2824
10232	AT5G37540	14912659	14914449	1790
10233	AT5G37550	14918901	14920025	1124
10234	AT5G37570	14923911	14926333	2422
10235	AT5G37590	14927185	14932787	5602
10236	AT5G37600	14933286	14935885	2599
10237	AT5G37610	14938032	14938612	580
10238	AT5G37620	14942396	14944354	1958
10239	AT5G37670	14968758	14969591	833
10240	AT5G37715	14979023	14979445	422
10241	AT5G37690	14973353	14976229	2876
10242	AT5G37710	14978566	14981620	3054
10243	AT5G37730	14986000	14987014	1014
10244	AT5G37760	14997168	14998236	1068
10245	AT5G37790	15008139	15011257	3118
10246	AT5G37793	15022612	15025656	3044
10247	AT5G37850	15065300	15069094	3794
10248	AT5G37860	15069578	15070555	977
10249	AT5G37870	15073764	15074851	1087
10250	AT5G37890	15089678	15091955	2277
10251	AT5G37900	15093903	15094802	899
10252	AT5G37910	15096210	15097318	1108
10253	AT5G37950	15115883	15118085	2202
10254	AT5G37960	15121438	15121836	398
10255	AT5G37970	15123089	15124435	1346
10256	AT5G38010	15158197	15160314	2117
10257	AT5G38020	15165642	15167864	2222
10258	AT5G38030	15171143	15175566	4423
10259	AT5G38040	15184947	15186854	1907
10260	AT5G38050	15187487	15189290	1803
10261	AT5G38060	15189369	15190132	763
10262	AT5G38100	15199489	15201197	1708
10263	AT5G38140	15220208	15222524	2316
10264	AT5G38160	15225767	15226208	441
10265	AT5G38197	15250974	15251320	346
10266	AT5G38200	15256243	15258814	2571
10267	AT5G38210	15260750	15265630	4880
10268	AT5G38220	15268674	15271456	2782
10269	AT5G38240	15276929	15279384	2455
10270	AT5G38250	15280467	15282769	2302
10271	AT5G38260	15283692	15285837	2145
10272	AT5G38270	15289032	15290252	1220
10273	AT5G38290	15303320	15305597	2277
10274	AT5G38340	15320375	15324832	4457
10275	AT5G38344	15325785	15327160	1375
10276	AT5G38350	15328569	15331528	2959
10277	AT5G38360	15331711	15333641	1930
10278	AT5G38378	15344448	15344711	263
10279	AT5G38380	15345389	15348463	3074
10280	AT5G38386	15362774	15364815	2041
10281	AT5G38390	15366011	15368053	2042
10282	AT5G38391	15368254	15368851	597
10283	AT5G38392	15369685	15370338	653
10284	AT5G38397	15373627	15373990	363
10285	AT5G38400	15375846	15376434	588
10286	AT5G38440	15390223	15390624	401
10287	AT5G38460	15397740	15401095	3355
10288	AT5G38490	15411672	15413132	1460
10289	AT5G38500	15416018	15417253	1235
10290	AT5G38510	15417636	15420638	3002
10291	AT5G38520	15421289	15423431	2142
10292	AT5G38540	15426556	15430794	4238
10293	AT5G38550	15432781	15435851	3070
10294	AT5G38565	15444310	15446297	1987
10295	AT5G38570	15449279	15450601	1322
10296	AT5G38580	15451164	15451842	678
10297	AT5G38590	15451910	15453928	2018
10298	AT5G38600	15456520	15460767	4247
10299	AT5G38610	15460691	15461459	768
10300	AT5G38620	15463858	15464907	1049
10301	AT5G38640	15467679	15470724	3045
10302	AT5G38650	15470961	15472815	1854
10303	AT5G38660	15470900	15476553	5653
10304	AT5G38670	15475786	15476871	1085
10305	AT5G38680	15477324	15479040	1716
10306	AT5G38690	15478701	15483250	4549
10307	AT5G38700	15489593	15490745	1152
10308	AT5G38710	15501126	15504269	3143
10309	AT5G38720	15508196	15510713	2517
10310	AT5G38730	15510842	15512934	2092
10311	AT5G38743	15517299	15517796	497
10312	AT5G38747	15518329	15521281	2952
10313	AT5G38750	15522650	15523180	530
10314	AT5G38760	15524173	15525045	872
10315	AT5G38790	15533713	15534371	658
10316	AT5G38820	15543115	15545448	2333
10317	AT5G38830	15545519	15548293	2774
10318	AT5G38840	15551243	15555077	3834
10319	AT5G38850	15555156	15558882	3726
10320	AT5G38865	15561891	15562982	1091
10321	AT5G38890	15569418	15571169	1751
10322	AT5G38895	15571254	15573526	2272
10323	AT5G38900	15573505	15575712	2207
10324	AT5G38910	15578749	15579733	984
10325	AT5G38920	15581719	15582439	720
10326	AT5G38930	15585028	15586029	1001
10327	AT5G38950	15590693	15591050	357
10328	AT5G38960	15592922	15593963	1041
10329	AT5G38980	15606683	15607409	726
10330	AT5G38990	15608685	15611664	2979
10331	AT5G39000	15611812	15614664	2852
10332	AT5G39010	15615916	15616457	541
10333	AT5G39020	15616770	15619446	2676
10334	AT5G39024	15619691	15619786	95
10335	AT5G39030	15619811	15622620	2809
10336	AT5G39080	15641442	15643216	1774
10337	AT5G39110	15657697	15658632	935
10338	AT5G39170	15680731	15681325	594
10339	AT5G39180	15683464	15684471	1007
10340	AT5G39220	15705706	15708274	2568
10341	AT5G39230	15709474	15709925	451
10342	AT5G39240	15712549	15713158	609
10343	AT5G39250	15724477	15727206	2729
10344	AT5G39330	15746209	15748355	2146
10345	AT5G39350	15750875	15752962	2087
10346	AT5G39365	15756106	15756911	805
10347	AT5G39380	15758717	15761747	3030
10348	AT5G39390	15763715	15765469	1754
10349	AT5G39410	15767898	15770456	2558
10350	AT5G39430	15775302	15777599	2297
10351	AT5G39450	15785717	15788150	2433
10352	AT5G39460	15788289	15790004	1715
10353	AT5G39471	15793789	15795743	1954
10354	AT5G39493	15809955	15810693	738
10355	AT5G39530	15826017	15828035	2018
10356	AT5G39540	15833743	15834420	677
10357	AT5G39560	15841692	15843169	1477
10358	AT5G39570	15843881	15846467	2586
10359	AT5G39580	15847065	15849141	2076
10360	AT5G39590	15851389	15853990	2601
10361	AT5G39600	15853929	15855192	1263
10362	AT5G39640	15873039	15873269	230
10363	AT5G39645	15873392	15873680	288
10364	AT5G39670	15883179	15884067	888
10365	AT5G39715	15898233	15899136	903
10366	AT5G39770	15919241	15927549	8308
10367	AT5G39775	15923803	15924404	601
10368	AT5G39785	15928765	15932347	3582
10369	AT5G39790	15932505	15935270	2765
10370	AT5G39800	15935453	15937201	1748
10371	AT5G39840	15946566	15949422	2856
10372	AT5G39850	15949910	15951475	1565
10373	AT5G39865	15965301	15967186	1885
10374	AT5G39890	15974270	15976270	2000
10375	AT5G39900	15976507	15979001	2494
10376	AT5G39910	15979412	15981671	2259
10377	AT5G39920	15982173	15983136	963
10378	AT5G39940	15987461	15990701	3240
10379	AT5G39960	15993953	15997058	3105
10380	AT5G39970	15997970	16000813	2843
10381	AT5G39980	16000712	16003072	2360
10382	AT5G39990	16004253	16006823	2570
10383	AT5G40000	16010869	16012559	1690
10384	AT5G40030	16026047	16028483	2436
10385	AT5G40040	16029703	16030335	632
10386	AT5G40050	16032083	16033551	1468
10387	AT5G40060	16034441	16039096	4655
10388	AT5G40070	16039179	16039747	568
10389	AT5G40080	16039927	16041714	1787
10390	AT5G40100	16043727	16047572	3845
10391	AT5G40140	16057079	16059303	2224
10392	AT5G40180	16067868	16068751	883
10393	AT5G40150	16059504	16061043	1539
10394	AT5G40153	16060342	16060629	287
10395	AT5G40155	16061891	16062548	657
10396	AT5G40190	16069043	16070044	1001
10397	AT5G40250	16085635	16087543	1908
10398	AT5G40270	16093035	16097245	4210
10399	AT5G40290	16105259	16108501	3242
10400	AT5G40300	16110634	16113059	2425
10401	AT5G40310	16113079	16116171	3092
10402	AT5G40315	16119247	16119258	11
10403	AT5G40320	16121708	16123556	1848
10404	AT5G40340	16130881	16135393	4512
10405	AT5G40382	16155086	16156221	1135
10406	AT5G40390	16161449	16165453	4004
10407	AT5G40400	16166231	16168870	2639
10408	AT5G40405	16168949	16171317	2368
10409	AT5G40410	16171374	16173354	1980
10410	AT5G40450	16184650	16195888	11238
10411	AT5G40470	16208009	16209927	1918
10412	AT5G40490	16225326	16227757	2431
10413	AT5G40500	16227771	16228693	922
10414	AT5G40510	16228960	16231142	2182
10415	AT5G40520	16231143	16234348	3205
10416	AT5G40530	16234461	16236311	1850
10417	AT5G40540	16236956	16239601	2645
10418	AT5G40560	16243537	16246519	2982
10419	AT5G40590	16251318	16252434	1116
10420	AT5G40595	16253510	16254079	569
10421	AT5G40600	16253469	16256829	3360
10422	AT5G40620	16269157	16269833	676
10423	AT5G40640	16277042	16280424	3382
10424	AT5G40645	16280283	16280993	710
10425	AT5G40660	16283146	16285344	2198
10426	AT5G40670	16285711	16287947	2236
10427	AT5G40710	16294967	16297058	2091
10428	AT5G40720	16297300	16300037	2737
10429	AT5G40750	16308356	16309819	1463
10430	AT5G40790	16330041	16331276	1235
10431	AT5G40800	16334581	16336017	1436
10432	AT5G40810	16339863	16342927	3064
10433	AT5G40830	16354362	16356341	1979
10434	AT5G40855	16369114	16369350	236
10435	AT5G40860	16370368	16372294	1926
10436	AT5G40880	16378893	16381352	2459
10437	AT5G63910	25571779	25574178	2399
10438	AT5G40900	16391836	16393427	1591
10439	AT5G40910	16394462	16400489	6027
10440	AT5G40960	16412404	16413202	798
10441	AT5G40970	16413671	16415897	2226
10442	AT5G41020	16425883	16427797	1914
10443	AT5G41025	16426679	16427510	831
10444	AT5G41030	16428706	16429679	973
10445	AT5G41060	16435153	16437805	2652
10446	AT5G41071	16440069	16440251	182
10447	AT5G41100	16447185	16450909	3724
10448	AT5G41109	16452453	16452593	140
10449	AT5G41110	16451470	16455364	3894
10450	AT5G41120	16455094	16459253	4159
10451	AT5G41130	16459474	16463432	3958
10452	AT5G41140	16468327	16472810	4483
10453	AT5G41170	16478486	16480584	2098
10454	AT5G41180	16483760	16487427	3667
10455	AT5G41190	16487466	16490101	2635
10456	AT5G41250	16501217	16502902	1685
10457	AT5G41240	16497959	16500865	2906
10458	AT5G41270	16507662	16509034	1372
10459	AT5G41280	16509507	16511078	1571
10460	AT5G41310	16516470	16522392	5922
10461	AT5G41320	16533931	16535989	2058
10462	AT5G41330	16535339	16538016	2677
10463	AT5G41350	16541462	16543985	2523
10464	AT5G41380	16561278	16563732	2454
10465	AT5G41390	16565303	16567483	2180
10466	AT5G41400	16569375	16570275	900
10467	AT5G41401	16572025	16572189	164
10468	AT5G41420	16585119	16585363	244
10469	AT5G41430	16586119	16586604	485
10470	AT5G41440	16587235	16587609	374
10471	AT5G41450	16588600	16589094	494
10472	AT5G41470	16593841	16595568	1727
10473	AT5G41490	16600445	16601608	1163
10474	AT5G41530	16611660	16612088	428
10475	AT5G41540	16612659	16616063	3404
10476	AT5G41550	16617232	16620824	3592
10477	AT5G41560	16621197	16622757	1560
10478	AT5G41610	16638302	16641933	3631
10479	AT5G41580	16626185	16630820	4635
10480	AT5G41590	16632086	16634012	1926
10481	AT5G41620	16646157	16649026	2869
10482	AT5G41630	16650282	16651835	1553
10483	AT5G41640	16653337	16654635	1298
10484	AT5G41670	16664674	16667390	2716
10485	AT5G41680	16667769	16669489	1720
10486	AT5G41685	16669149	16669723	574
10487	AT5G41690	16669981	16675166	5185
10488	AT5G41720	16683165	16683942	777
10489	AT5G41730	16684606	16687706	3100
10490	AT5G41740	16688626	16693119	4493
10491	AT5G41750	16693832	16699028	5196
10492	AT5G41760	16706850	16709909	3059
10493	AT5G41761	16711042	16712069	1027
10494	AT5G41763	16714509	16715882	1373
10495	AT5G41765	16716552	16717558	1006
10496	AT5G41770	16717946	16721222	3276
10497	AT5G41780	16722239	16725040	2801
10498	AT5G41800	16733663	16736093	2430
10499	AT5G41810	16738062	16739790	1728
10500	AT5G41820	16740593	16743527	2934
10501	AT5G41830	16743636	16745519	1883
10502	AT5G41880	16760846	16764276	3430
10503	AT5G41840	16754436	16756263	1827
10504	AT5G41860	16757951	16758718	767
10505	AT5G41890	16764211	16766702	2491
10506	AT5G41900	16768935	16771899	2964
10507	AT5G41908	16777055	16777525	470
10508	AT5G41920	16779643	16781424	1781
10509	AT5G41940	16781858	16785609	3751
10510	AT5G41950	16785680	16789676	3996
10511	AT5G41960	16789624	16791042	1418
10512	AT5G41970	16791151	16793261	2110
10513	AT5G41980	16793614	16795006	1392
10514	AT5G42010	16801707	16805242	3535
10515	AT5G42000	16799218	16801102	1884
10516	AT5G42050	16815310	16817346	2036
10517	AT5G42053	16817678	16817984	306
10518	AT5G42060	16818388	16818955	567
10519	AT5G42070	16818984	16820195	1211
10520	AT5G42090	16826542	16829101	2559
10521	AT5G42110	16831696	16832357	661
10522	AT5G42120	16833052	16835169	2117
10523	AT5G42140	16837332	16842493	5161
10524	AT5G42146	16844336	16845015	679
10525	AT5G42150	16846150	16848568	2418
10526	AT5G42170	16848624	16852221	3597
10527	AT5G42200	16860286	16861290	1004
10528	AT5G42210	16865770	16870887	5117
10529	AT5G42220	16872044	16878383	6339
10530	AT5G42223	16878562	16878956	394
10531	AT5G42280	16905202	16908059	2857
10532	AT5G42232	16884940	16885439	499
10533	AT5G42235	16886903	16887570	667
10534	AT5G42250	16893849	16897690	3841
10535	AT5G42310	16915728	16918569	2841
10536	AT5G42320	16918489	16921596	3107
10537	AT5G42325	16924102	16924851	749
10538	AT5G42330	16926608	16927580	972
10539	AT5G42350	16931531	16934031	2500
10540	AT5G42360	16936000	16938525	2525
10541	AT5G42370	16938981	16941754	2773
10542	AT5G42400	16953515	16961245	7730
10543	AT5G42410	16964650	16965261	611
10544	AT5G42420	16968655	16970527	1872
10545	AT5G42430	16971312	16972499	1187
10546	AT5G42440	16973202	16974877	1675
10547	AT5G42470	16982149	16984933	2784
10548	AT5G42490	16988280	16992754	4474
10549	AT5G63930	25581696	25586630	4934
10550	AT5G42500	16994106	16995062	956
10551	AT5G42504	16996900	16997127	227
10552	AT5G42530	17004738	17005510	772
10553	AT5G42560	17014847	17017252	2405
10554	AT5G42567	17018034	17018466	432
10555	AT5G42570	17021218	17022723	1505
10556	AT5G42610	17062455	17064047	1592
10557	AT5G42620	17066197	17071963	5766
10558	AT5G42630	17073673	17075904	2231
10559	AT5G42635	17076227	17076725	498
10560	AT5G42640	17088695	17089597	902
10561	AT5G42655	17102027	17102896	869
10562	AT5G42660	17102924	17106103	3179
10563	AT5G42670	17107855	17110761	2906
10564	AT5G42690	17116376	17119892	3516
10565	AT5G42700	17122102	17124441	2339
10566	AT5G42720	17130186	17132909	2723
10567	AT5G42740	17135661	17141173	5512
10568	AT5G42760	17148808	17150451	1643
10569	AT5G42770	17151988	17154618	2630
10570	AT5G42785	17156853	17157857	1004
10571	AT5G42825	17171807	17172800	993
10572	AT5G42840	17179073	17181365	2292
10573	AT5G42860	17183061	17185032	1971
10574	AT5G42880	17191499	17194131	2632
10575	AT5G42895	17196762	17197163	401
10576	AT5G42905	17201414	17202323	909
10577	AT5G42910	17203742	17205380	1638
10578	AT5G42930	17210533	17214220	3687
10579	AT5G42940	17216329	17220672	4343
10580	AT5G42950	17224270	17231384	7114
10581	AT5G42955	17231842	17232324	482
10582	AT5G42957	17233599	17234132	533
10583	AT5G42960	17235092	17236679	1587
10584	AT5G42965	17236736	17237139	403
10585	AT5G43000	17246354	17247202	848
10586	AT5G43020	17255205	17258077	2872
10587	AT5G43030	17258927	17260784	1857
10588	AT5G43040	17263685	17265777	2092
10589	AT5G43064	17282272	17282490	218
10590	AT5G43066	17284583	17284807	224
10591	AT5G43060	17269310	17272298	2988
10592	AT5G43080	17292952	17295024	2072
10593	AT5G43100	17298814	17303058	4244
10594	AT5G43120	17312543	17314579	2036
10595	AT5G43130	17315326	17321231	5905
10596	AT5G43140	17321395	17323484	2089
10597	AT5G43150	17324909	17325987	1078
10598	AT5G43155	17328460	17329240	780
10599	AT5G43175	17334121	17335234	1113
10600	AT5G43185	17338299	17338895	596
10601	AT5G43200	17346141	17346829	688
10602	AT5G43210	17347565	17348746	1181
10603	AT5G43211	17348722	17348886	164
10604	AT5G43230	17348876	17352933	4057
10605	AT5G43240	17352976	17355138	2162
10606	AT5G43260	17357377	17358340	963
10607	AT5G43310	17379486	17385596	6110
10608	AT5G43380	17419790	17421982	2192
10609	AT5G43370	17415698	17417972	2274
10610	AT5G43390	17422799	17424964	2165
10611	AT5G43400	17425840	17428237	2397
10612	AT5G43401	17428582	17429097	515
10613	AT5G43410	17435010	17435405	395
10614	AT5G43440	17455233	17456695	1462
10615	AT5G43450	17457124	17458980	1856
10616	AT5G43460	17459873	17462516	2643
10617	AT5G43480	17467398	17467643	245
10618	AT5G43490	17468094	17469312	1218
10619	AT5G43520	17485231	17486309	1078
10620	AT5G43530	17489271	17495024	5753
10621	AT5G43540	17496855	17497694	839
10622	AT5G43550	17497892	17498263	371
10623	AT5G43560	17500376	17505713	5337
10624	AT5G43570	17506400	17507641	1241
10625	AT5G43590	17509118	17511745	2627
10626	AT5G43620	17522486	17524003	1517
10627	AT5G43640	17531302	17532499	1197
10628	AT5G43660	17535970	17538595	2625
10629	AT5G43670	17538723	17541990	3267
10630	AT5G43680	17543991	17545847	1856
10631	AT5G43690	17546112	17547485	1373
10632	AT5G43695	17548180	17548612	432
10633	AT5G43710	17552103	17556730	4627
10634	AT5G43720	17557088	17559412	2324
10635	AT5G43730	17560179	17564434	4255
10636	AT5G43740	17564697	17569148	4451
10637	AT5G43745	17569147	17575051	5904
10638	AT5G43755	17582977	17583772	795
10639	AT5G43770	17588790	17589467	677
10640	AT5G43760	17585523	17588733	3210
10641	AT5G43820	17618948	17620710	1762
10642	AT5G43822	17618740	17621979	3239
10643	AT5G43830	17622256	17624359	2103
10644	AT5G43870	17631426	17635945	4519
10645	AT5G43910	17667310	17670292	2982
10646	AT5G43920	17672628	17676023	3395
10647	AT5G43930	17676795	17681100	4305
10648	AT5G43950	17686500	17688668	2168
10649	AT5G43960	17688788	17692014	3226
10650	AT5G44000	17702010	17704005	1995
10651	AT5G44005	17704843	17705793	950
10652	AT5G44010	17706396	17709326	2930
10653	AT5G44020	17712203	17714406	2203
10654	AT5G44040	17719659	17721606	1947
10655	AT5G44050	17722402	17726543	4141
10656	AT5G44060	17731005	17732298	1293
10657	AT5G44063	17732319	17733425	1106
10658	AT5G44065	17733485	17733774	289
10659	AT5G44080	17737874	17739949	2075
10660	AT5G44090	17742765	17748526	5761
10661	AT5G44170	17780206	17781364	1158
10662	AT5G44180	17782428	17790234	7806
10663	AT5G44190	17798262	17800926	2664
10664	AT5G44200	17801737	17804203	2466
10665	AT5G44230	17814244	17816789	2545
10666	AT5G44240	17816904	17823708	6804
10667	AT5G44250	17823714	17825762	2048
10668	AT5G44270	17833636	17835817	2181
10669	AT5G44290	17840424	17843806	3382
10670	AT5G44300	17845127	17846197	1070
10671	AT5G44306	17847199	17847549	350
10672	AT5G44320	17854547	17856740	2193
10673	AT5G44330	17857325	17859056	1731
10674	AT5G44360	17871924	17873829	1905
10675	AT5G44380	17878672	17881495	2823
10676	AT5G44390	17882079	17885012	2933
10677	AT5G44400	17886160	17888530	2370
10678	AT5G44410	17891132	17893067	1935
10679	AT5G44440	17910480	17912643	2163
10680	AT5G44450	17913997	17916019	2022
10681	AT5G44470	17918739	17919164	425
10682	AT5G44490	17923852	17925843	1991
10683	AT5G44500	17927443	17929835	2392
10684	AT5G44520	17934287	17936554	2267
10685	AT5G44530	17937622	17941292	3670
10686	AT5G44540	17941287	17941646	359
10687	AT5G44563	17949328	17950254	926
10688	AT5G44565	17951442	17953180	1738
10689	AT5G44566	17963604	17963783	179
10690	AT5G44567	17953282	17954554	1272
10691	AT5G44568	17961019	17962276	1257
10692	AT5G44570	17964416	17966496	2080
10693	AT5G44572	17968092	17970342	2250
10694	AT5G44580	17979149	17980550	1401
10695	AT5G44582	17980850	17981958	1108
10696	AT5G44585	17984527	17986431	1904
10697	AT5G44600	17989793	17991717	1924
10698	AT5G44630	18002996	18005849	2853
10699	AT5G44660	18015522	18017307	1785
10700	AT5G44680	18023985	18026077	2092
10701	AT5G44690	18029338	18032293	2955
10702	AT5G44710	18040910	18042681	1771
10703	AT5G44720	18042935	18045514	2579
10704	AT5G44760	18060586	18062764	2178
10705	AT5G44770	18065012	18066696	1684
10706	AT5G44820	18095614	18097611	1997
10707	AT5G44840	18104769	18107140	2371
10708	AT5G44850	18108304	18109593	1289
10709	AT5G44860	18110018	18111813	1795
10710	AT5G44910	18137349	18138757	1408
10711	AT5G44930	18138775	18142159	3384
10712	AT5G44940	18149369	18150892	1523
10713	AT5G44973	18157610	18158264	654
10714	AT5G44980	18160204	18162264	2060
10715	AT5G44990	18163128	18164813	1685
10716	AT5G45000	18165336	18167533	2197
10717	AT5G45020	18168147	18170775	2628
10718	AT5G45030	18172410	18176207	3797
10719	AT5G45050	18176894	18181973	5079
10720	AT5G45060	18182038	18187081	5043
10721	AT5G45113	18231908	18233521	1613
10722	AT5G45140	18247149	18258197	11048
10723	AT5G45130	18244171	18246450	2279
10724	AT5G45160	18264616	18270296	5680
10725	AT5G45170	18270286	18273263	2977
10726	AT5G45180	18274179	18276586	2407
10727	AT5G45190	18277080	18281909	4829
10728	AT5G45200	18283663	18290478	6815
10729	AT5G45210	18295437	18298642	3205
10730	AT5G45220	18298774	18301166	2392
10731	AT5G45230	18302147	18308303	6156
10732	AT5G45240	18313706	18319432	5726
10733	AT5G45275	18334205	18337396	3191
10734	AT5G45277	18341634	18341840	206
10735	AT5G45280	18345534	18349695	4161
10736	AT5G45290	18349697	18352637	2940
10737	AT5G45310	18359275	18361213	1938
10738	AT5G45320	18362111	18363181	1070
10739	AT5G45350	18381799	18384069	2270
10740	AT5G45360	18384489	18386871	2382
10741	AT5G45410	18401908	18403947	2039
10742	AT5G45400	18398832	18402284	3452
10743	AT5G45430	18407150	18411977	4827
10744	AT5G45440	18412059	18413617	1558
10745	AT5G45450	18414991	18415811	820
10746	AT5G45455	18416159	18416714	555
10747	AT5G45460	18416614	18419532	2918
10748	AT5G45470	18421985	18425042	3057
10749	AT5G45480	18426104	18429090	2986
10750	AT5G45490	18429047	18432430	3383
10751	AT5G45500	18432446	18435524	3078
10752	AT5G45510	18444607	18449446	4839
10753	AT5G45520	18449476	18453683	4207
10754	AT5G45530	18454188	18457303	3115
10755	AT5G45540	18457870	18460914	3044
10756	AT5G45560	18465283	18470944	5661
10757	AT5G45570	18471498	18475574	4076
10758	AT5G45573	18475758	18476576	818
10759	AT5G45580	18480809	18483044	2235
10760	AT5G45590	18484179	18486340	2161
10761	AT5G45620	18501486	18504144	2658
10762	AT5G45640	18507489	18511616	4127
10763	AT5G45650	18513127	18518972	5845
10764	AT5G45660	18524889	18527040	2151
10765	AT5G45670	18528267	18530501	2234
10766	AT5G45690	18534999	18536316	1317
10767	AT5G45700	18537239	18538418	1179
10768	AT5G45720	18542973	18547341	4368
10769	AT5G45710	18540665	18542864	2199
10770	AT5G45730	18551809	18553907	2098
10771	AT5G45740	18556539	18558406	1867
10772	AT5G45760	18561033	18563202	2169
10773	AT5G45780	18566798	18569906	3108
10774	AT5G45790	18572301	18574011	1710
10775	AT5G45840	18593917	18597907	3990
10776	AT5G45830	18589418	18591506	2088
10777	AT5G45820	18586870	18588792	1922
10778	AT5G45850	18599746	18601661	1915
10779	AT5G45910	18620299	18622301	2002
10780	AT5G45900	18615175	18618597	3422
10781	AT5G45920	18622647	18625697	3050
10782	AT5G45950	18634041	18636720	2679
10783	AT5G45960	18636928	18640401	3473
10784	AT5G45990	18651265	18654075	2810
10785	AT5G46000	18654196	18656376	2180
10786	AT5G46010	18660539	18661268	729
10787	AT5G46020	18662805	18664908	2103
10788	AT5G46025	18665255	18665596	341
10789	AT5G46030	18670051	18671461	1410
10790	AT5G46040	18671397	18673551	2154
10791	AT5G46060	18681326	18682708	1382
10792	AT5G46070	18683319	18688822	5503
10793	AT5G46080	18689361	18690857	1496
10794	AT5G46090	18693485	18694129	644
10795	AT5G46100	18694316	18695856	1540
10796	AT5G46115	18701246	18701852	606
10797	AT5G46130	18702914	18704484	1570
10798	AT5G46140	18704997	18706708	1711
10799	AT5G46150	18707546	18710722	3176
10800	AT5G46160	18710851	18712559	1708
10801	AT5G46170	18714864	18717031	2167
10802	AT5G46190	18721752	18726249	4497
10803	AT5G46200	18727802	18730331	2529
10804	AT5G46220	18738697	18742126	3429
10805	AT5G46230	18742272	18743077	805
10806	AT5G46260	18758699	18763503	4804
10807	AT5G46270	18763972	18769090	5118
10808	AT5G46295	18779790	18780205	415
10809	AT5G46297	18781172	18781838	666
10810	AT5G46300	18783585	18784786	1201
10811	AT5G46310	18785672	18786956	1284
10812	AT5G46320	18788086	18788910	824
10813	AT5G46380	18813088	18816431	3343
10814	AT5G46390	18816585	18819462	2877
10815	AT5G46395	18819464	18819755	291
10816	AT5G46420	18829436	18833060	3624
10817	AT5G46430	18833240	18834632	1392
10818	AT5G46440	18834643	18835162	519
10819	AT5G46450	18835605	18840058	4453
10820	AT5G46460	18840196	18842479	2283
10821	AT5G46490	18850645	18853896	3251
10822	AT5G46500	18855955	18858552	2597
10823	AT5G46510	18860234	18867015	6781
10824	AT5G46520	18867616	18872494	4878
10825	AT5G46550	18884218	18886960	2742
10826	AT5G46560	18887987	18890517	2530
10827	AT5G46580	18897445	18899646	2201
10828	AT5G46600	18907639	18910838	3199
10829	AT5G46610	18912667	18915779	3112
10830	AT5G46620	18917570	18919442	1872
10831	AT5G46630	18920334	18923551	3217
10832	AT5G46640	18924429	18926984	2555
10833	AT5G46650	18930246	18931312	1066
10834	AT5G46660	18932181	18933391	1210
10835	AT5G46670	18938847	18940166	1319
10836	AT5G46720	18959094	18959852	758
10837	AT5G46730	18963977	18965222	1245
10838	AT5G46750	18969736	18971981	2245
10839	AT5G46770	18977399	18978246	847
10840	AT5G46780	18978953	18980183	1230
10841	AT5G46810	18991164	18993376	2212
10842	AT5G46820	18993633	18996672	3039
10843	AT5G46825	19002045	19002499	454
10844	AT5G46840	19005547	19007770	2223
10845	AT5G46850	19010608	19012038	1430
10846	AT5G46870	19015233	19017247	2014
10847	AT5G46871	19017942	19018710	768
10848	AT5G46873	19021183	19021594	411
10849	AT5G46874	19022383	19022699	316
10850	AT5G46880	19030844	19035959	5115
10851	AT5G46877	19025860	19026294	434
10852	AT5G46890	19036296	19036938	642
10853	AT5G46900	19039701	19040456	755
10854	AT5G46910	19046339	19051379	5040
10855	AT5G46915	19051417	19053200	1783
10856	AT5G46920	19053472	19056073	2601
10857	AT5G46930	19056505	19057243	738
10858	AT5G46950	19059472	19060121	649
10859	AT5G46960	19062146	19062814	668
10860	AT5G47010	19071824	19079453	7629
10861	AT5G47020	19081458	19090104	8646
10862	AT5G47080	19124563	19126694	2131
10863	AT5G47030	19090150	19092416	2266
10864	AT5G47060	19116719	19118744	2025
10865	AT5G47070	19118465	19121103	2638
10866	AT5G47090	19127187	19129605	2418
10867	AT5G47130	19138840	19142284	3444
10868	AT5G47150	19149938	19151913	1975
10869	AT5G47160	19155976	19158249	2273
10870	AT5G47170	19158351	19159091	740
10871	AT5G47180	19161009	19163980	2971
10872	AT5G47190	19164184	19166135	1951
10873	AT5G47210	19168941	19171263	2322
10874	AT5G47300	19198125	19199375	1250
10875	AT5G47229	19179694	19179849	155
10876	AT5G47250	19185698	19188885	3187
10877	AT5G47260	19189411	19192516	3105
10878	AT5G47290	19197040	19197431	391
10879	AT5G47310	19200731	19202972	2241
10880	AT5G47330	19206829	19208998	2169
10881	AT5G47340	19209507	19211134	1627
10882	AT5G47350	19212665	19214453	1788
10883	AT5G47360	19214445	19215878	1433
10884	AT5G47390	19226769	19228895	2126
10885	AT5G47400	19229162	19232743	3581
10886	AT5G47420	19232784	19235066	2282
10887	AT5G47430	19235555	19241263	5708
10888	AT5G47435	19241672	19243988	2316
10889	AT5G47440	19243531	19245648	2117
10890	AT5G47455	19250659	19252491	1832
10891	AT5G47480	19257027	19263425	6398
10892	AT5G47490	19263826	19270899	7073
10893	AT5G47510	19274853	19277383	2530
10894	AT5G47540	19283029	19285758	2729
10895	AT5G47570	19292587	19294800	2213
10896	AT5G47590	19297614	19299174	1560
10897	AT5G47620	19302190	19304950	2760
10898	AT5G47580	19294813	19297424	2611
10899	AT5G47635	19307048	19308009	961
10900	AT5G47660	19312747	19314893	2146
10901	AT5G47690	19317668	19327431	9763
10902	AT5G47700	19327566	19328986	1420
10903	AT5G47710	19329544	19331477	1933
10904	AT5G47730	19334250	19337148	2898
10905	AT5G47740	19338511	19339775	1264
10906	AT5G47790	19351292	19353495	2203
10907	AT5G47800	19353532	19356448	2916
10908	AT5G47820	19366133	19372815	6682
10909	AT5G47830	19372821	19374693	1872
10910	AT5G47860	19381519	19384422	2903
10911	AT5G47890	19388704	19390937	2233
10912	AT5G47900	19392166	19395287	3121
10913	AT5G47910	19397041	19402061	5020
10914	AT5G47920	19403171	19404147	976
10915	AT5G47930	19406080	19407449	1369
10916	AT5G47940	19409242	19412077	2835
10917	AT5G47970	19422203	19425872	3669
10918	AT5G47980	19428888	19430517	1629
10919	AT5G48020	19462516	19464971	2455
10920	AT5G48040	19469992	19472445	2453
10921	AT5G48050	19472446	19473838	1392
10922	AT5G48060	19475296	19479066	3770
10923	AT5G48120	19507397	19514895	7498
10924	AT5G48110	19500988	19504534	3546
10925	AT5G48130	19516102	19518513	2411
10926	AT5G48140	19518666	19520528	1862
10927	AT5G48175	19539145	19540623	1478
10928	AT5G48190	19542778	19544429	1651
10929	AT5G48200	19545255	19547270	2015
10930	AT5G48205	19546007	19547787	1780
10931	AT5G48220	19549676	19552267	2591
10932	AT5G48240	19559201	19561374	2173
10933	AT5G48270	19564422	19565968	1546
10934	AT5G48280	19567064	19567688	624
10935	AT5G48310	19574780	19580469	5689
10936	AT5G48320	19581697	19584772	3075
10937	AT5G48335	19587872	19589606	1734
10938	AT5G48340	19590309	19593075	2766
10939	AT5G48350	19593217	19594441	1224
10940	AT5G48360	19595536	19598492	2956
10941	AT5G48370	19598486	19600708	2222
10942	AT5G48385	19608490	19612007	3517
10943	AT5G48420	19626362	19626790	428
10944	AT5G48430	19627634	19629167	1533
10945	AT5G48440	19629658	19632775	3117
10946	AT5G48460	19636045	19639529	3484
10947	AT5G48470	19641744	19644362	2618
10948	AT5G48480	19644539	19646840	2301
10949	AT5G48490	19647784	19648362	578
10950	AT5G48500	19652980	19654355	1375
10951	AT5G48510	19658080	19658938	858
10952	AT5G48515	19659857	19660201	344
10953	AT5G48530	19666790	19668830	2040
10954	AT5G48540	19668964	19669920	956
10955	AT5G48545	19675452	19678194	2742
10956	AT5G48550	19678825	19680560	1735
10957	AT5G48560	19683809	19687187	3378
10958	AT5G48570	19690461	19693845	3384
10959	AT5G48575	19694150	19695065	915
10960	AT5G48595	19700640	19701022	382
10961	AT5G48605	19710163	19710599	436
10962	AT5G48610	19711541	19716059	4518
10963	AT5G48620	19716104	19721477	5373
10964	AT5G48630	19721465	19723307	1842
10965	AT5G48640	19723388	19725748	2360
10966	AT5G48650	19726672	19729764	3092
10967	AT5G48655	19730380	19733156	2776
10968	AT5G48657	19733882	19735726	1844
10969	AT5G48660	19736540	19738538	1998
10970	AT5G48680	19744404	19746192	1788
10971	AT5G48690	19747026	19749061	2035
10972	AT5G48700	19749494	19750013	519
10973	AT5G48710	19755065	19756051	986
10974	AT5G48720	19758881	19762015	3134
10975	AT5G48730	19763110	19765272	2162
10976	AT5G48740	19765195	19769369	4174
10977	AT5G48750	19770052	19770819	767
10978	AT5G48760	19771099	19772789	1690
10979	AT5G48770	19773117	19777242	4125
10980	AT5G48780	19777453	19779815	2362
10981	AT5G48790	19779860	19782066	2206
10982	AT5G48800	19786465	19789129	2664
10983	AT5G48830	19799953	19803098	3145
10984	AT5G48860	19811651	19812865	1214
10985	AT5G48880	19814395	19817955	3560
10986	AT5G48900	19825078	19829140	4062
10987	AT5G48930	19836299	19838235	1936
10988	AT5G48940	19839663	19843859	4196
10989	AT5G48960	19849437	19853598	4161
10990	AT5G48970	19856830	19859847	3017
10991	AT5G48980	19860708	19862052	1344
10992	AT5G48990	19862235	19863975	1740
10993	AT5G49040	19882676	19883251	575
10994	AT5G49050	19883929	19884381	452
10995	AT5G49060	19886308	19888571	2263
10996	AT5G49100	19897370	19899301	1931
10997	AT5G49110	19900150	19906171	6021
10998	AT5G49120	19908614	19909452	838
10999	AT5G49130	19915872	19917967	2095
11000	AT5G49140	19918971	19923415	4444
11001	AT5G49170	19938540	19939797	1257
11002	AT5G49180	19940462	19943015	2553
11003	AT5G49200	19947689	19949175	1486
11004	AT5G49210	19949691	19951713	2022
11005	AT5G49215	19953459	19956145	2686
11006	AT5G49220	19956218	19958861	2643
11007	AT5G49280	19976222	19977620	1398
11008	AT5G49305	19988464	19991580	3116
11009	AT5G49320	19994994	19996357	1363
11010	AT5G49390	20023442	20030387	6945
11011	AT5G49400	20030652	20032283	1631
11012	AT5G49410	20032287	20034020	1733
11013	AT5G49430	20036988	20046702	9714
11014	AT5G49440	20048239	20049776	1537
11015	AT5G49470	20063331	20068793	5462
11016	AT5G49500	20077304	20080329	3025
11017	AT5G49525	20096932	20097551	619
11018	AT5G49540	20104481	20106278	1797
11019	AT5G49555	20107229	20110638	3409
11020	AT5G49560	20110832	20111806	974
11021	AT5G49580	20123563	20127509	3946
11022	AT5G49640	20151163	20151842	679
11023	AT5G49645	20151163	20151882	719
11024	AT5G49665	20166891	20169923	3032
11025	AT5G49680	20176080	20188567	12487
11026	AT5G49690	20189655	20191604	1949
11027	AT5G49700	20192159	20193800	1641
11028	AT5G49710	20195303	20197419	2116
11029	AT5G49750	20210878	20213734	2856
11030	AT5G49760	20216332	20221382	5050
11031	AT5G49780	20228645	20233095	4450
11032	AT5G49800	20234509	20236329	1820
11033	AT5G49840	20255173	20259982	4809
11034	AT5G49850	20259440	20262585	3145
11035	AT5G49860	20264567	20265334	767
11036	AT5G49870	20270101	20272895	2794
11037	AT5G49900	20296518	20302575	6057
11038	AT5G49940	20315390	20317401	2011
11039	AT5G49920	20306409	20307943	1534
11040	AT5G49945	20317405	20319830	2425
11041	AT5G49950	20319733	20323649	3916
11042	AT5G49960	20323785	20327881	4096
11043	AT5G49990	20337586	20342035	4449
11044	AT5G50000	20342505	20345302	2797
11045	AT5G50010	20348615	20350830	2215
11046	AT5G50020	20351157	20354436	3279
11047	AT5G50030	20354589	20355706	1117
11048	AT5G50090	20369657	20371391	1734
11049	AT5G50110	20373491	20376252	2761
11050	AT5G50115	20379489	20381036	1547
11051	AT5G50130	20389915	20393306	3391
11052	AT5G50140	20395856	20398197	2341
11053	AT5G50150	20402217	20406731	4514
11054	AT5G50160	20415764	20418847	3083
11055	AT5G50170	20420951	20425604	4653
11056	AT5G50175	20427749	20428719	970
11057	AT5G50180	20430453	20433146	2693
11058	AT5G50230	20448310	20451062	2752
11059	AT5G50290	20461777	20464616	2839
11060	AT5G50310	20474457	20479478	5021
11061	AT5G50330	20485134	20488702	3568
11062	AT5G50335	20489033	20489727	694
11063	AT5G50340	20491393	20496589	5196
11064	AT5G50345	20497401	20497868	467
11065	AT5G50420	20530200	20532856	2656
11066	AT5G50423	20532860	20533471	611
11067	AT5G50443	20540335	20541211	876
11068	AT5G50460	20551132	20552670	1538
11069	AT5G50500	20562150	20562557	407
11070	AT5G50510	20567386	20568075	689
11071	AT5G50520	20569533	20571656	2123
11072	AT5G50530	20571681	20575250	3569
11073	AT5G50540	20574577	20575538	961
11074	AT5G50550	20576733	20579103	2370
11075	AT5G50560	20579027	20579633	606
11076	AT5G50562	20580269	20580442	173
11077	AT5G50565	20580113	20582178	2065
11078	AT5G50600	20589702	20591937	2235
11079	AT5G50610	20593600	20594379	779
11080	AT5G50620	20600727	20601416	689
11081	AT5G50630	20602874	20604997	2123
11082	AT5G50640	20605218	20608594	3376
11083	AT5G50650	20610075	20612445	2370
11084	AT5G50660	20612369	20612975	606
11085	AT5G50665	20613455	20615520	2065
11086	AT5G50710	20626942	20627720	778
11087	AT5G50740	20635826	20638104	2278
11088	AT5G50760	20644525	20645698	1173
11089	AT5G50780	20650086	20655401	5315
11090	AT5G50830	20683262	20684890	1628
11091	AT5G50840	20685772	20688942	3170
11092	AT5G50860	20693455	20697233	3778
11093	AT5G50890	20702453	20704418	1965
11094	AT5G50900	20704724	20706842	2118
11095	AT5G50910	20708409	20709282	873
11096	AT5G50915	20710103	20712473	2370
11097	AT5G50930	20722069	20724481	2412
11098	AT5G50940	20724578	20726479	1901
11099	AT5G50970	20736227	20739358	3131
11100	AT5G50990	20739419	20741603	2184
11101	AT5G51000	20742533	20743669	1136
11102	AT5G51010	20744553	20745703	1150
11103	AT5G51060	20757199	20762461	5262
11104	AT5G51080	20768795	20771085	2290
11105	AT5G51090	20772237	20773194	957
11106	AT5G51105	20777574	20778118	544
11107	AT5G51110	20777501	20779488	1987
11108	AT5G51130	20781658	20784071	2413
11109	AT5G51140	20783931	20786843	2912
11110	AT5G51150	20788913	20791940	3027
11111	AT5G51190	20800473	20801437	964
11112	AT5G51160	20792073	20793841	1768
11113	AT5G51170	20793794	20795399	1605
11114	AT5G51180	20796950	20801479	4529
11115	AT5G51195	20803106	20804268	1162
11116	AT5G51200	20804715	20819629	14914
11117	AT5G51220	20821040	20823411	2371
11118	AT5G51250	20830743	20831849	1106
11119	AT5G51260	20831984	20833817	1833
11120	AT5G51270	20834899	20839061	4162
11121	AT5G51280	20841239	20843992	2753
11122	AT5G51300	20848794	20852384	3590
11123	AT5G51310	20852712	20854812	2100
11124	AT5G51350	20867599	20870848	3249
11125	AT5G51340	20862902	20867465	4563
11126	AT5G51360	20871918	20872277	359
11127	AT5G51370	20872719	20874349	1630
11128	AT5G51380	20875832	20877989	2157
11129	AT5G51390	20877967	20878464	497
11130	AT5G51410	20880558	20883908	3350
11131	AT5G51420	20885419	20886762	1343
11132	AT5G51440	20891163	20892416	1253
11133	AT5G51460	20900859	20904647	3788
11134	AT5G51465	20904578	20905568	990
11135	AT5G51470	20907195	20909533	2338
11136	AT5G51490	20913510	20915879	2369
11137	AT5G51500	20917795	20919964	2169
11138	AT5G51510	20921377	20922998	1621
11139	AT5G51520	20925852	20926783	931
11140	AT5G51530	20927069	20931886	4817
11141	AT5G51540	20932031	20936413	4382
11142	AT5G51560	20945676	20948939	3263
11143	AT5G51570	20949291	20951512	2221
11144	AT5G51580	20952442	20953399	957
11145	AT5G51590	20956510	20959409	2899
11146	AT5G51610	20965577	20966805	1228
11147	AT5G51620	20967034	20968506	1472
11148	AT5G51630	20969128	20975940	6812
11149	AT5G51650	20978203	20979249	1046
11150	AT5G51670	20993424	20995644	2220
11151	AT5G51730	21011392	21013747	2355
11152	AT5G51740	21016841	21019221	2380
11153	AT5G51770	21030943	21033253	2310
11154	AT5G51780	21034626	21036773	2147
11155	AT5G51790	21039533	21041618	2085
11156	AT5G51795	21043083	21044194	1111
11157	AT5G51800	21048191	21052069	3878
11158	AT5G51830	21069110	21071739	2629
11159	AT5G51840	21071944	21074662	2718
11160	AT5G51845	21077047	21077679	632
11161	AT5G51880	21089383	21091073	1690
11162	AT5G51890	21090956	21092410	1454
11163	AT5G51900	21093681	21094454	773
11164	AT5G51910	21094547	21095891	1344
11165	AT5G51930	21101116	21103818	2702
11166	AT5G51950	21105909	21108710	2801
11167	AT5G51960	21110333	21111424	1091
11168	AT5G51970	21111445	21113403	1958
11169	AT5G51980	21113361	21116314	2953
11170	AT5G52000	21118946	21121119	2173
11171	AT5G52010	21121405	21123133	1728
11172	AT5G52030	21128085	21130244	2159
11173	AT5G52040	21130320	21133709	3389
11174	AT5G52045	21131045	21131700	655
11175	AT5G52050	21138703	21140876	2173
11176	AT5G52080	21167243	21167350	107
11177	AT5G52090	21167432	21169462	2030
11178	AT5G52115	21174321	21175857	1536
11179	AT5G52130	21182468	21183875	1407
11180	AT5G52140	21184522	21186872	2350
11181	AT5G52150	21189988	21191303	1315
11182	AT5G52155	21192097	21194086	1989
11183	AT5G52160	21195044	21195763	719
11184	AT5G52180	21200040	21201610	1570
11185	AT5G52190	21201631	21202543	912
11186	AT5G52220	21207097	21207716	619
11187	AT5G52280	21226721	21230378	3657
11188	AT5G52330	21247355	21250426	3071
11189	AT5G52370	21260278	21261336	1058
11190	AT5G52410	21275889	21279522	3633
11191	AT5G52420	21281569	21282806	1237
11192	AT5G52430	21282750	21285366	2616
11193	AT5G52450	21288850	21291928	3078
11194	AT5G52480	21296833	21297858	1025
11195	AT5G52490	21298857	21300239	1382
11196	AT5G52530	21317130	21321267	4137
11197	AT5G52540	21321428	21323780	2352
11198	AT5G52550	21327712	21330136	2424
11199	AT5G52580	21337861	21343051	5190
11200	AT5G52650	21355541	21357219	1678
11201	AT5G52655	21357752	21358250	498
11202	AT5G52660	21359001	21362273	3272
11203	AT5G52670	21363486	21364401	915
11204	AT5G52690	21370499	21371592	1093
11205	AT5G52700	21372820	21374195	1375
11206	AT5G52710	21375704	21378172	2468
11207	AT5G52720	21378702	21379744	1042
11208	AT5G52730	21380164	21381069	905
11209	AT5G52740	21382482	21383432	950
11210	AT5G52750	21383979	21385015	1036
11211	AT5G52760	21386727	21387714	987
11212	AT5G52790	21391566	21395016	3450
11213	AT5G52800	21395944	21399419	3475
11214	AT5G52810	21399331	21400686	1355
11215	AT5G52820	21401312	21404470	3158
11216	AT5G52840	21413591	21415006	1415
11217	AT5G52850	21414935	21417616	2681
11218	AT5G52880	21431778	21433794	2016
11219	AT5G52882	21433859	21439133	5274
11220	AT5G52890	21444793	21447242	2449
11221	AT5G52930	21470299	21471861	1562
11222	AT5G52940	21472103	21473602	1499
11223	AT5G52965	21478841	21479203	362
11224	AT5G52970	21479382	21481256	1874
11225	AT5G52975	21481457	21482038	581
11226	AT5G53010	21488490	21496537	8047
11227	AT5G53020	21498379	21502500	4121
11228	AT5G53030	21505074	21506620	1546
11229	AT5G53045	21508341	21509609	1268
11230	AT5G53050	21510095	21513620	3525
11231	AT5G53070	21518593	21520421	1828
11232	AT5G53080	21520513	21523266	2753
11233	AT5G53090	21523365	21525713	2348
11234	AT5G53100	21526250	21528323	2073
11235	AT5G53110	21528950	21533159	4209
11236	AT5G53140	21548397	21552594	4197
11237	AT5G53150	21553355	21557592	4237
11238	AT5G53220	21595990	21598316	2326
11239	AT5G53310	21634424	21636355	1931
11240	AT5G53320	21636241	21638398	2157
11241	AT5G53330	21639216	21640963	1747
11242	AT5G53340	21640809	21643666	2857
11243	AT5G53360	21647821	21649567	1746
11244	AT5G53380	21654585	21656722	2137
11245	AT5G53390	21656734	21659367	2633
11246	AT5G53410	21667939	21668046	107
11247	AT5G53420	21673432	21675803	2371
11248	AT5G53430	21677146	21684122	6976
11249	AT5G53440	21683144	21688273	5129
11250	AT5G53480	21713245	21717878	4633
11251	AT5G53486	21721667	21722838	1171
11252	AT5G53490	21723235	21724701	1466
11253	AT5G53500	21725441	21729413	3972
11254	AT5G53540	21749279	21751338	2059
11255	AT5G53570	21760558	21763462	2904
11256	AT5G53590	21771811	21772794	983
11257	AT5G53592	21773688	21774927	1239
11258	AT5G53600	21777107	21777523	416
11259	AT5G53610	21779023	21779499	476
11260	AT5G53620	21780947	21785287	4340
11261	AT5G53635	21785999	21787444	1445
11262	AT5G53637	21788265	21789152	887
11263	AT5G53640	21789919	21790690	771
11264	AT5G53650	21791155	21792556	1401
11265	AT5G53710	21805071	21805812	741
11266	AT5G53720	21806622	21807012	390
11267	AT5G53730	21807623	21809004	1381
11268	AT5G53740	21811633	21814908	3275
11269	AT5G53742	21813671	21814018	347
11270	AT5G53760	21822323	21826488	4165
11271	AT5G53770	21826656	21830091	3435
11272	AT5G53780	21839818	21841977	2159
11273	AT5G53790	21843501	21845261	1760
11274	AT5G53800	21848035	21850111	2076
11275	AT5G53810	21850141	21853011	2870
11276	AT5G53820	21853348	21854117	769
11277	AT5G53830	21856948	21858102	1154
11278	AT5G53840	21859148	21860672	1524
11279	AT5G53850	21860860	21865150	4290
11280	AT5G53880	21872701	21873454	753
11281	AT5G53895	21880592	21881204	612
11282	AT5G53900	21881142	21883433	2291
11283	AT5G53905	21888148	21889254	1106
11284	AT5G53910	21890643	21891335	692
11285	AT5G53920	21891983	21894267	2284
11286	AT5G53930	21894232	21896434	2202
11287	AT5G53940	21896987	21898631	1644
11288	AT5G54062	21938793	21939637	844
11289	AT5G53990	21915468	21917225	1757
11290	AT5G54030	21925460	21927524	2064
11291	AT5G54035	21926239	21926496	257
11292	AT5G54043	21929588	21929845	257
11293	AT5G54050	21933601	21936053	2452
11294	AT5G54090	21948124	21952594	4470
11295	AT5G54095	21952647	21953507	860
11296	AT5G54100	21953700	21956580	2880
11297	AT5G54130	21962570	21965623	3053
11298	AT5G54140	21965667	21968061	2394
11299	AT5G54145	21972444	21973441	997
11300	AT5G54148	21975785	21977104	1319
11301	AT5G54150	21977461	21978237	776
11302	AT5G54165	21984569	21984964	395
11303	AT5G54190	21990864	21992814	1950
11304	AT5G54200	21993154	21997326	4172
11305	AT5G54210	22008612	22009532	920
11306	AT5G54215	22010062	22010508	446
11307	AT5G54220	22011297	22011796	499
11308	AT5G54240	22022978	22024658	1680
11309	AT5G54300	22053969	22055443	1474
11310	AT5G54290	22051034	22054028	2994
11311	AT5G54320	22062805	22063914	1109
11312	AT5G54330	22064993	22066063	1070
11313	AT5G54340	22066831	22067565	734
11314	AT5G54430	22096920	22099851	2931
11315	AT5G54400	22090417	22092165	1748
11316	AT5G54410	22094247	22094906	659
11317	AT5G54450	22108273	22109379	1106
11318	AT5G54460	22110425	22110949	524
11319	AT5G54480	22118004	22120166	2162
11320	AT5G54520	22146504	22149302	2798
11321	AT5G54530	22152724	22154466	1742
11322	AT5G54580	22171166	22173019	1853
11323	AT5G54585	22175461	22176735	1274
11324	AT5G54620	22187663	22189746	2083
11325	AT5G54630	22192367	22194559	2192
11326	AT5G54700	22222886	22225616	2730
11327	AT5G54710	22227483	22230663	3180
11328	AT5G54750	22241478	22243721	2243
11329	AT5G54760	22243800	22245810	2010
11330	AT5G54780	22248369	22252191	3822
11331	AT5G54790	22253986	22255663	1677
11332	AT5G54800	22261134	22263936	2802
11333	AT5G54820	22269859	22271777	1918
11334	AT5G54830	22272989	22276346	3357
11335	AT5G54850	22280490	22282682	2192
11336	AT5G54855	22282766	22284391	1625
11337	AT5G54860	22284425	22287206	2781
11338	AT5G54870	22289104	22291859	2755
11339	AT5G54880	22291860	22293300	1440
11340	AT5G54890	22293325	22295144	1819
11341	AT5G54910	22298453	22301859	3406
11342	AT5G54920	22302000	22305795	3795
11343	AT5G54930	22305733	22307569	1836
11344	AT5G54940	22307982	22309453	1471
11345	AT5G54950	22309832	22310332	500
11346	AT5G54970	22312976	22314119	1143
11347	AT5G54980	22315634	22316935	1301
11348	AT5G54990	22317461	22318185	724
11349	AT5G55010	22321828	22322335	507
11350	AT5G55040	22326940	22332078	5138
11351	AT5G55050	22337626	22340389	2763
11352	AT5G55060	22341750	22346646	4896
11353	AT5G55070	22347211	22351168	3957
11354	AT5G55100	22361035	22364824	3789
11355	AT5G55120	22369007	22371867	2860
11356	AT5G55110	22367733	22368675	942
11357	AT5G55125	22371991	22373209	1218
11358	AT5G55131	22376583	22376989	406
11359	AT5G55132	22378906	22379548	642
11360	AT5G55135	22379921	22380476	555
11361	AT5G55140	22380996	22382194	1198
11362	AT5G55150	22382202	22383392	1190
11363	AT5G55180	22388521	22390763	2242
11364	AT5G55210	22396426	22397446	1020
11365	AT5G55220	22397457	22400856	3399
11366	AT5G55230	22401927	22405568	3641
11367	AT5G55250	22407427	22410974	3547
11368	AT5G55270	22419147	22420518	1371
11369	AT5G55290	22422673	22424380	1707
11370	AT5G55320	22435607	22436943	1336
11371	AT5G55330	22437471	22438884	1413
11372	AT5G55370	22445069	22446133	1064
11373	AT5G55380	22446624	22447953	1329
11374	AT5G55400	22455369	22459598	4229
11375	AT5G55410	22460550	22461385	835
11376	AT5G55430	22464589	22465227	638
11377	AT5G55440	22465693	22467209	1516
11378	AT5G55507	22485099	22485712	613
11379	AT5G55508	22485872	22486015	143
11380	AT5G55520	22488054	22491300	3246
11381	AT5G55530	22492892	22496064	3172
11382	AT5G55550	22501535	22504144	2609
11383	AT5G55560	22506216	22507879	1663
11384	AT5G55565	22510017	22513588	3571
11385	AT5G55570	22514214	22515458	1244
11386	AT5G55580	22515391	22517964	2573
11387	AT5G55610	22525771	22528143	2372
11388	AT5G55600	22521843	22525685	3842
11389	AT5G55620	22530007	22530987	980
11390	AT5G55640	22533085	22534155	1070
11391	AT5G55660	22538556	22543474	4918
11392	AT5G55670	22543728	22547062	3334
11393	AT5G55700	22551734	22554964	3230
11394	AT5G55720	22555995	22557725	1730
11395	AT5G55770	22571645	22573732	2087
11396	AT5G55780	22576493	22578682	2189
11397	AT5G55790	22578715	22581335	2620
11398	AT5G55830	22594617	22596843	2226
11399	AT5G55840	22597993	22602760	4767
11400	AT5G55856	22607927	22608640	713
11401	AT5G55860	22609433	22612486	3053
11402	AT5G55870	22612637	22613311	674
11403	AT5G55880	22619104	22620204	1100
11404	AT5G55890	22622737	22623837	1100
11405	AT5G55900	22637510	22639828	2318
11406	AT5G55950	22658112	22660505	2393
11407	AT5G55960	22662532	22665099	2567
11408	AT5G55970	22667220	22669631	2411
11409	AT5G55980	22670186	22670893	707
11410	AT5G56020	22684386	22686466	2080
11411	AT5G56040	22694823	22698645	3822
11412	AT5G56050	22700919	22702200	1281
11413	AT5G56100	22716917	22717849	932
11414	AT5G56140	22725238	22728473	3235
11415	AT5G56160	22731949	22735612	3663
11416	AT5G56190	22741965	22745191	3226
11417	AT5G56200	22747478	22749427	1949
11418	AT5G56220	22753888	22758057	4169
11419	AT5G56240	22759663	22764587	4924
11420	AT5G56260	22775189	22777355	2166
11421	AT5G56310	22802299	22804377	2078
11422	AT5G56325	22812213	22813263	1050
11423	AT5G56350	22819936	22822904	2968
11424	AT5G56368	22833964	22834645	681
11425	AT5G56369	22835392	22835930	538
11426	AT5G56370	22835931	22837972	2041
11427	AT5G56380	22838633	22841117	2484
11428	AT5G56390	22842790	22844273	1483
11429	AT5G56400	22846069	22847615	1546
11430	AT5G56410	22848508	22850331	1823
11431	AT5G56420	22850584	22852753	2169
11432	AT5G56452	22860450	22861818	1368
11433	AT5G56460	22865074	22868036	2962
11434	AT5G56480	22870259	22870817	558
11435	AT5G56520	22885143	22886600	1457
11436	AT5G56530	22889073	22891866	2793
11437	AT5G56555	22898714	22899064	350
11438	AT5G56580	22904622	22906764	2142
11439	AT5G56570	22902736	22904596	1860
11440	AT5G56590	22907264	22909707	2443
11441	AT5G56610	22916692	22918468	1776
11442	AT5G56670	22935211	22936084	873
11443	AT5G56690	22939723	22941099	1376
11444	AT5G56700	22941750	22943587	1837
11445	AT5G56710	22943707	22944993	1286
11446	AT5G56730	22946906	22952599	5693
11447	AT5G56770	22962994	22963989	995
11448	AT5G56790	22967891	22971689	3798
11449	AT5G56800	22972989	22974308	1319
11450	AT5G56850	22985115	22988110	2995
11451	AT5G56880	23008764	23009709	945
11452	AT5G56890	23010423	23016015	5592
11453	AT5G56900	23019245	23022765	3520
11454	AT5G56910	23022862	23024257	1395
11455	AT5G56920	23024896	23025915	1019
11456	AT5G56960	23038389	23041617	3228
11457	AT5G56980	23056080	23057742	1662
11458	AT5G56985	23056476	23056904	428
11459	AT5G56990	23060833	23062400	1567
11460	AT5G57010	23067828	23070431	2603
11461	AT5G57035	23080647	23083988	3341
11462	AT5G57040	23083898	23085246	1348
11463	AT5G57060	23089909	23092224	2315
11464	AT5G57070	23096024	23098602	2578
11465	AT5G57080	23098872	23099587	715
11466	AT5G57100	23106298	23108883	2585
11467	AT5G57120	23122488	23124594	2106
11468	AT5G57123	23126874	23127724	850
11469	AT5G57130	23144947	23149615	4668
11470	AT5G57150	23152174	23155066	2892
11471	AT5G57170	23161877	23163290	1413
11472	AT5G57200	23177525	23180853	3328
11473	AT5G57210	23180833	23184053	3220
11474	AT5G57250	23194833	23198609	3776
11475	AT5G57270	23200591	23203908	3317
11476	AT5G57300	23208463	23211139	2676
11477	AT5G57330	23218086	23221089	3003
11478	AT5G57340	23225951	23229298	3347
11479	AT5G57345	23229291	23230749	1458
11480	AT5G57370	23244610	23246420	1810
11481	AT5G57400	23261985	23263479	1494
11482	AT5G57410	23264314	23267905	3591
11483	AT5G57460	23275110	23277488	2378
11484	AT5G57480	23279139	23281271	2132
11485	AT5G57500	23286197	23287739	1542
11486	AT5G57510	23288885	23289635	750
11487	AT5G57535	23302415	23302549	134
11488	AT5G57565	23310284	23311855	1571
11489	AT5G57567	23312045	23312920	875
11490	AT5G57569	23312029	23312401	372
11491	AT5G57570	23313401	23314432	1031
11492	AT5G57580	23314672	23318177	3505
11493	AT5G57640	23344436	23345621	1185
11494	AT5G57650	23345662	23346324	662
11495	AT5G57655	23346675	23350065	3390
11496	AT5G57670	23360400	23363839	3439
11497	AT5G57700	23374873	23377229	2356
11498	AT5G57710	23384255	23388465	4210
11499	AT5G57720	23389745	23391662	1917
11500	AT5G57750	23399668	23400300	632
11501	AT5G57760	23400715	23401267	552
11502	AT5G57770	23400864	23403150	2286
11503	AT5G57790	23411887	23414811	2924
11504	AT5G57820	23428601	23429346	745
11505	AT5G57830	23429291	23431198	1907
11506	AT5G57840	23432790	23435266	2476
11507	AT5G57870	23439498	23443815	4317
11508	AT5G57887	23446721	23447249	528
11509	AT5G57890	23447340	23449679	2339
11510	AT5G57950	23460673	23462388	1715
11511	AT5G57960	23462704	23466678	3974
11512	AT5G57970	23466685	23469015	2330
11513	AT5G58000	23476731	23479598	2867
11514	AT5G58005	23482179	23483277	1098
11515	AT5G58020	23485496	23486818	1322
11516	AT5G58090	23505221	23507353	2132
11517	AT5G58100	23507337	23515074	7737
11518	AT5G58110	23515150	23516751	1601
11519	AT5G58120	23517256	23521067	3811
11520	AT5G58150	23530081	23532840	2759
11521	AT5G58160	23533375	23539741	6366
11522	AT5G58200	23549550	23552052	2502
11523	AT5G58210	23552094	23554402	2308
11524	AT5G58280	23567300	23568859	1559
11525	AT5G58300	23571835	23575084	3249
11526	AT5G58330	23579722	23582395	2673
11527	AT5G58340	23582495	23585148	2653
11528	AT5G58370	23593059	23596238	3179
11529	AT5G58375	23596242	23597141	899
11530	AT5G58390	23599470	23601404	1934
11531	AT5G58400	23605189	23607045	1856
11532	AT5G58410	23609376	23617599	8223
11533	AT5G58412	23618024	23618719	695
11534	AT5G58420	23619459	23621094	1635
11535	AT5G58450	23626826	23632223	5397
11536	AT5G58480	23640973	23642853	1880
11537	AT5G58510	23648094	23654622	6528
11538	AT5G58520	23655140	23658256	3116
11539	AT5G58530	23660083	23661472	1389
11540	AT5G58540	23663136	23665317	2181
11541	AT5G58570	23672695	23673287	592
11542	AT5G58575	23673533	23675643	2110
11543	AT5G58620	23693259	23696222	2963
11544	AT5G58640	23697841	23699767	1926
11545	AT5G58660	23701392	23704122	2730
11546	AT5G58680	23708112	23709527	1415
11547	AT5G58690	23709529	23712558	3029
11548	AT5G58720	23719695	23723175	3480
11549	AT5G58710	23717775	23719778	2003
11550	AT5G58740	23725675	23727628	1953
11551	AT5G58787	23742363	23744646	2283
11552	AT5G58820	23751956	23754958	3002
11553	AT5G58830	23755775	23758684	2909
11554	AT5G58840	23759003	23762438	3435
11555	AT5G58880	23775891	23779855	3964
11556	AT5G58900	23783102	23785512	2410
11557	AT5G58930	23794286	23796461	2175
11558	AT5G58950	23800856	23803684	2828
11559	AT5G58980	23811449	23814683	3234
11560	AT5G58990	23814763	23816190	1427
11561	AT5G59000	23818184	23820315	2131
11562	AT5G59020	23826744	23830520	3776
11563	AT5G59050	23839108	23842958	3850
11564	AT5G59060	23844301	23844781	480
11565	AT5G59070	23845073	23847393	2320
11566	AT5G59080	23844977	23849151	4174
11567	AT5G59100	23858873	23862129	3256
11568	AT5G59105	23862459	23863053	594
11569	AT5G59110	23863530	23864048	518
11570	AT5G59130	23869980	23873849	3869
11571	AT5G59140	23874311	23875713	1402
11572	AT5G59170	23881988	23883122	1134
11573	AT5G59190	23885855	23888673	2818
11574	AT5G59210	23890546	23893769	3223
11575	AT5G59230	23901520	23902481	961
11576	AT5G59240	23902462	23903767	1305
11577	AT5G59250	23903872	23907111	3239
11578	AT5G59260	23907786	23910082	2296
11579	AT5G59270	23910985	23913374	2389
11580	AT5G59305	23923184	23923929	745
11581	AT5G59350	23940745	23943625	2880
11582	AT5G59360	23945332	23946430	1098
11583	AT5G59390	23954326	23957342	3016
11584	AT5G59400	23957737	23959707	1970
11585	AT5G59410	23959573	23960988	1415
11586	AT5G59450	23974458	23976791	2333
11587	AT5G59460	23976723	23978399	1676
11588	AT5G59470	23978550	23979478	928
11589	AT5G59480	23979390	23982208	2818
11590	AT5G59490	23982621	23984656	2035
11591	AT5G59500	23985512	23987382	1870
11592	AT5G59540	23995850	23997821	1971
11593	AT5G59600	24011000	24013056	2056
11594	AT5G59610	24010900	24015129	4229
11595	AT5G59613	24015394	24016610	1216
11596	AT5G59616	24017511	24018077	566
11597	AT5G59650	24031346	24035399	4053
11598	AT5G59660	24035650	24039979	4329
11599	AT5G59670	24041131	24045666	4535
11600	AT5G59680	24046512	24051112	4600
11601	AT5G59690	24051474	24052218	744
11602	AT5G59700	24052383	24055660	3277
11603	AT5G59740	24070049	24073086	3037
11604	AT5G59760	24075489	24076550	1061
11605	AT5G59770	24079297	24081216	1919
11606	AT5G59790	24090645	24093168	2523
11607	AT5G59830	24105041	24107241	2200
11608	AT5G59840	24107215	24109524	2309
11609	AT5G59845	24111304	24112100	796
11610	AT5G59850	24112156	24113617	1461
11611	AT5G59860	24113462	24114449	987
11612	AT5G59865	24114599	24115349	750
11613	AT5G59895	24123408	24123590	182
11614	AT5G59900	24123913	24126717	2804
11615	AT5G59930	24134225	24136665	2440
11616	AT5G59940	24137225	24139483	2258
11617	AT5G59950	24139939	24141937	1998
11618	AT5G59960	24141975	24145408	3433
11619	AT5G59970	24145831	24146729	898
11620	AT5G59990	24150934	24153201	2267
11621	AT5G60000	24159294	24159780	486
11622	AT5G60010	24160270	24165052	4782
11623	AT5G60030	24171888	24173046	1158
11624	AT5G60050	24183567	24185629	2062
11625	AT5G60060	24188483	24189765	1282
11626	AT5G60070	24190264	24192894	2630
11627	AT5G60080	24193181	24194909	1728
11628	AT5G60090	24195939	24197865	1926
11629	AT5G60130	24211789	24213386	1597
11630	AT5G60142	24215947	24217749	1802
11631	AT5G60150	24217982	24223532	5550
11632	AT5G60160	24223647	24226914	3267
11633	AT5G60170	24227415	24232873	5458
11634	AT5G60215	24247622	24247956	334
11635	AT5G60240	24251382	24251628	246
11636	AT5G60250	24252138	24255900	3762
11637	AT5G60260	24255272	24256285	1013
11638	AT5G60270	24257723	24260043	2320
11639	AT5G60280	24260225	24262536	2311
11640	AT5G60290	24262864	24263843	979
11641	AT5G60310	24268011	24270269	2258
11642	AT5G60320	24270808	24272835	2027
11643	AT5G60300	24264488	24268029	3541
11644	AT5G60335	24272995	24274860	1865
11645	AT5G60370	24282666	24285061	2395
11646	AT5G60380	24285920	24287808	1888
11647	AT5G60390	24288596	24291020	2424
11648	AT5G60430	24301549	24303369	1820
11649	AT5G60460	24316833	24318241	1408
11650	AT5G60470	24320411	24322939	2528
11651	AT5G60530	24333907	24335858	1951
11652	AT5G60553	24343169	24343558	389
11653	AT5G60560	24345949	24347172	1223
11654	AT5G60570	24347783	24350164	2381
11655	AT5G60580	24353562	24356974	3412
11656	AT5G60590	24357021	24358769	1748
11657	AT5G60610	24363591	24365615	2024
11658	AT5G60615	24365566	24366376	810
11659	AT5G60630	24369650	24370404	754
11660	AT5G60650	24374179	24374798	619
11661	AT5G60670	24380504	24381599	1095
11662	AT5G60700	24402129	24405600	3471
11663	AT5G60710	24410581	24415145	4564
11664	AT5G60720	24418195	24422274	4079
11665	AT5G60730	24422686	24425540	2854
11666	AT5G60750	24430830	24433394	2564
11667	AT5G60760	24438078	24442287	4209
11668	AT5G60805	24465060	24465487	427
11669	AT5G60820	24469561	24471208	1647
11670	AT5G60930	24515281	24522743	7462
11671	AT5G60940	24522953	24526113	3160
11672	AT5G60945	24526245	24526636	391
11673	AT5G60964	24530572	24530924	352
11674	AT5G60980	24543136	24546352	3216
11675	AT5G60990	24546329	24549339	3010
11676	AT5G61040	24562333	24564979	2646
11677	AT5G61050	24565482	24566615	1133
11678	AT5G61090	24574652	24578200	3548
11679	AT5G61100	24579090	24580481	1391
11680	AT5G61110	24581078	24582130	1052
11681	AT5G61120	24582225	24585818	3593
11682	AT5G61140	24589906	24603522	13616
11683	AT5G61170	24611032	24612564	1532
11684	AT5G61200	24620144	24622666	2522
11685	AT5G61220	24625573	24626965	1392
11686	AT5G61240	24629256	24632211	2955
11687	AT5G61250	24632154	24635312	3158
11688	AT5G61260	24636296	24638808	2512
11689	AT5G61280	24643556	24644990	1434
11690	AT5G61290	24648528	24650815	2287
11691	AT5G61300	24650704	24653269	2565
11692	AT5G61310	24653261	24654940	1679
11693	AT5G61330	24657097	24661241	4144
11694	AT5G61340	24661679	24663217	1538
11695	AT5G61350	24667873	24670749	2876
11696	AT5G61360	24670792	24671868	1076
11697	AT5G61390	24678555	24681078	2523
11698	AT5G61400	24681550	24683514	1964
11699	AT5G61412	24686610	24687366	756
11700	AT5G61450	24709862	24713010	3148
11701	AT5G61470	24722870	24723983	1113
11702	AT5G61490	24732597	24733824	1227
11703	AT5G61495	24732768	24733485	717
11704	AT5G61510	24736871	24739002	2131
11705	AT5G61520	24739026	24741401	2375
11706	AT5G61530	24741976	24744823	2847
11707	AT5G61540	24744853	24747542	2689
11708	AT5G61550	24748023	24751871	3848
11709	AT5G61560	24752783	24756768	3985
11710	AT5G61570	24758189	24760789	2600
11711	AT5G61590	24764256	24765511	1255
11712	AT5G61605	24768382	24769010	628
11713	AT5G61620	24772326	24773507	1181
11714	AT5G61680	24786162	24788060	1898
11715	AT5G61710	24799836	24800783	947
11716	AT5G61720	24801505	24803395	1890
11717	AT5G61750	24812804	24813436	632
11718	AT5G61800	24829987	24831615	1628
11719	AT5G61820	24834300	24836933	2633
11720	AT5G61830	24836898	24838970	2072
11721	AT5G61865	24847310	24850118	2808
11722	AT5G61880	24850211	24851803	1592
11723	AT5G61890	24852322	24853941	1619
11724	AT5G61910	24855621	24864172	8551
11725	AT5G61920	24864290	24866019	1729
11726	AT5G61940	24867945	24872954	5009
11727	AT5G61950	24873053	24878309	5256
11728	AT5G61970	24888596	24893366	4770
11729	AT5G61990	24899606	24903131	3525
11730	AT5G61997	24908265	24908384	119
11731	AT5G62000	24910191	24915395	5204
11732	AT5G62030	24918479	24920955	2476
11733	AT5G62060	24927688	24928698	1010
11734	AT5G62065	24929207	24929778	571
11735	AT5G62080	24933471	24934484	1013
11736	AT5G62110	24942169	24946087	3918
11737	AT5G62130	24950264	24953362	3098
11738	AT5G62150	24958125	24958813	688
11739	AT5G62200	24984048	24985895	1847
11740	AT5G62240	25002358	25004783	2425
11741	AT5G62260	25008843	25011666	2823
11742	AT5G62280	25016860	25018265	1405
11743	AT5G62290	25019175	25021131	1956
11744	AT5G62460	25074782	25077398	2616
11745	AT5G62300	25021200	25022564	1364
11746	AT5G62330	25031563	25032276	713
11747	AT5G62340	25033471	25034404	933
11748	AT5G62370	25041819	25045047	3228
11749	AT5G62400	25054614	25055664	1050
11750	AT5G62420	25064793	25066336	1543
11751	AT5G62410	25056025	25062670	6645
11752	AT5G62440	25072117	25074069	1952
11753	AT5G62510	25095373	25096635	1262
11754	AT5G62550	25105576	25108013	2437
11755	AT5G62560	25109840	25112001	2161
11756	AT5G62570	25113948	25117314	3366
11757	AT5G62573	25113965	25114210	245
11758	AT5G62580	25119511	25122578	3067
11759	AT5G62610	25132841	25136065	3224
11760	AT5G62630	25143518	25146587	3069
11761	AT5G62620	25136700	25140024	3324
11762	AT5G62623	25140727	25141351	624
11763	AT5G62627	25142290	25142960	670
11764	AT5G62650	25152625	25155983	3358
11765	AT5G62660	25156326	25157465	1139
11766	AT5G62710	25187221	25190722	3501
11767	AT5G62720	25191402	25195071	3669
11768	AT5G62730	25197461	25200386	2925
11769	AT5G62750	25203425	25204320	895
11770	AT5G62760	25204472	25209583	5111
11771	AT5G62770	25210301	25211665	1364
11772	AT5G62780	25213386	25214137	751
11773	AT5G62800	25218634	25219967	1333
11774	AT5G62820	25223727	25225052	1325
11775	AT5G62830	25226168	25227131	963
11776	AT5G62860	25232632	25233541	909
11777	AT5G62890	25243148	25247377	4229
11778	AT5G62900	25248690	25250032	1342
11779	AT5G62910	25250256	25252354	2098
11780	AT4G26670	13452117	13454139	2022
11781	AT4G26680	13454652	13456631	1979
11782	AT4G26750	13475617	13478523	2906
11783	AT4G26780	13484839	13486858	2019
11784	AT4G26770	13482064	13484943	2879
11785	AT4G26790	13487457	13489376	1919
11786	AT4G26800	13489806	13492085	2279
11787	AT4G26830	13494572	13496738	2166
11788	AT4G26870	13505291	13507870	2579
11789	AT4G26910	13519811	13523405	3594
11790	AT4G26920	13525031	13527172	2141
11791	AT4G26940	13529260	13532755	3495
11792	AT4G26965	13539505	13542466	2961
11793	AT4G26980	13548546	13550722	2176
11794	AT4G27020	13568367	13571495	3128
11795	AT4G27050	13575671	13578061	2390
11796	AT4G27100	13595458	13598963	3505
11797	AT4G27120	13601948	13604494	2546
11798	AT4G27190	13620977	13624043	3066
11799	AT4G27220	13633941	13637119	3178
11800	AT4G27240	13639641	13642415	2774
11801	AT4G27250	13642515	13644507	1992
11802	AT4G27260	13653579	13656285	2706
11803	AT4G27270	13661201	13663371	2170
11804	AT4G27290	13666076	13669202	3126
11805	AT4G27300	13668676	13672413	3737
11806	AT4G27340	13687174	13690538	3364
11807	AT4G27350	13690645	13692832	2187
11808	AT4G27380	13701244	13703165	1921
11809	AT4G27480	13736655	13739077	2422
11810	AT4G27510	13746176	13749131	2955
11811	AT4G27585	13766699	13769961	3262
11812	AT4G27595	13772085	13777458	5373
11813	AT4G27610	13785395	13788516	3121
11814	AT4G27620	13788766	13791052	2286
11815	AT4G27640	13797616	13803082	5466
11816	AT4G27680	13821019	13823408	2389
11817	AT4G27730	13833807	13836661	2854
11818	AT4G27720	13830827	13833814	2987
11819	AT4G27790	13849949	13851973	2024
11820	AT4G27850	13870376	13873509	3133
11821	AT4G27870	13878701	13882905	4204
11822	AT4G27900	13890472	13893073	2601
11823	AT4G28000	13925338	13929527	4189
11824	AT4G28010	13930342	13933270	2928
11825	AT4G28020	13933232	13935479	2247
11826	AT4G28025	13935538	13937555	2017
11827	AT4G28060	13943781	13945773	1992
11828	AT4G28068	13945738	13945842	104
11829	AT4G28070	13945892	13948627	2735
11830	AT4G28088	13961134	13961611	477
11831	AT4G28100	13965099	13967076	1977
11832	AT4G28150	13977303	13979487	2184
11833	AT4G28200	13987530	13990539	3009
11834	AT4G28260	14004401	14006989	2588
11835	AT4G28300	14014646	14017097	2451
11836	AT4G28350	14026577	14028622	2045
11837	AT4G28360	14028983	14031049	2066
11838	AT4G28370	14034536	14039668	5132
11839	AT4G28400	14048268	14050335	2067
11840	AT4G28405	14050579	14050817	238
11841	AT4G28420	14055661	14057592	1931
11842	AT4G28430	14057631	14059864	2233
11843	AT4G28450	14061403	14064708	3305
11844	AT4G28470	14066731	14072582	5851
11845	AT4G28480	14073008	14075271	2263
11846	AT4G28520	14087556	14089796	2240
11847	AT4G28550	14110799	14113777	2978
11848	AT4G28570	14119353	14122616	3263
11849	AT4G28650	14143958	14147537	3579
11850	AT4G28670	14151387	14153935	2548
11851	AT4G28690	14158898	14161049	2151
11852	AT4G28706	14167635	14172454	4819
11853	AT4G28770	14211855	14213969	2114
11854	AT4G28780	14215473	14217909	2436
11855	AT4G28790	14218214	14220998	2784
11856	AT4G28800	14221632	14224116	2484
11857	AT4G28811	14225208	14228071	2863
11858	AT4G28820	14229408	14232380	2972
11859	AT4G28830	14232422	14234334	1912
11860	AT4G28840	14240666	14242679	2013
11861	AT4G28870	14250421	14250720	299
11862	AT4G28940	14274341	14277252	2911
11863	AT4G29010	14297044	14302287	5243
11864	AT4G28990	14290947	14293199	2252
11865	AT4G29000	14293513	14297066	3553
11866	AT4G29033	14308919	14309379	460
11867	AT4G29100	14340951	14345013	4062
11868	AT4G29103	14346288	14346500	212
11869	AT4G29200	14398054	14400198	2144
11870	AT4G29310	14437133	14439769	2636
11871	AT4G29360	14451351	14453982	2631
11872	AT4G29400	14466267	14468267	2000
11873	AT4G29410	14468205	14470197	1992
11874	AT4G29440	14473757	14477963	4206
11875	AT4G29450	14478749	14482626	3877
11876	AT4G29480	14485875	14487804	1929
11877	AT4G29490	14487883	14491620	3737
11878	AT4G29548	14501976	14502191	215
11879	AT4G29560	14503873	14506015	2142
11880	AT4G29580	14510147	14512488	2341
11881	AT4G29590	14511962	14514588	2626
11882	AT4G29630	14522569	14523240	671
11883	AT4G29680	14537638	14539842	2204
11884	AT4G29700	14543138	14545310	2172
11885	AT4G29750	14569665	14573177	3512
11886	AT4G29770	14575718	14577643	1925
11887	AT4G29780	14579563	14582057	2494
11888	AT4G29790	14582791	14590575	7784
11889	AT4G29890	14608833	14610998	2165
11890	AT4G29920	14632413	14636101	3688
11891	AT4G29930	14643994	14647637	3643
11892	AT4G29950	14656954	14660573	3619
11893	AT4G29980	14664941	14665583	642
11894	AT4G29990	14665684	14670030	4346
11895	AT4G30000	14670156	14672669	2513
11896	AT4G30020	14677141	14681961	4820
11897	AT4G30060	14688991	14692553	3562
11898	AT4G30080	14703065	14706354	3289
11899	AT4G30090	14708624	14711685	3061
11900	AT4G30097	14713518	14713661	143
11901	AT4G30130	14734455	14738335	3880
11902	AT4G30150	14742292	14750042	7750
11903	AT4G30240	14807889	14810075	2186
11904	AT4G30250	14810936	14813107	2171
11905	AT4G30260	14816575	14819084	2509
11906	AT4G30310	14831738	14835343	3605
11907	AT4G30350	14847583	14851248	3665
11908	AT4G30380	14860480	14861239	759
11909	AT4G30400	14866763	14868704	1941
11910	AT4G30470	14894073	14896844	2771
11911	AT4G30490	14899034	14902144	3110
11912	AT4G30600	14937840	14941208	3368
11913	AT4G30630	14950320	14952446	2126
11914	AT4G30730	14976418	14976940	522
11915	AT4G30780	14990286	14993085	2799
11916	AT4G30790	14992396	14998649	6253
11917	AT4G30820	15006485	15008650	2165
11918	AT4G30825	15009471	15012588	3117
11919	AT4G30830	15015236	15017365	2129
11920	AT4G30840	15017472	15019771	2299
11921	AT4G30900	15039336	15042401	3065
11922	AT4G30910	15042357	15045344	2987
11923	AT4G30940	15054873	15056945	2072
11924	AT4G30993	15098041	15100783	2742
11925	AT4G31000	15103120	15105979	2859
11926	AT4G31010	15106558	15108636	2078
11927	AT4G31020	15108101	15110289	2188
11928	AT4G31040	15111477	15114126	2649
11929	AT4G31070	15117756	15120608	2852
11930	AT4G31080	15120824	15123527	2703
11931	AT4G31100	15123763	15126884	3121
11932	AT4G31110	15127045	15130021	2976
11933	AT4G31115	15130075	15132035	1960
11934	AT4G31130	15136909	15138871	1962
11935	AT4G31140	15141068	15143391	2323
11936	AT4G31150	15143217	15145640	2423
11937	AT4G31170	15153154	15155742	2588
11938	AT4G31180	15155751	15159594	3843
11939	AT5G62960	25268950	25271823	2873
11940	AT4G31200	15161600	15164936	3336
11941	AT4G31210	15165125	15172807	7682
11942	AT4G31230	15172232	15176292	4060
11943	AT4G31240	15176455	15178849	2394
11944	AT4G31250	15178925	15181937	3012
11945	AT4G31300	15188744	15191217	2473
11946	AT4G31280	15185801	15186005	204
11947	AT4G31290	15185775	15188484	2709
11948	AT4G31340	15205437	15209604	4167
11949	AT4G31350	15212429	15216029	3600
11950	AT4G31354	15218069	15220811	2742
11951	AT4G31410	15243723	15245838	2115
11952	AT4G31420	15245813	15248058	2245
11953	AT4G31430	15248377	15252837	4460
11954	AT4G31450	15255576	15258882	3306
11955	AT4G31480	15263016	15267891	4875
11956	AT4G31490	15268446	15273230	4784
11957	AT4G31520	15278092	15282014	3922
11958	AT4G31530	15282230	15287390	5160
11959	AT4G31620	15322395	15324720	2325
11960	AT4G31570	15296386	15306480	10094
11961	AT4G31615	15320026	15322311	2285
11962	AT4G31650	15330993	15333553	2560
11963	AT4G31810	15386788	15390430	3642
11964	AT4G31860	15406439	15409056	2617
11965	AT4G31870	15410078	15412486	2408
11966	AT4G31880	15418947	15424311	5364
11967	AT4G31890	15425886	15429225	3339
11968	AT4G31980	15464642	15469204	4562
11969	AT4G32000	15473898	15476990	3092
11970	AT4G32020	15487914	15490048	2134
11971	AT4G32030	15490566	15493436	2870
11972	AT4G32050	15496520	15500926	4406
11973	AT4G32060	15500926	15503593	2667
11974	AT4G32100	15511757	15512218	461
11975	AT4G32120	15516776	15519996	3220
11976	AT4G32130	15520025	15522695	2670
11977	AT4G32140	15522788	15525536	2748
11978	AT4G32160	15528425	15533279	4854
11979	AT4G32175	15535434	15537602	2168
11980	AT4G32190	15544800	15547857	3057
11981	AT4G32250	15570044	15573402	3358
11982	AT4G32272	15576763	15579896	3133
11983	AT4G32285	15585443	15588089	2646
11984	AT4G32330	15608905	15612339	3434
11985	AT4G32340	15612337	15614544	2207
11986	AT4G32350	15617361	15621062	3701
11987	AT4G32360	15621075	15625003	3928
11988	AT4G32370	15625558	15627517	1959
11989	AT4G32375	15629115	15631690	2575
11990	AT4G32380	15632712	15635494	2782
11991	AT4G32420	15647249	15652756	5507
11992	AT4G32430	15652775	15655531	2756
11993	AT4G32440	15656681	15660223	3542
11994	AT4G32460	15662266	15665032	2766
11995	AT4G32470	15669219	15671249	2030
11996	AT4G32510	15685379	15689293	3914
11997	AT4G32530	15693114	15695283	2169
11998	AT4G32560	15713736	15716659	2923
11999	AT5G62998	25279882	25279995	113
12000	AT4G32600	15723345	15726141	2796
12001	AT4G32610	15728084	15730433	2349
12002	AT4G32620	15731443	15737807	6364
12003	AT4G32630	15737918	15741741	3823
12004	AT4G32640	15742001	15750862	8861
12005	AT4G32670	15759243	15763113	3870
12006	AT4G32680	15763237	15765169	1932
12007	AT4G32700	15767185	15779697	12512
12008	AT4G32750	15795901	15798254	2353
12009	AT4G32760	15799077	15804199	5122
12010	AT4G32780	15808852	15811926	3074
12011	AT5G63020	25283063	25286121	3058
12012	AT4G32790	15811974	15815025	3051
12013	AT4G32820	15831163	15841656	10493
12014	AT5G63040	25288146	25290420	2274
12015	AT4G32900	15878569	15881082	2513
12016	AT4G32920	15887270	15896345	9075
12017	AT4G32950	15904082	15906099	2017
12018	AT4G32970	15910345	15914356	4011
12019	AT4G32990	15920230	15923010	2780
12020	AT4G33070	15952257	15954803	2546
12021	AT4G33080	15959906	15964819	4913
12022	AT4G33110	15972323	15974797	2474
12023	AT4G33120	15975343	15978136	2793
12024	AT4G33140	15981391	15984352	2961
12025	AT4G33150	15985174	15991633	6459
12026	AT4G33170	15995701	15998796	3095
12027	AT4G33180	16000015	16002269	2254
12028	AT4G33230	16026315	16028879	2564
12029	AT4G33280	16047134	16049390	2256
12030	AT4G33310	16056156	16056416	260
12031	AT4G33380	16071740	16074994	3254
12032	AT4G33390	16075091	16077876	2785
12033	AT4G33400	16077898	16080721	2823
12034	AT4G33440	16091535	16094965	3430
12035	AT4G33470	16102595	16105550	2955
12036	AT4G33480	16105570	16108646	3076
12037	AT4G33490	16108643	16110877	2234
12038	AT4G33500	16112624	16116383	3759
12039	AT4G33540	16130593	16133969	3376
12040	AT5G63960	25599514	25606841	7327
12041	AT5G63990	25613096	25615901	2805
12042	AT5G64010	25618606	25620223	1617
12043	AT5G64030	25623952	25628559	4607
12044	AT5G64090	25647913	25649768	1855
12045	AT5G64110	25654074	25656067	1993
12046	AT5G64130	25664290	25666393	2103
12047	AT5G64150	25668755	25671218	2463
12048	AT5G64160	25670930	25672710	1780
12049	AT5G64170	25672466	25676823	4357
12050	AT5G64180	25677072	25678702	1630
12051	AT5G64190	25679425	25681265	1840
12052	AT5G64220	25686193	25692339	6146
12053	AT5G64230	25692425	25694137	1712
12054	AT5G64270	25706608	25711355	4747
12055	AT5G64320	25723049	25725534	2485
12056	AT5G64360	25736171	25738676	2505
12057	AT5G64340	25730335	25733313	2978
12058	AT5G64380	25741238	25743198	1960
12059	AT5G64395	25748202	25748297	95
12060	AT5G64400	25747856	25750830	2974
12061	AT5G64401	25750441	25750602	161
12062	AT5G64420	25756272	25761516	5244
12063	AT5G64430	25762160	25764420	2260
12064	AT5G64450	25771949	25772761	812
12065	AT5G64460	25772848	25775635	2787
12066	AT5G64480	25778030	25778992	962
12067	AT5G64490	25779225	25780308	1083
12068	AT5G64500	25780382	25783753	3371
12069	AT5G64540	25798697	25801302	2605
12070	AT5G64550	25801528	25804980	3452
12071	AT5G64590	25822332	25823201	869
12072	AT5G64600	25824997	25828185	3188
12073	AT5G64640	25836514	25839220	2706
12074	AT5G64650	25839244	25841023	1779
12075	AT5G64687	25858584	25861909	3325
12076	AT5G64690	25862715	25864792	2077
12077	AT5G64710	25869222	25872269	3047
12078	AT5G64730	25873101	25875293	2192
12079	AT5G64780	25900412	25902127	1715
12080	AT5G64790	25902533	25904804	2271
12081	AT5G64816	25912969	25914027	1058
12082	AT5G64820	25913999	25914523	524
12083	AT5G64830	25914567	25916652	2085
12084	AT5G64850	25921402	25923418	2016
12085	AT5G64870	25929432	25931384	1952
12086	AT5G64880	25932102	25934156	2054
12087	AT5G64910	25940661	25944114	3453
12088	AT5G64940	25948954	25953823	4869
12089	AT5G64950	25953844	25955202	1358
12090	AT5G64960	25955374	25958995	3621
12091	AT5G64970	25958025	25960663	2638
12092	AT5G64980	25960732	25963258	2526
12093	AT5G65000	25964929	25967449	2520
12094	AT5G65005	25967824	25968638	814
12095	AT5G65030	25975697	25976356	659
12096	AT5G65040	25977495	25978439	944
12097	AT5G65100	26006835	26008535	1700
12098	AT5G65120	26012775	26014739	1964
12099	AT5G65130	26017185	26018349	1164
12100	AT5G65160	26031184	26034030	2846
12101	AT5G65170	26041045	26043267	2222
12102	AT5G65180	26045327	26048031	2704
12103	AT5G65205	26050790	26052207	1417
12104	AT5G65207	26052200	26052717	517
12105	AT5G65220	26061165	26062682	1517
12106	AT5G65225	26062874	26068168	5294
12107	AT5G65240	26073671	26078259	4588
12108	AT5G65250	26078492	26080209	1717
12109	AT5G65260	26080222	26083066	2844
12110	AT5G65290	26089436	26094564	5128
12111	AT5G65300	26095143	26096114	971
12112	AT5G65320	26107169	26108726	1557
12113	AT5G65380	26122937	26126560	3623
12114	AT5G65400	26131283	26133310	2027
12115	AT5G65440	26151333	26157099	5766
12116	AT5G65470	26172009	26175132	3123
12117	AT5G65480	26176021	26177917	1896
12118	AT5G65490	26177800	26180316	2516
12119	AT5G65495	26180421	26181069	648
12120	AT5G65500	26181093	26184110	3017
12121	AT5G65520	26189716	26190591	875
12122	AT5G65530	26190592	26193237	2645
12123	AT5G65540	26195689	26198322	2633
12124	AT5G65560	26200014	26203813	3799
12125	AT5G65570	26203968	26206667	2699
12126	AT5G65580	26207654	26207962	308
12127	AT5G65600	26215991	26218623	2632
12128	AT5G65609	26218332	26219345	1013
12129	AT5G65610	26219442	26221028	1586
12130	AT5G65613	26220644	26220985	341
12131	AT5G65620	26221829	26225903	4074
12132	AT5G65650	26239413	26241517	2104
12133	AT5G65660	26245134	26246960	1826
12134	AT5G65685	26273034	26278112	5078
12135	AT5G65687	26269808	26273000	3192
12136	AT5G65740	26301438	26303514	2076
12137	AT5G65750	26303673	26308237	4564
12138	AT5G65760	26308220	26311037	2817
12139	AT5G65820	26339876	26341789	1913
12140	AT5G65840	26343728	26346123	2395
12141	AT5G65850	26346266	26347610	1344
12142	AT5G65900	26358161	26361443	3282
12143	AT5G65910	26361420	26363488	2068
12144	AT5G65920	26363709	26366065	2356
12145	AT5G65925	26369045	26369854	809
12146	AT5G65950	26380123	26385335	5212
12147	AT5G65960	26385348	26387447	2099
12148	AT5G65980	26392336	26394768	2432
12149	AT5G65990	26394823	26396513	1690
12150	AT5G66000	26396467	26397515	1048
12151	AT5G66010	26399432	26401050	1618
12152	AT5G66050	26411796	26414609	2813
12153	AT5G66052	26416126	26416924	798
12154	AT5G66053	26416661	26416807	146
12155	AT5G66060	26419378	26421642	2264
12156	AT5G66070	26421610	26423240	1630
12157	AT5G66100	26427186	26430108	2922
12158	AT5G66080	26423244	26425448	2204
12159	AT5G66090	26425680	26427172	1492
12160	AT5G66120	26431376	26433900	2524
12161	AT5G66150	26438839	26444434	5595
12162	AT5G66180	26448938	26451154	2216
12163	AT5G66220	26461177	26462174	997
12164	AT5G66230	26461152	26464171	3019
12165	AT5G66240	26466172	26468484	2312
12166	AT5G66250	26468532	26470556	2024
12167	AT5G66260	26471224	26471786	562
12168	AT5G66270	26473086	26475839	2753
12169	AT5G66290	26477296	26479590	2294
12170	AT5G66310	26485666	26491721	6055
12171	AT5G66330	26500402	26501955	1553
12172	AT5G66335	26501531	26501965	434
12173	AT5G66340	26502502	26503338	836
12174	AT5G66370	26512200	26512824	624
12175	AT5G66420	26521674	26525177	3503
12176	AT5G66470	26541562	26544359	2797
12177	AT5G66480	26544541	26547000	2459
12178	AT5G66490	26547227	26547793	566
12179	AT5G66500	26547995	26549681	1686
12180	AT5G66520	26551784	26553741	1957
12181	AT5G66530	26551755	26555886	4131
12182	AT5G66540	26556275	26559452	3177
12183	AT5G66550	26559584	26561468	1884
12184	AT5G66560	26564188	26566853	2665
12185	AT5G66595	26581123	26583426	2303
12186	AT5G66600	26574987	26579756	4769
12187	AT5G66607	26583431	26583756	325
12188	AT5G66631	26596207	26598302	2095
12189	AT5G66650	26603003	26607012	4009
12190	AT5G66658	26608119	26609009	890
12191	AT5G66660	26609144	26610615	1471
12192	AT5G66670	26611258	26613348	2090
12193	AT5G66675	26614809	26617034	2225
12194	AT5G66710	26636589	26638794	2205
12195	AT5G66720	26638790	26640912	2122
12196	AT5G66770	26660311	26662919	2608
12197	AT5G66780	26663500	26664436	936
12198	AT5G66790	26664842	26667809	2967
12199	AT5G66800	26671273	26672584	1311
12200	AT5G66810	26672873	26676672	3799
12201	AT5G66815	26677365	26678002	637
12202	AT5G66816	26681351	26681950	599
12203	AT5G66820	26688943	26691180	2237
12204	AT5G66840	26692702	26695384	2682
12205	AT5G66860	26700986	26702702	1716
12206	AT5G66900	26714723	26717958	3235
12207	AT5G66910	26718130	26721377	3247
12208	AT5G66930	26725839	26727758	1919
12209	AT5G66940	26727819	26728715	896
12210	AT5G66950	26732795	26736175	3380
12211	AT5G66960	26736209	26739560	3351
12212	AT5G67010	26749058	26749616	558
12213	AT5G67020	26749826	26751339	1513
12214	AT5G67040	26757896	26758475	579
12215	AT5G67050	26759378	26761197	1819
12216	AT5G67090	26773939	26776391	2452
12217	AT5G67120	26787809	26789745	1936
12218	AT5G67130	26791299	26793882	2583
12219	AT5G67140	26793880	26795369	1489
12220	AT5G67150	26795770	26797397	1627
12221	AT5G67170	26799738	26802067	2329
12222	AT5G67200	26813670	26816761	3091
12223	AT5G67245	26829150	26829846	696
12224	AT5G67265	26839378	26839998	620
12225	AT5G67290	26848127	26850040	1913
12226	AT5G67340	26864395	26867847	3452
12227	AT5G67350	26868290	26869719	1429
12228	AT5G67385	26883663	26887430	3767
12229	AT5G67390	26887611	26889367	1756
12230	AT5G67410	26896485	26898016	1531
12231	AT5G67460	26921584	26923488	1904
12232	AT5G67490	26934153	26934952	799
12233	AT5G67510	26937621	26938498	877
12234	AT5G67540	26944028	26946377	2349
12235	AT5G67550	26946732	26949184	2452
12236	AT5G67610	26960904	26963736	2832
12237	AT5G67620	26964551	26966010	1459
12238	AT5G67630	26967378	26969400	2022
12239	AT5G63060	25294954	25296896	1942
12240	AT5G63063	25297420	25298206	786
12241	AT5G63080	25299933	25302476	2543
12242	AT5G63070	25299178	25299673	495
12243	AT5G63085	25302814	25303355	541
12244	AT5G63087	25304750	25305371	621
12245	AT5G63100	25314104	25315533	1429
12246	ATCG00670	69910	71882	1972
12247	AT5G63130	25322975	25324739	1764
12248	AT5G63135	25324754	25326479	1725
12249	AT5G63150	25330125	25330907	782
12250	AT5G63170	25338699	25340096	1397
12251	AT5G63190	25345542	25348800	3258
12252	AT5G63220	25353018	25355535	2517
12253	AT5G63225	25356133	25356767	634
12254	AT5G63230	25357360	25357822	462
12255	AT5G63240	25358968	25359565	597
12256	AT5G63250	25360121	25360695	574
12257	AT5G63260	25361713	25364882	3169
12258	AT5G63270	25365230	25366012	782
12259	AT5G63290	25369245	25370940	1695
12260	AT5G63300	25371091	25372017	926
12261	AT5G01010	995	5156	4161
12262	AT5G01015	5256	5907	651
12263	AT5G01017	5339	5593	254
12264	AT5G01030	9780	13235	3455
12265	AT5G01050	18086	20887	2801
12266	AT5G01070	25012	25908	896
12267	AT5G01075	26848	27504	656
12268	AT5G01080	28532	29086	554
12269	AT5G01090	32780	34376	1596
12270	AT5G01120	44810	47206	2396
12271	AT5G01130	47570	49512	1942
12272	AT5G01140	49891	51437	1546
12273	AT5G01150	51975	53817	1842
12274	AT5G01160	53856	56052	2196
12275	AT5G01280	113921	116411	2490
12276	AT5G01290	117297	121569	4272
12277	AT5G01200	76872	78543	1671
12278	AT5G01210	84474	86275	1801
12279	AT5G01225	91786	92438	652
12280	AT5G01250	102176	103770	1594
12281	AT5G01881	339838	340266	428
12282	AT5G01300	121483	122525	1042
12283	AT5G01305	125304	125819	515
12284	AT5G01320	129263	131687	2424
12285	AT5G01350	145387	147356	1969
12286	AT5G01380	155610	157601	1991
12287	AT5G01390	160158	162354	2196
12288	AT5G01420	174779	176269	1490
12289	AT5G01895	343277	343910	633
12290	AT5G01440	179822	181321	1499
12291	AT5G01445	181821	182581	760
12292	AT5G01460	186654	190661	4007
12293	AT5G01480	192749	194805	2056
12294	AT5G01570	220974	222798	1824
12295	AT5G01610	230829	232216	1387
12296	AT5G01560	218029	221198	3169
12297	AT5G01650	242450	244111	1661
12298	AT5G01670	251686	253972	2286
12299	AT5G01700	260723	263451	2728
12300	AT5G01710	263511	265633	2122
12301	AT5G01720	266278	270646	4368
12302	AT5G63340	25378894	25379674	780
12303	AT5G63350	25379931	25381317	1386
12304	AT5G01740	280674	281532	858
12305	AT5G01880	338896	340253	1357
12306	AT5G01750	289717	291604	1887
12307	AT5G01780	302098	304279	2181
12308	AT5G01790	304677	305912	1235
12309	AT5G01850	332330	334543	2213
12310	AT5G01860	335630	336277	647
12311	AT5G01870	337128	337914	786
12312	AT5G01910	357675	358962	1287
12313	AT5G01940	363213	364891	1678
12314	AT5G01980	375208	377603	2395
12315	AT5G01990	377231	379911	2680
12316	AT5G02000	379925	380629	704
12317	AT5G02050	402979	404346	1367
12318	AT5G02060	404465	405947	1482
12319	AT5G02065	405869	408334	2465
12320	AT5G02070	405895	408220	2325
12321	AT5G02080	409699	411770	2071
12322	AT5G02090	411981	412919	938
12323	AT5G02140	423202	424437	1235
12324	AT5G02160	426226	427461	1235
12325	AT5G02180	430858	433821	2963
12326	AT5G02210	439253	439874	621
12327	AT5G02220	441452	442187	735
12328	AT5G02280	469298	470285	987
12329	AT5G07080	2200174	2202158	1984
12330	AT5G02340	492255	494150	1895
12331	AT5G02290	470182	472907	2725
12332	AT5G02360	500626	502329	1703
12333	AT5G02370	503408	505982	2574
12334	AT5G02420	523257	524076	819
12335	AT5G02440	531028	532938	1910
12336	AT5G02450	533058	534729	1671
12337	AT5G02460	539249	541316	2067
12338	AT5G02502	558285	559235	950
12339	AT5G02510	559413	561033	1620
12340	AT5G02640	594123	595056	933
12341	AT5G02660	600499	602658	2159
12342	AT5G02670	602722	604682	1960
12343	AT5G02680	604918	608193	3275
12344	AT5G02530	564085	565925	1840
12345	AT5G02550	572970	573634	664
12346	AT5G02570	576655	577176	521
12347	AT5G02580	579744	580792	1048
12348	AT5G02590	583050	584179	1129
12349	AT5G02610	587392	588859	1467
12350	AT5G02690	607190	607704	514
12351	AT5G02700	609381	611747	2366
12352	AT5G02710	612463	614562	2099
12353	AT5G02720	613482	615091	1609
12354	AT5G02730	615550	616227	677
12355	AT5G02760	625254	627124	1870
12356	AT5G02830	644279	648538	4259
12357	AT5G02850	652048	653763	1715
12358	AT5G02870	657675	659800	2125
12359	AT5G02890	669990	671687	1697
12360	AT5G02910	677031	679263	2232
12361	AT5G02920	680492	681777	1285
12362	AT5G02930	682411	684480	2069
12363	AT5G02940	684474	689955	5481
12364	AT5G02960	693079	694515	1436
12365	AT5G02980	697993	699000	1007
12366	AT5G07710	2453025	2455546	2521
12367	AT5G02990	700169	700951	782
12368	AT5G02995	701688	702630	942
12369	AT5G03000	703268	704437	1169
12370	AT5G03010	704584	705656	1072
12371	AT5G03020	707205	708396	1191
12372	AT5G03030	708318	709734	1416
12373	AT5G03060	716466	718014	1548
12374	AT5G03090	725281	725962	681
12375	AT5G03110	730127	731462	1335
12376	AT5G03120	733887	735381	1494
12377	AT5G03130	735867	736958	1091
12378	AT5G03140	737468	740319	2851
12379	AT5G03180	753840	756646	2806
12380	AT5G03204	762044	762507	463
12381	AT5G03220	767435	768917	1482
12382	AT5G03230	769438	770563	1125
12383	AT5G03310	799224	799706	482
12384	AT5G03320	801947	804448	2501
12385	AT5G03330	806964	810401	3437
12386	AT5G03345	814004	815659	1655
12387	AT5G03350	815610	816670	1060
12388	AT5G03355	817835	820008	2173
12389	AT5G03360	822077	825184	3107
12390	AT5G03370	825537	827502	1965
12391	AT5G03380	832035	834549	2514
12392	AT5G04420	1246604	1249943	3339
12393	AT5G04460	1259435	1264025	4590
12394	AT5G03390	834859	836751	1892
12395	AT5G03400	837919	839202	1283
12396	AT5G03406	839754	841900	2146
12397	AT5G03420	845601	848914	3313
12398	AT5G03430	848864	853146	4282
12399	AT5G03435	853293	855955	2662
12400	AT5G03440	856815	858444	1629
12401	AT5G03450	858735	862345	3610
12402	AT5G03460	864261	865794	1533
12403	AT5G03480	869059	870855	1796
12404	AT5G03490	871204	873072	1868
12405	AT5G03495	873293	875251	1958
12406	AT5G03510	880148	881347	1199
12407	AT5G03545	894582	895517	935
12408	AT5G03550	895655	896433	778
12409	AT5G03553	896846	897746	900
12410	AT5G03560	900315	902770	2455
12411	AT5G03580	906682	907440	758
12412	AT5G03610	915385	918485	3100
12413	AT5G03640	927136	930921	3785
12414	AT5G03700	965562	967432	1870
12415	AT5G03710	970923	971627	704
12416	AT5G03795	1007390	1010613	3223
12417	AT5G03810	1013939	1015345	1406
12418	AT5G03820	1015586	1017514	1928
12419	AT5G03850	1027887	1029131	1244
12420	AT5G03870	1035578	1037370	1792
12421	AT5G03880	1038381	1041480	3099
12422	AT5G04475	1267020	1267357	337
12423	AT5G03885	1041881	1043519	1638
12424	AT5G03890	1046981	1047955	974
12425	AT5G03900	1048162	1052439	4277
12426	AT5G03905	1052580	1054274	1694
12427	AT5G03920	1058146	1058769	623
12428	AT5G03930	1059504	1060154	650
12429	AT5G04480	1271505	1278102	6597
12430	AT5G03980	1074205	1075289	1084
12431	AT5G03990	1075671	1077549	1878
12432	AT5G03995	1077483	1078304	821
12433	AT5G04000	1079033	1079899	866
12434	AT5G04010	1080105	1081096	991
12435	AT5G04030	1088462	1088692	230
12436	AT5G04045	1093679	1094230	551
12437	AT5G04047	1095030	1095702	672
12438	AT5G04050	1096016	1099042	3026
12439	AT5G04060	1099029	1102058	3029
12440	AT5G04070	1102071	1104446	2375
12441	AT5G04080	1104524	1105398	874
12442	AT5G04120	1119937	1121813	1876
12443	AT5G04210	1155049	1155724	675
12444	AT5G04238	1169217	1169411	194
12445	AT5G04250	1176005	1179008	3003
12446	AT5G04267	1182025	1182294	269
12447	AT5G04270	1182626	1184863	2237
12448	AT5G04347	1219777	1220612	835
12449	AT5G04350	1220829	1221269	440
12450	AT5G04380	1234712	1236391	1679
12451	AT5G04390	1238820	1240517	1697
12452	AT5G04395	1241555	1242374	819
12453	AT5G04520	1289885	1291104	1219
12454	AT5G04600	1323574	1326984	3410
12455	AT5G04610	1325588	1326928	1340
12456	AT5G04670	1335873	1341534	5661
12457	AT5G04680	1345688	1348895	3207
12458	AT5G04730	1363965	1367451	3486
12459	AT5G04750	1372134	1373619	1485
12460	AT5G04760	1373530	1374787	1257
12461	AT5G04790	1388155	1388319	164
12462	AT5G04800	1387909	1389887	1978
12463	AT5G04810	1389979	1393997	4018
12464	AT5G04830	1401983	1404136	2153
12465	AT5G04853	1410527	1410703	176
12466	AT5G04885	1422634	1426879	4245
12467	AT5G08230	2641394	2650125	8731
12468	AT5G04910	1437563	1438978	1415
12469	AT5G04937	1452440	1453521	1081
12470	AT5G04960	1461786	1464066	2280
12471	AT5G04970	1464079	1467161	3082
12472	AT5G04980	1468227	1471071	2844
12473	AT5G05020	1480772	1481636	864
12474	AT5G05030	1484177	1486065	1888
12475	AT5G08695	2829193	2834695	5502
12476	AT5G05040	1487129	1487968	839
12477	AT5G05050	1491639	1493457	1818
12478	AT5G05060	1493719	1495136	1417
12479	AT5G05070	1496709	1498544	1835
12480	AT5G05085	1503155	1504510	1355
12481	AT5G05090	1503232	1504494	1262
12482	AT5G05110	1507418	1508927	1509
12483	AT5G05113	1509628	1509990	362
12484	AT5G05120	1511232	1511837	605
12485	AT5G05130	1512082	1515166	3084
12486	AT5G05140	1519705	1523137	3432
12487	AT5G63390	25390249	25392684	2435
12488	AT5G05220	1550251	1551022	771
12489	AT5G05250	1556987	1558486	1499
12490	AT5G05280	1565447	1566391	944
12491	AT5G05285	1565963	1566167	204
12492	AT5G05300	1569855	1570609	754
12493	AT5G05320	1574862	1576731	1869
12494	AT5G05330	1576982	1578768	1786
12495	AT5G05350	1585249	1587517	2268
12496	AT5G05360	1588277	1589643	1366
12497	AT5G05365	1590036	1590861	825
12498	AT5G05370	1590797	1591939	1142
12499	AT5G05400	1597351	1601255	3904
12500	AT5G05420	1604040	1604823	783
12501	AT5G05430	1605275	1606712	1437
12502	AT5G05480	1622172	1624270	2098
12503	AT5G05510	1630559	1632739	2180
12504	AT5G05520	1632799	1635416	2617
12505	AT5G05530	1635478	1636278	800
12506	AT5G05550	1639000	1640960	1960
12507	AT5G05635	1684554	1684808	254
12508	AT5G05640	1684566	1685812	1246
12509	AT5G05650	1686532	1686909	377
12510	AT5G05653	1688371	1689568	1197
12511	AT5G05657	1688990	1689571	581
12512	AT5G05675	1695898	1696129	231
12513	AT5G05710	1715780	1716549	769
12514	AT5G05735	1719966	1720166	200
12515	AT5G05750	1727368	1728933	1565
12516	AT5G05790	1740523	1742186	1663
12517	AT5G09225	2869266	2871322	2056
12518	AT5G05830	1755669	1757085	1416
12519	AT5G05840	1757065	1760666	3601
12520	AT5G05880	1769527	1771737	2210
12521	AT5G05890	1772415	1774187	1772
12522	AT5G05900	1774335	1776492	2157
12523	AT5G05910	1776858	1777313	455
12524	AT5G05960	1789538	1790833	1295
12525	AT5G05965	1790788	1792634	1846
12526	AT5G05990	1806761	1807919	1158
12527	AT5G06010	1809865	1810281	416
12528	AT5G06020	1811938	1812393	455
12529	AT5G06040	1815128	1816037	909
12530	AT5G06043	1817137	1817505	368
12531	AT5G06050	1820117	1823862	3745
12532	AT5G63410	25394938	25398282	3344
12533	AT5G06130	1853432	1855978	2546
12534	AT5G06180	1873116	1876059	2943
12535	AT5G06090	1835047	1837037	1990
12536	AT5G06190	1875789	1876782	993
12537	AT5G06210	1878449	1879875	1426
12538	AT5G06220	1879902	1885643	5741
12539	AT5G06265	1905042	1908332	3290
12540	AT5G06270	1912013	1913728	1715
12541	AT5G06280	1917641	1918993	1352
12542	AT5G06330	1933890	1935840	1950
12543	AT5G06350	1938412	1944366	5954
12544	AT5G06370	1947005	1948612	1607
12545	AT5G06380	1949315	1950282	967
12546	AT5G06410	1959367	1961158	1791
12547	AT5G06420	1960681	1963040	2359
12548	AT5G06430	1963072	1964467	1395
12549	AT5G06440	1964420	1967500	3080
12550	AT5G06450	1967638	1969287	1649
12551	AT5G06470	1974535	1975530	995
12552	AT5G06480	1975947	1977377	1430
12553	AT5G06490	1977776	1978987	1211
12554	AT5G06550	2001071	2003112	2041
12555	AT5G06560	2003304	2006347	3043
12556	AT5G06570	2007419	2011179	3760
12557	AT5G06580	2011245	2016583	5338
12558	AT5G06590	2016566	2018968	2402
12559	AT5G06610	2029793	2033723	3930
12560	AT5G06630	2036312	2037855	1543
12561	AT5G06645	2040833	2041524	691
12562	AT5G06660	2046785	2047961	1176
12563	AT5G06670	2048093	2055615	7522
12564	AT5G06730	2079925	2081685	1760
12565	AT5G06740	2083964	2086218	2254
12566	AT5G06750	2086266	2088997	2731
12567	AT5G06755	2088847	2089287	440
12568	AT5G06790	2097669	2099055	1386
12569	AT5G06810	2108493	2110259	1766
12570	AT5G06811	2110496	2112256	1760
12571	AT5G06830	2116509	2119640	3131
12572	AT5G06990	2169425	2170606	1181
12573	AT5G07020	2180501	2182538	2037
12574	AT5G07030	2183328	2185972	2644
12575	AT5G07040	2190247	2191266	1019
12576	AT5G07090	2202364	2204150	1786
12577	AT5G07150	2215627	2218171	2544
12578	AT5G07160	2219971	2220709	738
12579	AT5G07165	2221795	2222603	808
12580	AT5G07175	2225141	2226300	1159
12581	AT5G07225	2268621	2270227	1606
12582	AT5G07230	2270948	2271610	662
12583	AT5G07310	2305551	2306837	1286
12584	AT5G07330	2315947	2316874	927
12585	AT5G07380	2332436	2336063	3627
12586	AT5G07410	2345758	2347565	1807
12587	AT5G07430	2352436	2354338	1902
12588	AT5G07475	2364706	2365605	899
12589	AT5G07490	2370133	2371326	1193
12590	AT5G07545	2386090	2386128	38
12591	AT5G07571	2396432	2397423	991
12592	AT5G07572	2396708	2397548	840
12593	AT5G07580	2399726	2400349	623
12594	AT5G07600	2404539	2405557	1018
12595	AT5G07610	2406068	2407330	1262
12596	AT5G07620	2407401	2409259	1858
12597	AT5G07630	2410703	2414750	4047
12598	AT5G07640	2414823	2416299	1476
12599	AT5G07730	2457347	2458502	1155
12600	AT5G07770	2474059	2479466	5407
12601	AT5G07790	2483123	2486531	3408
12602	AT5G07810	2491200	2498542	7342
12603	AT5G07850	2508883	2510503	1620
12604	AT5G07860	2511357	2513176	1819
12605	AT5G07870	2513792	2515731	1939
12606	AT5G07890	2517306	2520041	2735
12607	AT5G07900	2520164	2521546	1382
12608	AT5G07910	2521534	2524390	2856
12609	AT5G07940	2533581	2540421	6840
12610	AT5G07950	2540284	2542136	1852
12611	AT5G07960	2542246	2543646	1400
12612	AT5G08005	2565753	2567385	1632
12613	AT5G08050	2578211	2579205	994
12614	AT5G08055	2579401	2579802	401
12615	AT5G08060	2580422	2582817	2395
12616	AT5G08090	2591711	2592899	1188
12617	AT5G08139	2616134	2617951	1817
12618	AT5G08240	2650837	2652535	1698
12619	AT5G08250	2653554	2655870	2316
12620	AT5G08270	2661642	2663627	1985
12621	AT5G08305	2669944	2671782	1838
12622	AT5G08315	2676021	2676713	692
12623	AT5G08320	2677037	2678819	1782
12624	AT5G11730	3780302	3782793	2491
12625	AT5G08350	2685712	2687476	1764
12626	AT5G08360	2689540	2690974	1434
12627	AT5G08391	2699158	2699784	626
12628	AT5G08420	2713347	2716328	2981
12629	AT5G08430	2716313	2720442	4129
12630	AT5G08440	2720626	2727167	6541
12631	AT5G08450	2727613	2732925	5312
12632	AT5G08460	2733220	2735455	2235
12633	AT5G63460	25413286	25415592	2306
12634	AT5G08480	2743319	2745111	1792
12635	AT5G08505	2752025	2752356	331
12636	AT5G08535	2762029	2763453	1424
12637	AT5G08565	2775897	2777474	1577
12638	AT5G08570	2778000	2780581	2581
12639	AT5G08630	2798010	2803205	5195
12640	AT5G08690	2825661	2828806	3145
12641	AT5G08760	2854857	2855617	760
12642	AT5G08770	2855638	2856567	929
12643	AT5G09210	2862383	2865359	2976
12644	AT5G09240	2873660	2874989	1329
12645	AT5G09280	2880423	2881597	1174
12646	AT5G09310	2886897	2888553	1656
12647	AT5G09315	2888659	2889953	1294
12648	AT5G09340	2896675	2896914	239
12649	AT5G09370	2909239	2910554	1315
12650	AT5G09430	2931963	2933423	1460
12651	AT5G12850	4056086	4059580	3494
12652	AT5G09445	2940676	2941597	921
12653	AT5G09450	2941798	2943668	1870
12654	AT5G09480	2950862	2951701	839
12655	AT5G11460	3656582	3659025	2443
12656	AT5G09490	2952216	2953245	1029
12657	AT5G09500	2953884	2954918	1034
12658	AT5G09510	2955008	2956683	1675
12659	AT5G10400	3270172	3270957	785
12660	AT5G09540	2962057	2963441	1384
12661	AT5G09560	2967170	2969491	2321
12662	AT5G09570	2970498	2972222	1724
12663	AT5G09580	2972639	2974776	2137
12664	AT5G09620	2983448	2985760	2312
12665	AT5G09630	2985766	2987699	1933
12666	AT5G09670	2995912	2998932	3020
12667	AT5G09711	3011010	3011147	137
12668	AT5G09720	3011614	3014552	2938
12669	AT5G09770	3035030	3036596	1566
12670	AT5G09780	3036956	3038614	1658
12671	AT5G09800	3042904	3044546	1642
12672	AT5G09820	3055618	3057578	1960
12673	AT5G11470	3662634	3668214	5580
12674	AT5G12043	3888549	3888894	345
12675	AT5G09830	3057603	3058825	1222
12676	AT5G09876	3079887	3080435	548
12677	AT5G09890	3085544	3089119	3575
12678	AT5G09910	3092733	3095156	2423
12679	AT5G09940	3101192	3101833	641
12680	AT5G09960	3106302	3107904	1602
12681	AT5G09976	3118939	3120041	1102
12682	AT5G09995	3125038	3126379	1341
12683	AT5G63480	25416833	25418635	1802
12684	AT5G10010	3127828	3131803	3975
12685	AT5G10040	3143723	3144157	434
12686	AT5G10050	3144200	3145760	1560
12687	AT5G10070	3148424	3150434	2010
12688	AT5G10080	3150586	3153494	2908
12689	AT5G10120	3169640	3171262	1622
12690	AT5G10130	3171266	3172701	1435
12691	AT5G10150	3181938	3184110	2172
12692	AT5G10160	3185734	3187312	1578
12693	AT5G10190	3198898	3201365	2467
12694	AT5G10200	3201496	3204764	3268
12695	AT5G10210	3206140	3207136	996
12696	AT5G10310	3241439	3242380	941
12697	AT5G10336	3251884	3252103	219
12698	AT5G10410	3271767	3273429	1662
12699	AT5G10435	3277589	3278173	584
12700	AT5G10460	3287750	3289948	2198
12701	AT5G10560	3336003	3339384	3381
12702	AT5G10625	3358787	3359817	1030
12703	AT5G10570	3341200	3343079	1879
12704	AT5G10620	3355006	3356686	1680
12705	AT5G10680	3373224	3374414	1190
12706	AT5G10690	3373640	3377579	3939
12707	AT5G10695	3377652	3378221	569
12708	AT5G10700	3378053	3378901	848
12709	AT5G10730	3390614	3393191	2577
12710	AT5G10750	3398790	3400281	1491
12711	AT5G11070	3516092	3517035	943
12712	AT5G11080	3517223	3520003	2780
12713	AT5G10780	3408209	3410076	1867
12714	AT5G10800	3412654	3418553	5899
12715	AT5G10830	3423381	3424720	1339
12716	AT5G10880	3432693	3433867	1174
12717	AT5G10890	3433742	3435287	1545
12718	AT5G10900	3435949	3439384	3435
12719	AT5G10910	3439553	3441744	2191
12720	AT5G10950	3459217	3461824	2607
12721	AT5G10970	3469268	3470086	818
12722	AT5G10980	3472405	3473570	1165
12723	AT5G10990	3476820	3477723	903
12724	AT5G11140	3545211	3546169	958
12725	AT5G11220	3577057	3577978	921
12726	AT5G11230	3580396	3582090	1694
12727	AT5G11250	3587978	3593271	5293
12728	AT5G11416	3642336	3643010	674
12729	AT5G11425	3647959	3648168	209
12730	AT5G11280	3597216	3598687	1471
12731	AT5G11290	3598926	3600549	1623
12732	AT5G11330	3617138	3618913	1775
12733	AT5G11340	3619152	3621511	2359
12734	AT5G11350	3621454	3625645	4191
12735	AT5G11360	3625570	3626735	1165
12736	AT5G11370	3627849	3629717	1868
12737	AT5G11400	3636614	3638059	1445
12738	AT5G11410	3638191	3639965	1774
12739	AT5G11412	3640026	3640876	850
12740	AT5G11550	3707961	3709403	1442
12741	AT5G11565	3714655	3714912	257
12742	AT5G11580	3718804	3721425	2621
12743	AT5G11450	3654392	3656647	2255
12744	AT5G11600	3733635	3735265	1630
12745	AT5G11620	3738729	3740164	1435
12746	AT5G11650	3744698	3747198	2500
12747	AT5G11660	3748880	3750317	1437
12748	AT5G11720	3776723	3780255	3532
12749	AT5G11760	3789259	3790573	1314
12750	AT5G11810	3808678	3810748	2070
12751	AT5G11820	3810649	3811280	631
12752	AT5G11830	3812520	3813044	524
12753	AT5G12400	4013424	4021591	8167
12754	AT5G11840	3813302	3814906	1604
12755	AT5G12410	4021815	4024218	2403
12756	AT5G11930	3844940	3845711	771
12757	AT5G11970	3862849	3863824	975
12758	AT5G11975	3863277	3863671	394
12759	AT5G11980	3868652	3872300	3648
12760	AT5G11990	3872563	3873349	786
12761	AT5G12050	3889906	3891514	1608
12762	AT5G12060	3894773	3895393	620
12763	AT5G12070	3896950	3897408	458
12764	AT5G12090	3909703	3910877	1174
12765	AT5G12190	3940481	3941436	955
12766	AT5G12220	3950133	3953150	3017
12767	AT5G12240	3958861	3961020	2159
12768	AT5G12440	4035181	4042254	7073
12769	AT5G12270	3969925	3971452	1527
12770	AT5G12300	3978281	3980021	1740
12771	AT5G12450	4040937	4041176	239
12772	AT5G13440	4307973	4310273	2300
12773	AT5G12320	3982577	3984112	1535
12774	AT5G12340	3992623	3993767	1144
12775	AT5G12360	4000699	4002742	2043
12776	AT5G12460	4043057	4044583	1526
12777	AT5G12880	4068426	4069094	668
12778	AT5G12890	4069417	4071249	1832
12779	AT5G12910	4077162	4077557	395
12780	AT5G12920	4077458	4082634	5176
12781	AT5G12930	4082890	4085376	2486
12782	AT5G12940	4087689	4089146	1457
12783	AT5G12980	4105383	4108232	2849
12784	AT5G13070	4147596	4149391	1795
12785	AT5G13090	4153369	4154730	1361
12786	AT5G13100	4156501	4158554	2053
12787	AT5G13130	4166609	4170643	4034
12788	AT5G13140	4170560	4171954	1394
12789	AT5G13181	4198752	4199513	761
12790	AT5G13200	4206738	4208289	1551
12791	AT5G13295	4253953	4254321	368
12792	AT5G13360	4283356	4286342	2986
12793	AT5G13470	4318460	4319924	1464
12794	AT5G13770	4445423	4447476	2053
12795	AT5G13520	4341948	4344792	2844
12796	AT5G13565	4361047	4361171	124
12797	AT5G13590	4373239	4379401	6162
12798	AT5G13620	4385385	4386386	1001
12799	AT5G13720	4427783	4429295	1512
12800	AT5G13760	4441858	4445014	3156
12801	AT5G13780	4447259	4448675	1416
12802	AT5G13810	4455148	4457019	1871
12803	AT5G13825	4464967	4466052	1085
12804	AT5G13830	4467311	4468487	1176
12805	AT5G13880	4477242	4478306	1064
12806	AT5G13890	4478787	4481149	2362
12807	AT5G13900	4481122	4481950	828
12808	AT5G13920	4485626	4487526	1900
12809	AT5G13950	4495844	4500735	4891
12810	AT5G13970	4506191	4507864	1673
12811	AT5G13980	4508406	4514666	6260
12812	AT5G14020	4523421	4526167	2746
12813	AT5G14050	4533131	4535327	2196
12814	AT5G14090	4547202	4549675	2473
12815	AT5G14105	4551864	4553051	1187
12816	AT5G14110	4553803	4554597	794
12817	AT5G14130	4558704	4560315	1611
12818	AT5G14150	4565135	4566988	1853
12819	AT5G14160	4567333	4568467	1134
12820	AT5G14240	4595928	4597708	1780
12821	AT5G14275	4604789	4605007	218
12822	AT5G14280	4608745	4610448	1703
12823	AT5G14285	4610567	4611658	1091
12824	AT5G14290	4612097	4614401	2304
12825	AT5G14330	4619727	4620551	824
12826	AT5G14350	4627140	4628703	1563
12827	AT5G14360	4630892	4631851	959
12828	AT5G14390	4637287	4639835	2548
12829	AT5G14410	4646702	4647503	801
12830	AT5G14450	4658441	4660175	1734
12831	AT5G14470	4662775	4664681	1906
12832	AT5G14480	4667774	4670213	2439
12833	AT5G14510	4677925	4679317	1392
12834	AT5G14515	4678005	4679595	1590
12835	AT5G14540	4687069	4689923	2854
12836	AT5G14560	4693964	4694086	122
12837	AT5G14580	4697207	4703091	5884
12838	AT5G14690	4733658	4736645	2987
12839	AT5G14710	4746264	4747934	1670
12840	AT5G14730	4756057	4757744	1687
12841	AT5G14770	4772117	4775833	3716
12842	AT5G14860	4805846	4807837	1991
12843	AT5G14880	4813931	4817881	3950
12844	AT5G14895	4820830	4821859	1029
12845	AT5G14900	4822676	4823581	905
12846	AT5G14970	4847247	4849053	1806
12847	AT5G14980	4849600	4850583	983
12848	AT5G15000	4854875	4855171	296
12849	AT5G15008	4856975	4857139	164
12850	AT5G15025	4866954	4867558	604
12851	AT5G15030	4867971	4869079	1108
12852	AT5G15040	4869754	4870741	987
12853	AT5G15060	4874332	4875949	1617
12854	AT5G15110	4895750	4897966	2216
12855	AT5G15190	4932708	4933620	912
12856	AT5G15200	4934810	4936429	1619
12857	AT5G15220	4941237	4942784	1547
12858	AT5G15240	4947577	4950445	2868
12859	AT5G15260	4952881	4955027	2146
12860	AT5G15265	4956314	4957633	1319
12861	AT5G15270	4958303	4962102	3799
12862	AT5G15320	4977470	4979076	1606
12863	AT5G15340	4982273	4984398	2125
12864	AT5G15360	4987437	4989182	1745
12865	AT5G15390	4995138	4997489	2351
12866	AT5G15400	4997489	5003253	5764
12867	AT5G15420	5007826	5008964	1138
12868	AT5G63620	25466128	25468550	2422
12869	AT5G15480	5025952	5027160	1208
12870	AT5G15500	5031648	5033540	1892
12871	AT5G15510	5033933	5036824	2891
12872	AT5G15520	5037021	5038754	1733
12873	AT5G15533	5040657	5040836	179
12874	AT5G15537	5040957	5045549	4592
12875	AT5G15560	5064051	5064889	838
12876	AT5G15581	5071829	5072140	311
12877	AT5G15620	5082465	5084136	1671
12878	AT5G15910	5192842	5195396	2554
12879	AT5G15950	5205869	5208036	2167
12880	AT5G15660	5095652	5097041	1389
12881	AT5G15670	5099595	5100407	812
12882	AT5G15680	5100916	5111105	10189
12883	AT5G15685	5111820	5113456	1636
12884	AT5G15690	5113823	5114477	654
12885	AT5G15700	5114761	5121841	7080
12886	AT5G15710	5122428	5124947	2519
12887	AT5G15725	5127375	5128418	1043
12888	AT5G15745	5137456	5137758	302
12889	AT5G15750	5141035	5142890	1855
12890	AT5G15780	5144629	5146458	1829
12891	AT5G15802	5156244	5157545	1301
12892	AT5G15820	5161724	5163195	1471
12893	AT5G15843	5170416	5172382	1966
12894	AT5G15853	5178107	5178395	288
12895	AT5G15980	5213062	5215674	2612
12896	AT5G16010	5227747	5229117	1370
12897	AT5G16040	5240675	5243473	2798
12898	AT5G16060	5246080	5247442	1362
12899	AT5G16070	5247354	5251179	3825
12900	AT5G16050	5243555	5245838	2283
12901	AT5G16090	5255797	5257351	1554
12902	AT5G16110	5260522	5262840	2318
12903	AT5G16120	5265473	5268078	2605
12904	AT5G16330	5346163	5346977	814
12905	AT5G16130	5268421	5270199	1778
12906	AT5G16140	5270160	5271963	1803
12907	AT5G16160	5275695	5276643	948
12908	AT5G16170	5277787	5279821	2034
12909	AT5G16200	5289401	5290506	1105
12910	AT5G16210	5290696	5298169	7473
12911	AT5G16220	5298112	5300642	2530
12912	AT5G16230	5302905	5306088	3183
12913	AT5G16240	5306740	5309961	3221
12914	AT5G16250	5310052	5310951	899
12915	AT5G16280	5323133	5331694	8561
12916	AT5G16285	5332830	5333102	272
12917	AT5G16340	5348993	5351095	2102
12918	AT5G16350	5352572	5355070	2498
12919	AT5G16360	5354876	5356353	1477
12920	AT5G16380	5359307	5360710	1403
12921	AT5G16410	5365597	5367612	2015
12922	AT5G16420	5367971	5370242	2271
12923	AT5G16430	5370350	5370607	257
12924	AT5G16470	5379359	5380512	1153
12925	AT5G16450	5373820	5375459	1639
12926	AT5G16453	5375455	5375999	544
12927	AT5G16460	5376961	5378533	1572
12928	AT5G16590	5431584	5434186	2602
12929	AT5G16610	5444760	5448355	3595
12930	AT5G16486	5383597	5384226	629
12931	AT5G16640	5460921	5463017	2096
12932	AT5G16550	5405346	5406887	1541
12933	AT5G16660	5465475	5467319	1844
12934	AT5G16700	5480763	5483045	2282
12935	AT5G16720	5494228	5496846	2618
12936	AT5G63625	25470218	25471984	1766
12937	AT5G16740	5501044	5502856	1812
12938	AT5G16900	5555057	5559997	4940
12939	AT5G16920	5567000	5568128	1128
12940	AT5G16930	5568388	5571859	3471
12941	AT5G16940	5571550	5572405	855
12942	AT5G16950	5572523	5573191	668
12943	AT5G17000	5584708	5587237	2529
12944	AT5G17100	5623021	5624800	1779
12945	AT5G17120	5628529	5629324	795
12946	AT5G17130	5636969	5637727	758
12947	AT5G17210	5656348	5658193	1845
12948	AT5G17650	5816678	5818472	1794
12949	AT5G17730	5852498	5853999	1501
12950	AT5G17740	5856235	5857934	1699
12951	AT5G17847	5898659	5898787	128
12952	AT5G63640	25477541	25481715	4174
12953	AT5G18040	5972379	5974227	1848
12954	AT5G18470	6127773	6129285	1512
12955	AT5G18475	6129237	6131120	1883
12956	AT5G18900	6304171	6306290	2119
12957	AT5G19110	6411443	6413311	1868
12958	AT5G19120	6414488	6415907	1419
12959	AT5G19240	6470072	6471636	1564
12960	AT5G19710	6664745	6666107	1362
12961	AT5G19875	6718206	6719303	1097
12962	AT5G19890	6724076	6725966	1890
12963	AT5G20400	6894726	6896350	1624
12964	AT5G20447	6910417	6910515	98
12965	AT5G20560	6955190	6956474	1284
12966	AT5G22190	7354164	7354688	524
12967	AT5G22210	7358778	7360051	1273
12968	AT5G22280	7373963	7375794	1831
12969	AT5G22540	7481397	7482953	1556
12970	AT5G22545	7483159	7483861	702
12971	AT5G22550	7483863	7485482	1619
12972	AT5G22555	7489370	7490523	1153
12973	AT5G22580	7502427	7503463	1036
12974	AT5G22590	7504536	7505838	1302
12975	AT5G22610	7515217	7516976	1759
12976	AT5G22670	7538192	7539685	1493
12977	AT5G22680	7540041	7541056	1015
12978	AT5G22890	7653257	7654835	1578
12979	AT5G23180	7801474	7801955	481
12980	AT5G23350	7858545	7859201	656
12981	AT5G23360	7861737	7862746	1009
12982	AT5G23370	7863216	7864291	1075
12983	AT5G24190	8199757	8201051	1294
12984	AT5G24316	8279176	8279969	793
12985	AT5G24500	8367302	8368937	1635
12986	AT5G24510	8369141	8370119	978
12987	AT5G24790	8512042	8513218	1176
12988	AT5G24890	8557737	8559488	1751
12989	AT5G24990	8610313	8611948	1635
12990	AT5G25010	8615778	8617209	1431
12991	AT5G25020	8618404	8619465	1061
12992	AT5G25030	8620083	8620991	908
12993	AT5G25260	8752684	8754522	1838
12994	AT5G25410	8831670	8833509	1839
12995	AT5G25850	9014082	9015917	1835
12996	AT5G25860	9016908	9018424	1516
12997	AT5G25870	9019591	9020321	730
12998	AT5G26700	9308290	9309625	1335
12999	AT5G26730	9300416	9302158	1742
13000	AT5G26731	9295341	9296380	1039
13001	AT5G26805	9427543	9428067	524
13002	AT5G26890	9460465	9460716	251
13003	AT5G26960	9484658	9486365	1707
13004	AT5G27340	9635885	9636884	999
13005	AT5G46710	18952603	18954692	2089
13006	AT5G27770	9835884	9837428	1544
13007	AT5G27800	9842412	9843804	1392
13008	AT5G27820	9859801	9861129	1328
13009	AT5G27830	9861176	9862938	1762
13010	AT5G27893	9909130	9910429	1299
13011	AT5G27945	9976007	9977601	1594
13012	AT5G28150	10135409	10137105	1696
13013	AT5G28180	10162783	10163943	1160
13014	AT5G28442	10368347	10369188	841
13015	AT5G28450	10372872	10374190	1318
13016	AT5G28500	10477556	10479384	1828
13017	AT5G28660	10683218	10683926	708
13018	AT5G28750	10783974	10785728	1754
13019	AT5G63820	25541576	25542893	1317
13020	AT5G29070	11132175	11133516	1341
13021	AT5G51915	21095146	21095319	173
13022	AT5G29624	11285138	11286604	1466
13023	AT5G30341	11365987	11366641	654
13024	AT5G30360	11550429	11551302	873
13025	AT5G30495	11379907	11381657	1750
13026	AT5G32440	12076717	12078603	1886
13027	AT5G32670	12440488	12442289	1801
13028	AT5G63830	25543331	25544898	1567
13029	AT5G34830	12981645	12982497	852
13030	AT5G34887	13203442	13203841	399
13031	AT5G34905	13223069	13223493	424
13032	AT5G34908	13225067	13225315	248
13033	AT5G63840	25544907	25549199	4292
13034	AT5G35320	13521746	13523506	1760
13035	AT5G35525	13707035	13708040	1005
13036	AT5G35540	13722137	13722993	856
13037	AT5G35604	13788205	13789345	1140
13038	AT5G35610	13819506	13820293	787
13039	AT5G35740	13910312	13911225	913
13040	AT5G35870	14020779	14021700	921
13041	AT5G35890	14025863	14026726	863
13042	AT5G36350	14333415	14333899	484
13043	AT5G36360	14335668	14336024	356
13044	AT5G36370	14337865	14338221	356
13045	AT5G36380	14340062	14340418	356
13046	AT5G36390	14342257	14342613	356
13047	AT5G36400	14344452	14344808	356
13048	AT5G36450	14355250	14355853	603
13049	AT5G36470	14359643	14360246	603
13050	AT5G36480	14362020	14362376	356
13051	AT5G36490	14364217	14364573	356
13052	AT5G36500	14366414	14366770	356
13053	AT5G36658	14386072	14386428	356
13054	AT5G36659	14388297	14388621	324
13055	AT5G36661	14390429	14390785	356
13056	AT5G36662	14392619	14392975	356
13057	AT5G36738	14449728	14450084	356
13058	AT5G36739	14451918	14452274	356
13059	AT5G36740	14460329	14466043	5714
13060	AT5G36820	14495617	14496849	1232
13061	AT5G36925	14565476	14566439	963
13062	AT5G36980	14606980	14607754	774
13063	AT5G37000	14617877	14620549	2672
13064	AT5G37070	14650913	14652363	1450
13065	AT5G37170	14712734	14714551	1817
13066	AT5G37247	14743375	14744510	1135
13067	AT5G37250	14750318	14751005	687
13068	AT5G37280	14761275	14761925	650
13069	AT5G37430	14842430	14844308	1878
13070	AT5G37560	14921986	14923790	1804
13071	AT5G37650	14954011	14955834	1823
13072	AT5G37740	14991880	14993781	1901
13073	AT5G37750	14995757	14997060	1303
13074	AT5G37840	15062008	15063402	1394
13075	AT5G37920	15099341	15101170	1829
13076	AT5G37930	15102065	15103730	1665
13077	AT5G37940	15107124	15108988	1864
13078	AT5G37980	15131289	15133085	1796
13079	AT5G37990	15133867	15135169	1302
13080	AT5G38000	15141650	15143542	1892
13081	AT5G38070	15190143	15191689	1546
13082	AT5G38080	15191715	15192645	930
13083	AT5G38090	15193466	15194089	623
13084	AT5G38130	15217819	15219372	1553
13085	AT5G38170	15227638	15228081	443
13086	AT5G38180	15229810	15230243	433
13087	AT5G38190	15234188	15237906	3718
13088	AT5G38195	15246910	15247329	419
13089	AT5G38300	15305847	15307008	1161
13090	AT5G38310	15310405	15311377	972
13091	AT5G38320	15316015	15316897	882
13092	AT5G38396	15373094	15374726	1632
13093	AT5G38780	15529778	15531524	1746
13094	AT5G38810	15540484	15541540	1056
13095	AT5G38940	15588623	15589791	1168
13096	AT5G39090	15643493	15645172	1679
13097	AT5G39120	15662582	15663527	945
13098	AT5G39130	15665502	15666472	970
13099	AT5G39140	15667173	15667761	588
13100	AT5G39150	15669898	15670904	1006
13101	AT5G39160	15679005	15680141	1136
13102	AT5G39200	15694238	15695042	804
13103	AT5G39370	15757717	15758109	392
13104	AT5G39470	15791952	15793062	1110
13105	AT5G39480	15801635	15803341	1706
13106	AT5G39490	15805808	15807508	1700
13107	AT5G39520	15823735	15825566	1831
13108	AT5G39630	15868262	15869714	1452
13109	AT5G39730	15901569	15902958	1389
13110	AT5G39870	15968589	15970046	1457
13111	AT5G39880	15970887	15972344	1457
13112	AT5G63900	25568644	25570402	1758
13113	AT5G40020	16022579	16024316	1737
13114	AT5G40090	16041919	16043733	1814
13115	AT5G63905	25570793	25571699	906
13116	AT5G40460	16202142	16203358	1216
13117	AT5G40570	16246760	16248390	1630
13118	AT5G40630	16271047	16272513	1466
13119	AT5G40680	16288754	16290001	1247
13120	AT5G40690	16290386	16291713	1327
13121	AT5G40700	16291755	16293649	1894
13122	AT5G40980	16414510	16415265	755
13123	AT5G40981	16415791	16416044	253
13124	AT5G41050	16433243	16434458	1215
13125	AT5G41290	16512154	16513671	1517
13126	AT5G41300	16514929	16516331	1402
13127	AT5G41460	16589390	16592381	2991
13128	AT5G41500	16604002	16605213	1211
13129	AT5G41510	16607124	16608326	1202
13130	AT5G41650	16654913	16655860	947
13131	AT5G41660	16656708	16658405	1697
13132	AT5G41850	16756698	16758220	1522
13133	AT5G41870	16758709	16760576	1867
13134	AT5G42190	16854191	16855741	1550
13135	AT5G42290	16911580	16912198	618
13136	AT5G42450	16977207	16979073	1866
13137	AT5G42460	16979773	16981195	1422
13138	AT5G42510	16997979	16998925	946
13139	AT5G42680	17114098	17115571	1473
13140	AT5G42765	17150238	17151681	1443
13141	AT5G42830	17176293	17178130	1837
13142	AT5G42850	17181412	17182743	1331
13143	AT5G43068	17286835	17287354	519
13144	AT5G43180	17336291	17337884	1593
13145	AT5G43190	17340071	17341814	1743
13146	AT5G43420	17451488	17453124	1636
13147	AT5G43790	17591929	17593666	1737
13148	AT5G44150	17763631	17765428	1797
13149	AT5G44220	17810477	17811364	887
13150	AT5G44260	17829618	17831336	1718
13151	AT5G44265	17832779	17833316	537
13152	AT5G44310	17847781	17849536	1755
13153	AT5G44345	17862113	17863079	966
13154	AT5G44350	17864376	17865756	1380
13155	AT5G44495	17926302	17926710	408
13156	AT5G44550	17941842	17943283	1441
13157	AT5G44574	17970210	17971456	1246
13158	AT5G44575	17973775	17975120	1345
13159	AT5G44578	17977172	17978643	1471
13160	AT5G44590	17987591	17989338	1747
13161	AT5G44730	18045480	18047075	1595
13162	AT5G44830	18100080	18101885	1805
13163	AT5G44900	18135215	18136548	1333
13164	AT5G44920	18138775	18140190	1415
13165	AT5G44950	18151665	18153164	1499
13166	AT5G44960	18153852	18155391	1539
13167	AT5G44970	18155837	18157340	1503
13168	AT5G45095	18207363	18209052	1689
13169	AT5G45115	18238011	18238906	895
13170	AT5G45120	18241003	18242478	1475
13171	AT5G45469	18421704	18421962	258
13172	AT5G45630	18505536	18506382	846
13173	AT5G45775	18564992	18566582	1590
13174	AT5G45880	18609628	18611166	1538
13175	AT5G46085	18693316	18693567	251
13176	AT5G57610	23324643	23329546	4903
13177	AT5G46530	18875382	18876928	1546
13178	AT5G46680	18940903	18942672	1769
13179	AT5G46940	19058031	19058814	783
13180	AT5G46970	19063755	19064418	663
13181	AT5G46980	19065311	19066007	696
13182	AT5G46990	19067455	19068292	837
13183	AT5G47000	19068803	19070333	1530
13184	AT5G47050	19106297	19108348	2051
13185	AT5G47380	19221274	19224652	3378
13186	AT5G47460	19252463	19254336	1873
13187	AT5G47530	19281374	19283061	1687
13188	AT5G47550	19286314	19287179	865
13189	AT5G47600	19299717	19300503	786
13190	AT5G47610	19301130	19302117	987
13191	AT5G47950	19417020	19418657	1637
13192	AT5G48210	19548414	19549141	727
13193	AT5G48290	19568760	19569866	1106
13194	AT5G48590	19698280	19699992	1712
13195	AT5G49000	19864410	19865825	1415
13196	AT5G49015	19868926	19870410	1484
13197	AT5G49250	19965343	19965945	602
13198	AT5G49260	19966799	19967527	728
13199	AT5G49350	20009520	20011099	1579
13200	AT5G49420	20034672	20036205	1533
13201	AT5G49530	20100545	20104605	4060
13202	AT5G49590	20128736	20129554	818
13203	AT5G49600	20130752	20131295	543
13204	AT5G49610	20131274	20132744	1470
13205	AT5G49770	20222669	20227466	4797
13206	AT5G50040	20356876	20358381	1505
13207	AT5G50050	20360015	20361031	1016
13208	AT5G50060	20362486	20363597	1111
13209	AT5G50070	20364516	20365481	965
13210	AT5G50100	20371798	20373441	1643
13211	AT5G50120	20382310	20384025	1715
13212	AT5G50220	20446068	20447200	1132
13213	AT5G50270	20457487	20458996	1509
13214	AT5G50350	20498476	20501786	3310
13215	AT5G50360	20505089	20506354	1265
13216	AT5G50361	20506381	20506578	197
13217	AT5G50365	20508126	20508776	650
13218	AT5G50370	20509115	20510810	1695
13219	AT5G50410	20528068	20529885	1817
13220	AT5G50450	20543225	20544857	1632
13221	AT5G51030	20747680	20749506	1826
13222	AT5G51400	20878491	20880184	1693
13223	AT5G51585	20952557	20953348	791
13224	AT5G51680	20997320	20998907	1587
13225	AT5G51920	21097076	21098959	1883
13226	AT5G52020	21123958	21125065	1107
13227	AT5G52070	21161132	21165565	4433
13228	AT5G52270	21221432	21222605	1173
13229	AT5G55460	22468579	22469304	725
13230	AT5G52380	21261353	21263151	1798
13231	AT5G52390	21263897	21265460	1563
13232	AT5G52500	21301525	21302829	1304
13233	AT5G52620	21348554	21349681	1127
13234	AT5G52545	21323781	21325604	1823
13235	AT5G52547	21325837	21327498	1661
13236	AT5G52605	21345216	21345600	384
13237	AT5G52610	21346423	21347478	1055
13238	AT5G52680	21365651	21366953	1302
13239	AT5G52770	21389766	21390189	423
13240	AT5G52780	21390412	21391561	1149
13241	AT5G53230	21598848	21600008	1160
13242	AT5G52950	21473720	21477024	3304
13243	AT5G52960	21477116	21478534	1418
13244	AT5G52980	21482140	21483797	1657
13245	AT5G52990	21483919	21485385	1466
13246	AT5G53240	21601481	21602739	1258
13247	AT5G53260	21604662	21605674	1012
13248	AT5G53270	21606271	21607297	1026
13249	AT5G53670	21796997	21797731	734
13250	AT5G53680	21798156	21799420	1264
13251	AT5G54067	21941602	21942146	544
13252	AT5G54170	21984878	21987489	2611
13253	AT5G53700	21801143	21802788	1645
13254	AT5G53750	21817128	21818958	1830
13255	AT5G53960	21907638	21908666	1028
13256	AT5G54000	21917699	21919180	1481
13257	AT5G54010	21919593	21921225	1632
13258	AT5G54020	21921666	21923632	1966
13259	AT5G54040	21928847	21930637	1790
13260	AT5G54350	22070135	22071347	1212
13261	AT5G54360	22071862	22072674	812
13262	AT5G55450	22467337	22468306	969
13263	AT5G54370	22075277	22076819	1542
13264	AT5G54420	22095804	22096079	275
13265	AT5G54540	22156304	22158110	1806
13266	AT5G54550	22158364	22159565	1201
13267	AT5G54560	22160931	22162513	1582
13268	AT5G54660	22203717	22205152	1435
13269	AT5G54720	22231448	22232949	1501
13270	AT5G55340	22439714	22441115	1401
13271	AT5G55350	22442269	22443437	1168
13272	AT5G55360	22443684	22444895	1211
13273	AT5G55510	22486297	22488015	1718
13274	AT5G55650	22536072	22536976	904
13275	AT5G56060	22704223	22704892	669
13276	AT5G55680	22547445	22548679	1234
13277	AT5G55690	22548707	22550094	1387
13278	AT5G55750	22564801	22566021	1220
13279	AT5G56070	22708679	22709204	525
13280	AT5G55800	22581694	22583430	1736
13281	AT5G55855	22605805	22606634	829
13282	AT5G55893	22624738	22626570	1832
13283	AT5G56075	22709756	22710809	1053
13284	AT5G56120	22721373	22722613	1240
13285	AT5G56430	22853323	22854801	1478
13286	AT5G56440	22855742	22857117	1375
13287	AT5G56560	22899724	22901985	2261
13288	AT5G56810	22974363	22976112	1749
13289	AT5G56820	22976334	22977838	1504
13290	AT5G56490	22871463	22873501	2038
13291	AT5G56840	22980638	22982425	1787
13292	AT5G56940	23030747	23032411	1664
13293	AT5G57000	23063576	23065350	1774
13294	AT5G57230	23189938	23191714	1776
13295	AT5G57290	23206696	23207961	1265
13296	AT5G57625	23337832	23338855	1023
13297	AT5G57785	23408404	23409715	1311
13298	AT5G57815	23426647	23427911	1264
13299	AT5G57860	23437532	23439403	1871
13300	AT5G57910	23451066	23452963	1897
13301	AT5G58030	23486777	23488620	1843
13302	AT5G58490	23643009	23644679	1670
13303	AT5G58610	23686079	23691394	5315
13304	AT5G63940	25587998	25591482	3484
13305	AT5G58750	23728588	23730142	1554
13306	AT5G58784	23739818	23741388	1570
13307	AT5G58790	23744730	23745981	1251
13308	AT5G58800	23745883	23747274	1391
13309	AT5G58920	23793129	23794245	1116
13310	AT5G59330	23931314	23932071	757
13311	AT5G59530	23994170	23995865	1695
13312	AT5G60140	24213865	24215516	1651
13313	AT5G60190	24234431	24236242	1811
13314	AT5G60265	24256375	24257699	1324
13315	AT5G60350	24277730	24279147	1417
13316	AT5G60400	24290993	24292336	1343
13317	AT5G60520	24331670	24333144	1474
13318	AT5G60680	24386010	24387304	1294
13319	AT5G60800	24460719	24462595	1876
13320	AT5G60840	24473202	24474524	1322
13321	AT5G61180	24612867	24614471	1604
13322	AT5G61190	24615253	24620053	4800
13323	AT5G61370	24671770	24673657	1887
13324	AT5G61610	24770046	24771401	1355
13325	AT5G61630	24773229	24774578	1349
13326	AT5G61660	24778653	24779945	1292
13327	AT5G61670	24783429	24786265	2836
13328	AT5G62140	24954216	24955503	1287
13329	AT5G62210	24986294	24987811	1517
13330	AT5G62350	25037191	25038424	1233
13331	AT5G62360	25040540	25041504	964
13332	AT5G62840	25228139	25229738	1599
13333	AT5G62865	25233881	25234884	1003
13334	AT5G62930	25254821	25256619	1798
13335	AT5G62950	25262162	25264053	1891
13336	AT5G62970	25272033	25273537	1504
13337	AT5G63000	25280012	25281652	1640
13338	AT5G63010	25281676	25283176	1500
13339	AT5G64100	25650567	25652247	1680
13340	AT5G64120	25659257	25661007	1750
13341	AT5G64250	25697354	25699255	1901
13342	AT5G64670	25852241	25854067	1826
13343	AT5G64680	25854077	25855484	1407
13344	AT5G65274	26085300	26085960	660
13345	AT5G65340	26113349	26114545	1196
13346	AT5G65360	26119859	26120581	722
13347	AT5G65370	26121708	26122749	1041
13348	AT5G65550	26198304	26199986	1682
13349	AT5G65590	26211746	26213233	1487
13350	AT5G65860	26347593	26349056	1463
13351	AT5G65880	26352773	26353882	1109
13352	AT5G66005	26397519	26399274	1755
13353	AT5G66390	26515905	26517599	1694
13354	AT5G66430	26525410	26526799	1389
13355	AT5G66440	26529919	26531176	1257
13356	AT5G66580	26572265	26573426	1161
13357	AT5G66590	26573964	26574959	995
13358	AT5G66740	26646900	26648731	1831
13359	AT5G66830	26691253	26692689	1436
13360	AT5G66890	26712944	26714472	1528
13361	AT5G66970	26740445	26741125	680
13362	AT5G66980	26741543	26742826	1283
13363	AT5G66985	26743279	26744019	740
13364	AT5G67000	26746677	26747281	604
13365	AT5G67220	26820121	26821964	1843
13366	AT5G67411	26898077	26899736	1659
13367	AT5G67430	26910205	26912103	1898
13368	AT5G67640	26969516	26970668	1152
13369	AT1G24000	8495908	8496566	658
13370	AT1G24010	8498803	8499517	714
13371	AT1G24140	8535999	8537780	1781
13372	AT1G24147	8542212	8543545	1333
13373	AT1G24148	8544248	8545590	1342
13374	AT1G24390	8648201	8648995	794
13375	AT1G24405	8654945	8655662	717
13376	AT1G24430	8658003	8659514	1511
13377	AT1G24545	8701112	8702477	1365
13378	AT1G24600	8720309	8720721	412
13379	AT1G24610	8720651	8722825	2174
13380	AT1G24620	8723627	8724711	1084
13381	AT1G24650	8734570	8737315	2745
13382	AT1G24996	8799520	8800410	890
13383	AT1G25055	8806607	8808156	1549
13384	AT1G25083	8808549	8810443	1894
13385	AT1G25150	8821008	8822843	1835
13386	AT1G26250	9083838	9085464	1626
13387	AT1G26255	9083856	9085651	1795
13388	AT1G26380	9126737	9128568	1831
13389	AT1G26390	9130013	9131779	1766
13390	AT1G26400	9133291	9134874	1583
13391	AT1G26410	9138604	9140439	1835
13392	AT1G26420	9141519	9143336	1817
13393	AT1G26500	9158380	9159897	1517
13394	AT1G26750	9246857	9248274	1417
13395	AT1G26761	9250041	9251659	1618
13396	AT1G26795	9276381	9276954	573
13397	AT1G26796	9278953	9279482	529
13398	AT1G26797	9280955	9281560	605
13399	AT1G26798	9281791	9282341	550
13400	AT1G26799	9283873	9284438	565
13401	AT1G26920	9329493	9330612	1119
13402	AT1G26930	9336057	9337938	1881
13403	AT1G27060	9394907	9396673	1766
13404	AT1G27260	9469948	9470967	1019
13405	AT1G29540	10327346	10328105	759
13406	AT1G27270	9472077	9473149	1072
13407	AT1G27280	9474027	9474990	963
13408	AT1G27290	9481405	9482992	1587
13409	AT1G27330	9492849	9494382	1533
13410	AT1G29500	10321011	10321978	967
13411	AT1G29535	10327138	10329116	1978
13412	AT1G27350	9498000	9499639	1639
13413	AT1G27490	9546373	9547073	700
13414	AT1G28000	9756674	9757963	1289
13415	AT1G28005	9756927	9757891	964
13416	AT1G28090	9795718	9799116	3398
13417	AT1G28180	9843023	9844561	1538
13418	AT1G28310	9912203	9913837	1634
13419	AT1G28390	9966186	9968495	2309
13420	AT1G28680	10078189	10079909	1720
13421	AT1G28700	10083500	10085030	1530
13422	AT1G29080	10157494	10158805	1311
13423	AT1G29090	10162795	10164452	1657
13424	AT1G29195	10202414	10203491	1077
13425	AT1G29270	10229808	10231384	1576
13426	AT1G29290	10244453	10245874	1421
13427	AT1G29310	10252241	10254792	2551
13428	AT1G29435	10303890	10305584	1694
13429	AT1G29450	10305553	10306595	1042
13430	AT1G29465	10308520	10309896	1376
13431	AT1G29550	10330425	10332326	1901
13432	AT1G29600	10343785	10346364	2579
13433	AT1G29775	10425622	10426947	1325
13434	AT1G29780	10426950	10427615	665
13435	AT1G29870	10456902	10458782	1880
13436	AT1G30050	10543022	10544594	1572
13437	AT1G30060	10545087	10545906	819
13438	AT1G30070	10546511	10548236	1725
13439	AT1G30160	10606159	10607944	1785
13440	AT1G30190	10618893	10620067	1174
13441	AT1G30475	10788226	10790241	2015
13442	AT1G30710	10895252	10897127	1875
13443	AT1G30740	10902995	10904739	1744
13444	AT1G30757	10908980	10909784	804
13445	AT1G30930	11014783	11015913	1130
13446	AT1G31000	11053377	11054567	1190
13447	AT1G31255	11169450	11170396	946
13448	AT1G31270	11178349	11179203	854
13449	AT1G31335	11216810	11217546	736
13450	AT1G31400	11245225	11246561	1336
13451	AT1G32030	11514594	11515595	1001
13452	AT1G32470	11739304	11740399	1095
13453	AT1G32575	11780623	11781703	1080
13454	AT1G32610	11795609	11797221	1612
13455	AT1G32660	11811040	11812380	1340
13456	AT1G32720	11834902	11836631	1729
13457	AT1G33010	11959287	11960591	1304
13458	AT1G35030	12808246	12809481	1235
13459	AT1G33030	11964776	11966320	1544
13460	AT1G33220	12044872	12045879	1007
13461	AT1G33610	12188678	12190461	1783
13462	AT1G33670	12201963	12203408	1445
13463	AT1G47655	17525342	17526308	966
13464	AT1G33780	12244560	12246231	1671
13465	AT1G33830	12279947	12281406	1459
13466	AT1G33840	12283725	12285371	1646
13467	AT1G34015	12361832	12363493	1661
13468	AT1G34049	12390448	12391149	701
13469	AT1G34500	12611638	12612663	1025
13470	AT1G34510	12615690	12617032	1342
13471	AT1G34520	12623434	12624508	1074
13472	AT1G34570	12654927	12656605	1678
13473	AT1G34795	12769644	12770131	487
13474	AT1G34812	12781126	12781766	640
13475	AT1G34817	12784536	12785176	640
13476	AT1G34820	12786817	12787095	278
13477	AT1G34855	12801427	12802067	640
13478	AT1G34860	12803708	12803986	278
13479	AT1G34910	12804834	12805334	500
13480	AT1G34930	12807121	12807399	278
13481	AT1G35170	12870563	12872257	1694
13482	AT1G35420	13026206	13027691	1485
13483	AT1G35430	13030553	13031375	822
13484	AT1G35625	13158466	13160284	1818
13485	AT1G35630	13162966	13164512	1546
13486	AT1G35830	13320675	13322511	1836
13487	AT1G35880	13339804	13341228	1424
13488	AT1G36095	13491370	13492725	1355
13489	AT1G36150	13528257	13529470	1213
13490	AT1G36320	13671774	13674205	2431
13491	AT1G36950	14009673	14010822	1149
13492	AT1G36960	14014796	14015508	712
13493	AT1G37010	14040918	14041227	309
13494	AT1G43000	16140526	16141792	1266
13495	AT1G43415	16378974	16379405	431
13496	AT1G43760	16528880	16531065	2185
13497	AT1G43770	16548417	16551909	3492
13498	AT1G46696	17261860	17264183	2323
13499	AT1G43970	16681269	16682933	1664
13500	AT1G44010	16714622	16715564	942
13501	AT1G44030	16724237	16726752	2515
13502	AT1G44080	16753944	16755670	1726
13503	AT1G44970	17002089	17003867	1778
13504	AT1G46912	17272521	17273629	1108
13505	AT1G46984	17274722	17275834	1112
13506	AT1G47278	17330819	17332336	1517
13507	AT1G47410	17394072	17395673	1601
13508	AT1G47470	17414547	17415150	603
13509	AT1G47497	17431009	17432401	1392
13510	AT1G47690	17544077	17544831	754
13511	AT1G47700	17547323	17548076	753
13512	AT1G47780	17594683	17595353	670
13513	AT1G47786	17597898	17599099	1201
13514	AT1G47790	17600004	17601173	1169
13515	AT1G47800	17601513	17602676	1163
13516	AT1G47810	17603504	17604559	1055
13517	AT1G47940	17668285	17669713	1428
13518	AT1G48010	17711491	17712660	1169
13519	AT1G48360	17868522	17873261	4739
13520	AT1G48770	18040129	18041447	1318
13521	AT1G49010	18132545	18134017	1472
13522	AT1G49015	18134528	18135312	784
13523	AT1G49030	18136666	18138080	1414
13524	AT1G49032	18137977	18139131	1154
13525	AT1G49405	18284270	18285418	1148
13526	AT1G49470	18310428	18311714	1286
13527	AT1G49475	18312883	18314099	1216
13528	AT1G49790	18435351	18437131	1780
13529	AT1G49800	18438012	18439115	1103
13530	AT1G52905	19706047	19706885	838
13531	AT1G49850	18454844	18456619	1775
13532	AT1G50325	18639874	18640488	614
13533	AT1G50340	18647376	18647849	473
13534	AT1G50350	18648645	18649227	582
13535	AT1G50575	18728634	18730498	1864
13536	AT1G50590	18732378	18734199	1821
13537	AT1G50745	18808866	18810504	1638
13538	AT1G52900	19702062	19702916	854
13539	AT1G50780	18821267	18823156	1889
13540	AT1G50880	18860837	18861982	1145
13541	AT1G51035	18917415	18917891	476
13542	AT1G51080	18929744	18930811	1067
13543	AT1G51120	18938091	18939149	1058
13544	AT1G51650	19152508	19154051	1543
13545	AT1G52342	19491767	19493122	1355
13546	AT1G52343	19494127	19495867	1740
13547	AT1G52565	19579839	19580977	1138
13548	AT1G52660	19613378	19614989	1611
13549	AT1G52680	19618099	19619026	927
13550	AT1G52790	19662194	19663301	1107
13551	AT1G52800	19664023	19665631	1608
13552	AT1G52825	19670395	19671059	664
13553	AT1G52910	19708011	19709323	1312
13554	AT1G53070	19778133	19779447	1314
13555	AT1G53080	19781288	19782352	1064
13556	AT1G53180	19831352	19833028	1676
13557	AT1G53345	19902474	19903808	1334
13558	AT1G53370	19910516	19911646	1130
13559	AT1G59675	21931833	21932403	570
13560	AT1G53560	19984542	19986112	1570
13561	AT1G53690	20042452	20043626	1174
13562	AT1G53980	20148899	20149728	829
13563	AT1G54120	20206930	20207555	625
13564	AT1G54200	20235465	20237358	1893
13565	AT1G54215	20242878	20243730	852
13566	AT1G59724	21947875	21948553	678
13567	AT1G54217	20243883	20245555	1672
13568	AT1G54240	20252718	20254708	1990
13569	AT1G54300	20270810	20272106	1296
13570	AT1G54540	20367553	20368511	958
13571	AT1G54550	20369651	20370986	1335
13572	AT1G54640	20403892	20404807	915
13573	AT1G54850	20454389	20456220	1831
13574	AT1G54860	20457257	20458631	1374
13575	AT1G54870	20458952	20460647	1695
13576	AT1G55220	20600883	20601436	553
13577	AT1G55230	20602819	20604033	1214
13578	AT1G55240	20604892	20606411	1519
13579	AT1G55460	20707307	20709027	1720
13580	AT1G55800	20856526	20857630	1104
13581	AT1G55803	20857598	20858643	1045
13582	AT1G55928	20917190	20918462	1272
13583	AT1G56040	20960356	20961870	1514
13584	AT1G56270	21071017	21071650	633
13585	AT1G56400	21111727	21113621	1894
13586	AT1G56680	21250248	21251488	1240
13587	AT1G57565	21319635	21320213	578
13588	AT1G57765	21393084	21394982	1898
13589	AT1G57790	21404342	21405956	1614
13590	AT1G58320	21633858	21635344	1486
13591	AT1G58007	21445821	21447502	1681
13592	AT1G58170	21535895	21537216	1321
13593	AT1G58460	21721295	21722645	1350
13594	AT1G58725	21771836	21773503	1667
13595	AT1G59030	21808107	21809749	1642
13596	AT1G59453	21846902	21849405	2503
13597	AT1G59460	21850153	21850936	783
13598	AT1G59470	21850809	21853384	2575
13599	AT1G59860	22031343	22032250	907
13600	AT1G59970	22073352	22074931	1579
13601	AT1G60340	22238734	22240399	1665
13602	AT1G60360	22242531	22243760	1229
13603	AT1G60400	22254405	22255798	1393
13604	AT1G60410	22258939	22260787	1848
13605	AT1G61060	22488548	22489711	1163
13606	AT1G61065	22490221	22491539	1318
13607	AT1G61095	22504514	22505511	997
13608	AT1G61097	22506919	22507947	1028
13609	AT1G61300	22607462	22610557	3095
13610	AT1G61540	22702498	22703706	1208
13611	AT1G61575	22719765	22720575	810
13612	AT1G61600	22729816	22731332	1516
13613	AT1G61690	22782427	22786942	4515
13614	AT1G61710	22788859	22790576	1717
13615	AT1G61750	22804427	22806351	1924
13616	AT1G61760	22807193	22808280	1087
13617	AT1G61770	22810111	22812677	2566
13618	AT1G62370	23072222	23073545	1323
13619	AT1G61780	22812573	22814162	1589
13620	AT1G61795	22819601	22821053	1452
13621	AT1G61920	22888452	22889037	585
13622	AT1G61930	22893101	22894064	963
13623	AT1G61960	22902150	22903960	1810
13624	AT1G62010	22915699	22917363	1664
13625	AT1G62080	22946242	22946949	707
13626	AT1G62220	22988196	22988844	648
13627	AT1G62225	22989550	22990341	791
13628	AT1G62422	23100119	23101335	1216
13629	AT1G62500	23131928	23133507	1579
13630	AT1G62510	23136366	23137254	888
13631	AT1G62515	23136720	23137413	693
13632	AT1G62520	23144385	23145531	1146
13633	AT1G62630	23185760	23189224	3464
13634	AT1G63200	23433520	23434600	1080
13635	AT1G62730	23229059	23230818	1759
13636	AT1G62760	23237372	23238644	1272
13637	AT1G62770	23245835	23246949	1114
13638	AT1G62915	23303241	23304287	1046
13639	AT1G62935	23308760	23309410	650
13640	AT1G63205	23437689	23438677	988
13641	AT1G62981	23333619	23335395	1776
13642	AT1G63070	23385324	23387167	1843
13643	AT1G63140	23417441	23419045	1604
13644	AT1G65342	24271276	24271700	424
13645	AT1G63206	23439526	23440931	1405
13646	AT1G63240	23455711	23458928	3217
13647	AT1G63250	23463023	23466508	3485
13648	AT1G63590	23579896	23580702	806
13649	AT1G63600	23581677	23583019	1342
13650	AT1G63720	23635745	23637577	1832
13651	AT1G71980	27097703	27100202	2499
13652	AT1G64185	23824487	23825383	896
13653	AT1G64190	23825328	23827136	1808
13654	AT1G64290	23857178	23858544	1366
13655	AT1G64300	23863066	23866045	2979
13656	AT1G64310	23866053	23867711	1658
13657	AT1G64355	23885982	23887323	1341
13658	AT1G64370	23888832	23890132	1300
13659	AT1G64380	23890570	23892193	1623
13660	AT1G64460	23943484	23945810	2326
13661	AT1G64510	23954800	23956304	1504
13662	AT1G64910	24115097	24116858	1761
13663	AT1G64920	24117312	24118993	1681
13664	AT1G65210	24224812	24225815	1003
13665	AT1G65250	24234280	24235912	1632
13666	AT1G65295	24251373	24252940	1567
13667	AT1G65346	24273181	24274038	857
13668	AT1G65349	24277072	24277443	371
13669	AT1G65370	24284469	24286347	1878
13670	AT1G65486	24349399	24350524	1125
13671	AT1G65720	24439652	24441073	1421
13672	AT1G65735	24446315	24446889	574
13673	AT1G65760	24458591	24459715	1124
13674	AT1G66000	24574344	24575438	1094
13675	AT1G66020	24577544	24580185	2641
13676	AT1G68238	25574381	25574835	454
13677	AT1G66110	24609094	24610369	1275
13678	AT1G66180	24647121	24648839	1718
13679	AT1G66235	24682907	24683996	1089
13680	AT1G66300	24716305	24718050	1745
13681	AT1G66490	24809421	24810549	1128
13682	AT1G66500	24811080	24812661	1581
13683	AT1G66620	24852509	24854153	1644
13684	AT1G66630	24855286	24856714	1428
13685	AT1G66640	24857438	24859011	1573
13686	AT1G66650	24859917	24861821	1904
13687	AT1G66810	24927246	24929054	1808
13688	AT1G66870	24945484	24946968	1484
13689	AT1G67050	25028538	25029857	1319
13690	AT1G67340	25230239	25231943	1704
13691	AT1G67350	25235271	25236878	1607
13692	AT1G67360	25236781	25238216	1435
13693	AT1G67470	25272122	25273860	1738
13694	AT1G67620	25340353	25342082	1729
13695	AT1G67670	25365370	25365740	370
13696	AT1G67760	25405316	25406418	1102
13697	AT1G67870	25449222	25451051	1829
13698	AT1G68240	25574864	25576129	1265
13699	AT1G68330	25610723	25612469	1746
13700	AT1G68340	25613926	25615404	1478
13701	AT1G68380	25635838	25637462	1624
13702	AT1G68440	25657757	25659484	1727
13703	AT1G68620	25765718	25767240	1522
13704	AT1G68877	25893305	25893515	210
13705	AT1G69090	25977450	25978706	1256
13706	AT1G69100	25979948	25981559	1611
13707	AT1G69330	26063662	26065518	1856
13708	AT1G69510	26126304	26128068	1764
13709	AT1G69630	26191472	26193174	1702
13710	AT1G69650	26197498	26198821	1323
13711	AT1G69828	26287522	26287948	426
13712	AT1G69840	26293588	26295922	2334
13713	AT1G69900	26326216	26327965	1749
13714	AT1G69980	26355874	26357731	1857
13715	AT1G70380	26526212	26527345	1133
13716	AT1G70000	26362979	26364878	1899
13717	AT1G70020	26377370	26378359	989
13718	AT1G70030	26378641	26380379	1738
13719	AT1G70175	26424853	26425340	487
13720	AT1G70190	26430498	26432270	1772
13721	AT1G71000	26768792	26770177	1385
13722	AT1G71060	26805651	26807183	1532
13723	AT1G71150	26827146	26828674	1528
13724	AT1G71180	26832267	26833709	1442
13725	AT1G71520	26938369	26939267	898
13726	AT1G71760	26989318	26990617	1299
13727	AT1G72020	27109291	27110593	1302
13728	AT1G72030	27110832	27111932	1100
13729	AT1G72175	27157875	27159735	1860
13730	AT1G72220	27184245	27185883	1638
13731	AT1G72230	27188036	27189358	1322
13732	AT1G72540	27314877	27316669	1792
13733	AT1G72820	27402814	27404674	1860
13734	AT1G72910	27435306	27437192	1886
13735	AT1G72920	27437899	27439209	1310
13736	AT1G72940	27441981	27443859	1878
13737	AT1G73550	27647756	27648709	953
13738	AT1G73620	27681358	27683173	1815
13739	AT1G73630	27684673	27685614	941
13740	AT1G74088	27861116	27862822	1706
13741	AT1G74130	27873611	27876033	2422
13742	AT1G74458	27986797	27987856	1059
13743	AT1G74675	28053944	28055437	1493
13744	AT1G75050	28180057	28181246	1189
13745	AT1G75260	28247641	28249485	1844
13746	AT1G75290	28253722	28255173	1451
13747	AT1G75510	28346998	28348776	1778
13748	AT1G75600	28390665	28391585	920
13749	AT1G75980	28522554	28524418	1864
13750	AT1G76070	28546382	28547611	1229
13751	AT1G80470	30256065	30258032	1967
13752	AT1G76200	28593211	28594750	1539
13753	AT1G76240	28602705	28603932	1227
13754	AT1G76480	28692070	28693428	1358
13755	AT1G76770	28813454	28814378	924
13756	AT1G76800	28829243	28830278	1035
13757	AT1G76830	28844644	28845905	1261
13758	AT1G76840	28846566	28847288	722
13759	AT1G76870	28856839	28858851	2012
13760	AT1G76880	28865314	28868225	2911
13761	AT1G76965	28921137	28922431	1294
13762	AT1G77100	28965772	28967015	1243
13763	AT1G77160	28995146	28996594	1448
13764	AT1G77170	28998038	28999600	1562
13765	AT1G77250	29020176	29023474	3298
13766	AT1G77350	29070225	29071899	1674
13767	AT1G77370	29073840	29074893	1053
13768	AT1G77530	29135904	29137640	1736
13769	AT1G77655	29182608	29183172	564
13770	AT1G77670	29188843	29191079	2236
13771	AT1G77680	29191720	29196290	4570
13772	AT1G77682	29196543	29197071	528
13773	AT1G78030	29342157	29343824	1667
13774	AT1G78110	29391630	29393334	1704
13775	AT1G78180	29416837	29418561	1724
13776	AT1G78280	29452555	29457373	4818
13777	AT1G78400	29498194	29499682	1488
13778	AT1G78450	29516989	29518028	1039
13779	AT1G78460	29518184	29519323	1139
13780	AT1G78480	29525501	29526363	862
13781	AT1G78760	29615096	29616738	1642
13782	AT1G78820	29634096	29635931	1835
13783	AT1G78860	29646003	29647691	1688
13784	AT1G03240	792222	793060	838
13785	AT1G03250	793315	795403	2088
13786	AT1G79780	30015712	30016856	1144
13787	AT1G79970	30082077	30083894	1817
13788	AT1G01725	269792	270859	1067
13789	AT1G80130	30140912	30142697	1785
13790	AT1G80140	30146611	30148180	1569
13791	AT1G80245	30174101	30175553	1452
13792	AT1G80625	30307505	30308844	1339
13793	AT1G80720	30336097	30337716	1619
13794	AT1G01180	75390	76845	1455
13795	AT1G01225	95935	97407	1472
13796	AT1G01230	97412	99240	1828
13797	AT1G01310	120154	121130	976
13798	AT1G01400	150689	152210	1521
13799	AT1G01453	166589	168088	1499
13800	AT1G01730	270797	272189	1392
13801	AT1G01990	342918	344400	1482
13802	AT1G02067	366945	367166	221
13803	AT1G02070	370195	371090	895
13804	AT1G02180	413522	414649	1127
13805	AT1G02575	543011	544057	1046
13806	AT1G02630	560610	562598	1988
13807	AT1G02770	604873	606708	1835
13808	AT1G02830	625084	625608	524
13809	AT1G02965	671661	672814	1153
13810	AT1G03340	819612	821476	1864
13811	AT1G03350	822582	824410	1828
13812	AT1G03400	842659	844251	1592
13813	AT1G03510	876087	877556	1469
13814	AT1G03670	914222	916222	2000
13815	AT1G03710	923390	924730	1340
13816	AT1G03730	930715	931985	1270
13817	AT1G03820	959790	960916	1126
13818	AT1G03890	989198	991020	1822
13819	AT1G04105	1059730	1060348	618
13820	AT1G04360	1167288	1169034	1746
13821	AT1G04455	1210269	1210622	353
13822	AT1G04480	1215925	1217471	1546
13823	AT1G04570	1246601	1248876	2275
13824	AT1G04650	1294627	1299023	4396
13825	AT1G04670	1301829	1302758	929
13826	AT1G05060	1451002	1452872	1870
13827	AT1G05080	1459091	1460579	1488
13828	AT1G05085	1460988	1461670	682
13829	AT1G05087	1463108	1464173	1065
13830	AT1G05090	1464239	1465875	1636
13831	AT1G05210	1510404	1511683	1279
13832	AT1G05220	1511895	1512842	947
13833	AT1G05400	1584073	1585421	1348
13834	AT1G05430	1594053	1595923	1870
13835	AT1G05540	1639223	1640879	1656
13836	AT1G05550	1640959	1643917	2958
13837	AT1G05783	1728658	1729789	1131
13838	AT1G06000	1820308	1821894	1586
13839	AT1G06030	1826803	1828279	1476
13840	AT1G06340	1933284	1934103	819
13841	AT1G06360	1938862	1940496	1634
13842	AT1G06510	1992229	1993841	1612
13843	AT1G06620	2025544	2027413	1869
13844	AT1G06650	2035718	2037366	1648
13845	AT1G07210	2215216	2216982	1766
13846	AT1G07440	2286185	2287791	1606
13847	AT1G07460	2289959	2291101	1142
13848	AT1G08170	2562769	2563706	937
13849	AT1G08180	2564361	2565318	957
13850	AT1G08790	2811989	2812782	793
13851	AT1G09190	2966120	2967733	1613
13852	AT1G09250	2989141	2990427	1286
13853	AT1G09590	3106367	3107801	1434
13854	AT1G09640	3119739	3122542	2803
13855	AT1G11090	3702608	3703779	1171
13856	AT1G10380	3400554	3402420	1866
13857	AT1G10400	3414823	3416474	1651
13858	AT1G10800	3598069	3598885	816
13859	AT1G10810	3599083	3600877	1794
13860	AT1G10990	3670243	3671191	948
13861	AT1G11125	3718652	3719832	1180
13862	AT1G11270	3780386	3787099	6713
13863	AT1G11540	3875442	3877323	1881
13864	AT1G11572	3884342	3884960	618
13865	AT1G11608	3905579	3906818	1239
13866	AT1G11620	3910833	3911924	1091
13867	AT1G11770	3975607	3977379	1772
13868	AT1G11905	4014782	4016544	1762
13869	AT1G13370	4587780	4588661	881
13870	AT1G11920	4023533	4025113	1580
13871	AT1G12030	4064485	4066344	1859
13872	AT1G12080	4084162	4085185	1023
13873	AT1G12180	4130396	4131168	772
13874	AT1G12190	4132967	4134094	1127
13875	AT1G12310	4186653	4188233	1580
13876	AT1G12930	4398322	4405669	7347
13877	AT1G13380	4588994	4590501	1507
13878	AT1G13480	4622550	4624081	1531
13879	AT1G13490	4624564	4626166	1602
13880	AT1G13500	4627789	4629169	1380
13881	AT1G13510	4629203	4630821	1618
13882	AT1G13530	4633590	4635129	1539
13883	AT1G13540	4635463	4636805	1342
13884	AT1G13550	4636984	4638330	1346
13885	AT1G13605	4658538	4659115	577
13886	AT1G13608	4661682	4662428	746
13887	AT1G13670	4688018	4689265	1247
13888	AT1G14453	4947121	4947976	855
13889	AT1G14120	4833396	4835089	1693
13890	AT1G14160	4840562	4841848	1286
13891	AT1G14170	4843184	4845913	2729
13892	AT1G14205	4855533	4856762	1229
13893	AT1G14210	4856778	4857975	1197
13894	AT1G14220	4858450	4859661	1211
13895	AT1G14310	4884951	4886793	1842
13896	AT1G14340	4897346	4899035	1689
13897	AT1G14455	4947819	4948400	581
13898	AT1G14470	4954037	4955702	1665
13899	AT1G14480	4956231	4958076	1845
13900	AT1G14500	4960308	4961800	1492
13901	AT1G15015	5172081	5172923	842
13902	AT1G14550	4978922	4980466	1544
13903	AT1G14630	5019800	5021653	1853
13904	AT1G14688	5049526	5050983	1457
13905	AT1G14960	5159192	5160179	987
13906	AT1G15330	5274271	5275602	1331
13907	AT1G15370	5286866	5288640	1774
13908	AT1G15400	5295756	5297075	1319
13909	AT1G15600	5368923	5370344	1421
13910	AT1G15610	5370677	5371859	1182
13911	AT1G15630	5376793	5378056	1263
13912	AT1G15640	5378886	5380239	1353
13913	AT1G15710	5404130	5405910	1780
13914	AT1G15772	5428520	5429594	1074
13915	AT1G17615	6059389	6060851	1462
13916	AT1G15930	5471316	5473048	1732
13917	AT1G16430	5614593	5615660	1067
13918	AT1G16820	5756835	5758653	1818
13919	AT1G16840	5762694	5764184	1490
13920	AT1G16950	5795879	5796666	787
13921	AT1G16960	5799741	5800887	1146
13922	AT1G17160	5867535	5869436	1901
13923	AT1G17200	5878390	5880073	1683
13924	AT1G17285	5920542	5921483	941
13925	AT1G18320	6304360	6305689	1329
13926	AT1G18530	6376623	6377256	633
13927	AT1G18550	6381441	6384587	3146
13928	AT1G18810	6485515	6487153	1638
13929	AT1G19060	6582066	6583601	1535
13930	AT1G19160	6614087	6615214	1127
13931	AT1G19190	6623823	6624977	1154
13932	AT1G19240	6649243	6650446	1203
13933	AT1G19310	6676210	6677680	1470
13934	AT1G19470	6741296	6742534	1238
13935	AT1G19990	6935218	6936928	1710
13936	AT1G20150	6987272	6990362	3090
13937	AT1G20300	7029629	7031535	1906
13938	AT1G20310	7032070	7033329	1259
13939	AT1G20320	7033657	7034881	1224
13940	AT1G20360	7046504	7047744	1240
13941	AT1G20480	7094833	7097147	2314
13942	AT1G22250	7858864	7859766	902
13943	AT1G20770	7215010	7216897	1887
13944	AT1G20803	7231049	7231600	551
13945	AT1G20810	7231981	7233657	1676
13946	AT1G20816	7233654	7235128	1474
13947	AT1G20890	7265794	7267377	1583
13948	AT1G20940	7295274	7296518	1244
13949	AT1G21000	7337605	7339452	1847
13950	AT1G21010	7346156	7347283	1127
13951	AT1G21050	7366590	7368203	1613
13952	AT1G21510	7531312	7532745	1433
13953	AT1G21530	7545149	7546988	1839
13954	AT1G21722	7628456	7629364	908
13955	AT1G21850	7667803	7670530	2727
13956	AT1G21928	7712211	7712513	302
13957	AT1G21940	7715170	7716975	1805
13958	AT1G21950	7723162	7723954	792
13959	AT1G21960	7725972	7726586	614
13960	AT1G22000	7744094	7745744	1650
13961	AT1G22680	8024967	8026356	1389
13962	AT1G22900	8103612	8104605	993
13963	AT1G23150	8206549	8207618	1069
13964	AT1G23270	8259602	8260144	542
13965	AT1G23600	8360978	8362485	1507
13966	AT1G23645	8369097	8370340	1243
13967	AT1G23660	8371609	8372845	1236
13968	AT1G23750	8400056	8401550	1494
13969	AT1G23780	8406663	8408530	1867
13970	AT3G01030	6657	7772	1115
13971	AT3G01170	57545	58924	1379
13972	AT3G01190	67032	68665	1633
13973	AT3G01210	71556	73407	1851
13974	AT3G01240	78095	79037	942
13975	AT3G01311	102679	104495	1816
13976	AT3G01326	115250	115756	506
13977	AT3G01328	117218	117630	412
13978	AT3G01345	129138	130749	1611
13979	AT3G01400	151725	153263	1538
13980	AT3G01435	166514	168288	1774
13981	AT3G01960	323855	325346	1491
13982	AT3G02125	378087	379612	1525
13983	AT3G02220	412041	413742	1701
13984	AT3G02620	560182	561979	1797
13985	AT3G02645	566191	567951	1760
13986	AT3G02677	575289	576025	736
13987	AT3G02960	667245	668626	1381
13988	AT3G03000	677240	678180	940
13989	AT3G03230	744389	746030	1641
13990	AT3G03290	766685	767863	1178
13991	AT3G03420	812396	814101	1705
13992	AT3G03460	822896	824546	1650
13993	AT3G03500	832718	834600	1882
13994	AT3G03550	850108	851741	1633
13995	AT3G03590	865122	867008	1886
13996	AT3G03670	901728	903411	1683
13997	AT3G03847	982192	982587	395
13998	AT3G03880	997724	999359	1635
13999	AT3G03920	1008995	1010573	1578
14000	AT3G03990	1033579	1035237	1658
14001	AT3G04000	1035238	1036672	1434
14002	AT3G04130	1083772	1086418	2646
14003	AT3G04190	1101878	1102763	885
14004	AT3G04200	1103616	1104614	998
14005	AT3G04320	1143694	1144672	978
14006	AT3G04360	1156908	1158470	1562
14007	AT3G04550	1225919	1227436	1517
14008	AT3G04640	1260906	1261683	777
14009	AT3G04860	1338827	1340623	1796
14010	AT3G04920	1360837	1362449	1612
14011	AT3G05000	1387175	1388831	1656
14012	AT3G05070	1416075	1417842	1767
14013	AT3G05110	1426107	1427719	1612
14014	AT3G05345	1522449	1523889	1440
14015	AT3G05460	1577790	1578788	998
14016	AT3G05560	1614178	1615563	1385
14017	AT3G05600	1623244	1624852	1608
14018	AT3G05725	1692510	1693378	868
14019	AT3G05950	1780938	1782007	1069
14020	AT3G05980	1795145	1796493	1348
14021	AT3G06220	1883348	1884970	1622
14022	AT3G06240	1887043	1888807	1764
14023	AT3G06460	1982659	1983767	1108
14024	AT3G06470	1983731	1985330	1599
14025	AT3G06570	2047219	2048553	1334
14026	AT3G06780	2143488	2144521	1033
14027	AT3G07090	2242998	2244828	1830
14028	AT3G07195	2288732	2290515	1783
14029	AT3G07230	2299773	2300531	758
14030	AT3G07460	2384375	2385982	1607
14031	AT3G07500	2392216	2393778	1562
14032	AT3G07820	2496331	2498095	1764
14033	AT3G07830	2499194	2501035	1841
14034	AT3G07840	2501893	2503565	1672
14035	AT3G07910	2522918	2524168	1250
14036	AT3G07920	2524420	2526229	1809
14037	AT3G08000	2554829	2555929	1100
14038	AT3G08490	2573840	2575258	1418
14039	AT3G08520	2586001	2586343	342
14040	AT3G53080	19677938	19678790	852
14041	AT3G53330	19772930	19773938	1008
14042	AT3G53430	19809313	19810520	1207
14043	AT3G53560	19859585	19861178	1593
14044	AT3G56891	21064088	21064986	898
14045	AT3G53860	19949557	19951350	1793
14046	AT3G53870	19951424	19953018	1594
14047	AT3G53980	19987562	19988463	901
14048	AT3G54240	20080856	20082360	1504
14049	AT3G53990	19989292	19991186	1894
14050	AT3G54070	20022642	20023603	961
14051	AT3G54080	20025267	20027022	1755
14052	AT3G54085	20026581	20027991	1410
14053	AT3G54120	20041126	20042340	1214
14054	AT3G54290	20104352	20106215	1863
14055	AT3G54410	20144398	20145489	1091
14056	AT3G57500	21281804	21282591	787
14057	AT3G54680	20244284	20246080	1796
14058	AT3G54730	20259003	20260458	1455
14059	AT3G59480	21982989	21984598	1609
14060	AT3G55140	20438627	20440452	1825
14061	AT3G55254	20482190	20482813	623
14062	AT3G55520	20593661	20595345	1684
14063	AT3G55580	20612693	20615932	3239
14064	AT3G55670	20658013	20659503	1490
14065	AT3G55690	20666887	20668789	1902
14066	AT3G55720	20679664	20681447	1783
14067	AT3G55820	20713709	20714825	1116
14068	AT3G56230	20860720	20862395	1675
14069	AT3G55840	20716995	20718866	1871
14070	AT3G55920	20743443	20745153	1710
14071	AT3G56010	20788610	20790021	1411
14072	AT3G56220	20858742	20860537	1795
14073	AT3G56260	20867970	20869024	1054
14074	AT3G56290	20878446	20879783	1337
14075	AT3G56350	20893946	20895634	1688
14076	AT3G56360	20896332	20897747	1415
14077	AT3G56670	20989035	20989995	960
14078	AT3G57010	21095600	21097481	1881
14079	AT3G57062	21121323	21122569	1246
14080	AT3G57070	21123859	21125682	1823
14081	AT3G57120	21138821	21140667	1846
14082	AT3G57160	21157852	21158867	1015
14083	AT3G57465	21268194	21269031	837
14084	AT3G09590	2944938	2945513	575
14085	AT3G57540	21301397	21303230	1833
14086	AT3G57580	21320491	21322379	1888
14087	AT3G57590	21329919	21331502	1583
14088	AT3G57620	21337533	21339301	1768
14089	AT3G57730	21389854	21391614	1760
14090	AT3G57750	21393963	21395288	1325
14091	AT3G58200	21559817	21561516	1699
14092	AT3G58210	21562442	21564067	1625
14093	AT3G58240	21568459	21569827	1368
14094	AT3G58250	21570745	21572143	1398
14095	AT3G58290	21580572	21581861	1289
14096	AT3G58330	21587362	21588002	640
14097	AT3G58340	21589071	21590401	1330
14098	AT3G58370	21595774	21597116	1342
14099	AT3G58380	21597799	21599608	1809
14100	AT3G58390	21600030	21601334	1304
14101	AT3G58660	21701520	21703114	1594
14102	AT3G58720	21716544	21717997	1453
14103	AT3G58800	21748228	21749928	1700
14104	AT3G58860	21763720	21765306	1586
14105	AT3G58877	21768188	21768367	179
14106	AT3G58880	21768485	21770167	1682
14107	AT3G58910	21775306	21776079	773
14108	AT3G58920	21776293	21777988	1695
14109	AT3G59295	21916156	21916756	600
14110	AT3G58950	21783989	21785840	1851
14111	AT3G58960	21787146	21788807	1661
14112	AT3G59130	21860986	21862807	1821
14113	AT3G59150	21872831	21874422	1591
14114	AT3G59160	21875023	21876690	1667
14115	AT3G59180	21880719	21882459	1740
14116	AT3G59240	21898682	21900364	1682
14117	AT3G08630	2620713	2622220	1507
14118	AT3G09032	2757326	2758349	1023
14119	AT3G09035	2758812	2760382	1570
14120	AT3G59250	21901570	21903284	1714
14121	AT3G59260	21903839	21905188	1349
14122	AT3G09055	2765069	2765500	431
14123	AT3G59270	21906545	21907872	1327
14124	AT3G09490	2915550	2916870	1320
14125	AT3G09110	2794165	2795991	1826
14126	AT3G09120	2796958	2798764	1806
14127	AT3G09130	2799312	2800505	1193
14128	AT3G09190	2821448	2822936	1488
14129	AT3G09860	3025993	3027250	1257
14130	AT3G09970	3063736	3065577	1841
14131	AT3G10120	3130072	3130891	819
14132	AT3G10470	3260141	3261854	1713
14133	AT3G10527	3281676	3282050	374
14134	AT3G10590	3310208	3311327	1119
14135	AT3G10605	3318194	3318881	687
14136	AT3G10630	3321463	3323272	1809
14137	AT3G10780	3375105	3376335	1230
14138	AT3G10790	3377410	3378369	959
14139	AT3G10986	3444077	3445772	1695
14140	AT3G10900	3410252	3412070	1818
14141	AT3G10915	3415933	3417809	1876
14142	AT3G11100	3476187	3477900	1713
14143	AT3G11110	3479673	3480629	956
14144	AT3G11160	3496035	3497163	1128
14145	AT3G11165	3497806	3499090	1284
14146	AT3G11250	3521329	3523071	1742
14147	AT3G11310	3542536	3544333	1797
14148	AT3G11350	3558495	3560078	1583
14149	AT3G11380	3564079	3565779	1700
14150	AT3G11510	3623448	3624961	1513
14151	AT3G11770	3721296	3722741	1445
14152	AT3G11773	3722892	3724013	1121
14153	AT3G11780	3723894	3725618	1724
14154	AT3G11810	3727771	3729059	1288
14155	AT3G12040	3835129	3836849	1720
14156	AT3G12420	3948014	3949003	989
14157	AT3G12440	3951108	3952260	1152
14158	AT3G12460	3954514	3955550	1036
14159	AT3G12470	3955961	3956827	866
14160	AT3G12510	3967058	3967822	764
14161	AT3G12587	3994340	3995671	1331
14162	AT3G12710	4040324	4042075	1751
14163	AT3G12730	4047012	4048704	1692
14164	AT3G12775	4059772	4060944	1172
14165	AT3G12830	4078651	4079627	976
14166	AT3G12833	4082969	4084090	1121
14167	AT3G12880	4095414	4096236	822
14168	AT3G12900	4104463	4106341	1878
14169	AT3G12910	4109375	4110849	1474
14170	AT3G12970	4140878	4142548	1670
14171	AT3G13130	4222912	4223759	847
14172	AT3G13140	4226654	4227528	874
14173	AT3G13160	4229829	4231408	1579
14174	AT3G13190	4240139	4242008	1869
14175	AT3G13228	4266964	4268251	1287
14176	AT3G13229	4268382	4269691	1309
14177	AT3G13275	4289086	4289860	774
14178	AT3G13280	4295327	4297000	1673
14179	AT3G13610	4449259	4450811	1552
14180	AT3G13660	4464797	4465791	994
14181	AT3G13662	4467090	4468498	1408
14182	AT3G13677	4475887	4477092	1205
14183	AT3G13680	4477289	4478751	1462
14184	AT3G13840	4555234	4556982	1748
14185	AT3G13845	4557293	4558715	1422
14186	AT3G13898	4583315	4584487	1172
14187	AT3G15440	5211795	5212506	711
14188	AT3G14260	4747769	4748859	1090
14189	AT3G14380	4802952	4804468	1516
14190	AT3G14395	4810888	4811481	593
14191	AT3G14530	4879091	4880483	1392
14192	AT3G14600	4910629	4912289	1660
14193	AT3G14780	4961777	4963569	1792
14194	AT3G14981	5045110	5045328	218
14195	AT3G15518	5249112	5249754	642
14196	AT3G15110	5084278	5085942	1664
14197	AT3G15115	5085992	5087496	1504
14198	AT3G15420	5207575	5208509	934
14199	AT3G15200	5117489	5119060	1571
14200	AT3G15250	5136262	5137195	933
14201	AT3G15280	5143965	5144750	785
14202	AT3G15300	5147244	5148340	1096
14203	AT3G15351	5175948	5177721	1773
14204	AT3G15356	5174402	5175523	1121
14205	AT3G15357	5187082	5187789	707
14206	AT3G15358	5177811	5178966	1155
14207	AT3G15395	5200639	5201514	875
14208	AT3G15450	5212984	5214124	1140
14209	AT3G15480	5226161	5227935	1774
14210	AT3G15490	5229124	5230646	1522
14211	AT3G15530	5252699	5254562	1863
14212	AT3G15534	5258715	5259354	639
14213	AT3G15630	5296841	5297851	1010
14214	AT3G15670	5309886	5310988	1102
14215	AT3G15680	5314817	5316617	1800
14216	AT3G15700	5320644	5322432	1788
14217	AT3G15710	5323262	5324966	1704
14218	AT3G15740	5333769	5334553	784
14219	AT3G15750	5334844	5336485	1641
14220	AT3G15760	5337475	5338562	1087
14221	AT3G15770	5339992	5341339	1347
14222	AT3G17140	5846002	5846589	587
14223	AT3G15780	5341356	5342557	1201
14224	AT3G15810	5347762	5349321	1559
14225	AT3G15830	5354874	5356426	1552
14226	AT3G15860	5361207	5361719	512
14227	AT3G15870	5362888	5364544	1656
14228	AT3G15900	5376251	5377179	928
14229	AT3G15910	5382061	5383069	1008
14230	AT3G16020	5437962	5439461	1499
14231	AT3G16040	5443081	5443952	871
14232	AT3G16070	5451533	5452363	830
14233	AT3G16080	5454762	5455942	1180
14234	AT3G16120	5464728	5465585	857
14235	AT3G16175	5480416	5481379	963
14236	AT3G16190	5489701	5491332	1631
14237	AT3G16210	5494480	5495725	1245
14238	AT3G16280	5518211	5519271	1060
14239	AT3G16300	5525322	5526212	890
14240	AT3G16330	5535124	5536237	1113
14241	AT3G59370	21941765	21942571	806
14242	AT3G16510	5616801	5618322	1521
14243	AT3G16530	5624326	5625519	1193
14244	AT3G16555	5633426	5634542	1116
14245	AT3G16580	5647376	5648746	1370
14246	AT3G16590	5649932	5651056	1124
14247	AT3G16660	5676749	5678099	1350
14248	AT3G16670	5681380	5682362	982
14249	AT3G16680	5683336	5684278	942
14250	AT3G16710	5689861	5691543	1682
14251	AT3G16740	5699310	5700991	1681
14252	AT3G16895	5770868	5771544	676
14253	AT3G16750	5700998	5702598	1600
14254	AT3G16780	5708826	5710579	1753
14255	AT3G16820	5728016	5729174	1158
14256	AT3G16880	5766733	5767830	1097
14257	AT3G23245	8300381	8300833	452
14258	AT3G16900	5772080	5773071	991
14259	AT3G16930	5778876	5779363	487
14260	AT3G16960	5791812	5792264	452
14261	AT3G16990	5795123	5796893	1770
14262	AT3G17020	5802493	5804282	1789
14263	AT3G17060	5816672	5818498	1826
14264	AT3G17080	5825289	5825867	578
14265	AT3G17100	5831136	5832733	1597
14266	AT3G17130	5844277	5845220	943
14267	AT3G17150	5847258	5848195	937
14268	AT3G17152	5848787	5849660	873
14269	AT3G17155	5850744	5851397	653
14270	AT3G17160	5852049	5853080	1031
14271	AT3G17190	5867392	5868181	789
14272	AT3G17225	5884293	5885140	847
14273	AT3G17227	5886333	5887018	685
14274	AT3G17230	5888633	5889236	603
14275	AT3G17261	5898002	5898109	107
14276	AT3G17265	5899515	5900637	1122
14277	AT3G17270	5902479	5902886	407
14278	AT3G17460	5976645	5977727	1082
14279	AT3G17280	5902935	5904644	1709
14280	AT3G17350	5934033	5935376	1343
14281	AT3G17400	5954887	5955444	557
14282	AT3G17480	5983196	5984320	1124
14283	AT3G17490	5984827	5985993	1166
14284	AT3G17500	5986682	5988498	1816
14285	AT3G17520	5999174	6000447	1273
14286	AT3G17530	6000860	6002282	1422
14287	AT3G17540	6002783	6003973	1190
14288	AT3G17550	6005114	6006004	890
14289	AT3G17560	6006762	6008003	1241
14290	AT3G17570	6009407	6010562	1155
14291	AT3G17580	6015184	6015944	760
14292	AT3G17620	6026446	6027694	1248
14293	AT3G17626	6027993	6028826	833
14294	AT3G17640	6032072	6033861	1789
14295	AT3G17655	6034122	6035497	1375
14296	AT3G17670	6040797	6042196	1399
14297	AT3G17675	6042244	6042850	606
14298	AT3G17680	6042907	6044762	1855
14299	AT3G17710	6055495	6056778	1283
14300	AT3G17717	6061180	6061762	582
14301	AT3G17720	6062446	6063483	1037
14302	AT3G17765	6078884	6080468	1584
14303	AT3G17780	6086909	6088755	1846
14304	AT3G17890	6127001	6128315	1314
14305	AT3G17950	6146015	6147354	1339
14306	AT3G59590	22014167	22015768	1601
14307	AT3G18120	6210090	6210572	482
14308	AT3G18150	6217929	6219500	1571
14309	AT3G18170	6227341	6229721	2380
14310	AT3G18180	6230270	6231878	1608
14311	AT3G18235	6254370	6255301	931
14312	AT3G18260	6260135	6261606	1471
14313	AT3G18280	6266946	6267648	702
14314	AT3G18282	6267875	6268586	711
14315	AT3G18295	6281204	6282306	1102
14316	AT3G59610	22019553	22021308	1755
14317	AT3G18320	6289039	6290401	1362
14318	AT3G18330	6291058	6292320	1262
14319	AT3G18340	6294018	6295134	1116
14320	AT3G18360	6300620	6301812	1192
14321	AT3G18410	6323143	6324579	1436
14322	AT3G18420	6324632	6325866	1234
14323	AT3G18430	6325858	6327692	1834
14324	AT3G18450	6331033	6332259	1226
14325	AT3G18460	6333048	6333948	900
14326	AT3G18470	6334822	6335822	1000
14327	AT3G18510	6355497	6356355	858
14328	AT3G18560	6393747	6394842	1095
14329	AT3G18570	6395790	6396624	834
14330	AT3G18580	6396747	6398261	1514
14331	AT3G18915	6524051	6524567	516
14332	AT3G18700	6431722	6432905	1183
14333	AT3G18720	6444367	6445808	1441
14334	AT3G18760	6457677	6459725	2048
14335	AT3G18773	6465748	6467175	1427
14336	AT3G18957	6541535	6541807	272
14337	AT3G19663	6826664	6827153	489
14338	AT3G18775	6466331	6468015	1684
14339	AT3G18800	6479587	6480463	876
14340	AT3G59620	22023435	22024700	1265
14341	AT3G18870	6508385	6509343	958
14342	AT3G18880	6509500	6510702	1202
14343	AT3G18905	6520205	6520792	587
14344	AT3G18960	6542456	6543676	1220
14345	AT3G19000	6553440	6555147	1707
14346	AT3G19030	6563928	6564424	496
14347	AT3G19055	6592316	6592942	626
14348	AT3G19070	6593773	6594977	1204
14349	AT3G19085	6599577	6600584	1007
14350	AT3G19120	6609350	6611138	1788
14351	AT3G19200	6649228	6650199	971
14352	AT3G19410	6729585	6730706	1121
14353	AT3G19250	6666609	6668395	1786
14354	AT3G19274	6678630	6679229	599
14355	AT3G19320	6696301	6698184	1883
14356	AT3G19400	6725383	6727105	1722
14357	AT3G19470	6749432	6751083	1651
14358	AT3G19480	6752422	6754785	2363
14359	AT3G19508	6762034	6762754	720
14360	AT3G19530	6774970	6775848	878
14361	AT3G19550	6787127	6788424	1297
14362	AT3G19552	6787352	6787930	578
14363	AT3G19660	6825433	6826585	1152
14364	AT3G19560	6793311	6794802	1491
14365	AT3G19565	6796022	6796906	884
14366	AT3G19595	6808585	6809508	923
14367	AT3G19613	6814588	6816078	1490
14368	AT3G19615	6814966	6815403	437
14369	AT3G19690	6842220	6842856	636
14370	AT3G19790	6874603	6875911	1308
14371	AT3G19800	6876043	6877642	1599
14372	AT3G19880	6911435	6912604	1169
14373	AT3G19890	6914910	6916142	1232
14374	AT3G20610	7196723	7197391	668
14375	AT3G19940	6938211	6939975	1764
14376	AT3G59640	22028649	22030505	1856
14377	AT3G59650	22033129	22034228	1099
14378	AT3G20160	7038957	7040198	1241
14379	AT3G19990	6965595	6967321	1726
14380	AT3G20030	6990254	6991462	1208
14381	AT3G20155	7037135	7038375	1240
14382	AT3G20170	7041552	7043375	1823
14383	AT3G20180	7043385	7044361	976
14384	AT3G20220	7054828	7055456	628
14385	AT3G20230	7055353	7056847	1494
14386	AT3G20340	7092765	7093526	761
14387	AT3G20360	7099771	7101637	1866
14388	AT3G20362	7103817	7104250	433
14389	AT3G20380	7108097	7109970	1873
14390	AT3G20450	7130586	7131327	741
14391	AT3G21305	7492980	7493434	454
14392	AT3G20510	7160677	7162395	1718
14393	AT3G20555	7178200	7178614	414
14394	AT3G20557	7180037	7181079	1042
14395	AT3G20590	7191559	7192641	1082
14396	AT3G20680	7230068	7231194	1126
14397	AT3G20690	7231570	7232682	1112
14398	AT3G20700	7233525	7234505	980
14399	AT3G20710	7237818	7239149	1331
14400	AT3G20820	7280792	7282377	1585
14401	AT3G20850	7304127	7304714	587
14402	AT3G20898	7323635	7324634	999
14403	AT3G20900	7323984	7324670	686
14404	AT3G21000	7363880	7365391	1511
14405	AT3G21080	7388258	7390031	1773
14406	AT3G21120	7406326	7407429	1103
14407	AT3G21130	7408246	7409349	1103
14408	AT3G21165	7418695	7419441	746
14409	AT3G21170	7419917	7421366	1449
14410	AT3G21215	7441451	7445312	3861
14411	AT3G21351	7518784	7519477	693
14412	AT3G21352	7519865	7520549	684
14413	AT3G21360	7522804	7524580	1776
14414	AT3G21410	7536719	7537951	1232
14415	AT3G21450	7553965	7555236	1271
14416	AT3G21460	7557297	7557969	672
14417	AT3G21470	7563503	7565160	1657
14418	AT3G21473	7565166	7567014	1848
14419	AT3G21490	7573065	7573669	604
14420	AT3G21570	7599782	7600920	1138
14421	AT3G21610	7608942	7610803	1861
14422	AT3G21680	7633214	7634223	1009
14423	AT3G21710	7648316	7649894	1578
14424	AT3G21770	7673276	7674839	1563
14425	AT3G21790	7676818	7678542	1724
14426	AT3G21900	7715348	7716387	1039
14427	AT3G21910	7717268	7718405	1137
14428	AT3G21920	7720597	7721744	1147
14429	AT3G21930	7723242	7724361	1119
14430	AT3G22040	7761807	7762751	944
14431	AT3G21940	7729646	7731249	1603
14432	AT3G21945	7732263	7733294	1031
14433	AT3G21960	7736980	7738218	1238
14434	AT3G21970	7742250	7743659	1409
14435	AT3G21980	7745143	7746200	1057
14436	AT3G22100	7783638	7784469	831
14437	AT3G21990	7749247	7750602	1355
14438	AT3G22000	7751686	7753348	1662
14439	AT3G22010	7754311	7755762	1451
14440	AT3G22020	7756458	7757491	1033
14441	AT3G22030	7759317	7760738	1421
14442	AT3G22050	7763968	7765326	1358
14443	AT3G22053	7767433	7768526	1093
14444	AT3G22057	7769346	7770261	915
14445	AT3G22060	7770899	7772357	1458
14446	AT3G22070	7775329	7776109	780
14447	AT3G22080	7777818	7779243	1425
14448	AT3G22085	7780126	7781718	1592
14449	AT3G59730	22064192	22065957	1765
14450	AT3G22090	7782910	7783561	651
14451	AT3G22160	7817779	7818985	1206
14452	AT3G22210	7838784	7839467	683
14453	AT3G22230	7843536	7844597	1061
14454	AT3G22235	7854419	7855814	1395
14455	AT3G22240	7863606	7864895	1289
14456	AT3G22275	7878807	7879810	1003
14457	AT3G22333	7896153	7896764	611
14458	AT3G22337	7896819	7897426	607
14459	AT3G22345	7899215	7900514	1299
14460	AT3G22350	7901905	7903041	1136
14461	AT3G22415	7940914	7941785	871
14462	AT3G22421	7949106	7950440	1334
14463	AT3G22450	7962307	7963516	1209
14464	AT3G22490	7969681	7970843	1162
14465	AT3G22510	7973394	7974395	1001
14466	AT3G22530	7977604	7978635	1031
14467	AT3G22540	7984076	7984833	757
14468	AT3G22560	7998625	7999552	927
14469	AT3G22570	7999707	8001263	1556
14470	AT3G22580	8002762	8003145	383
14471	AT3G22600	8006249	8007836	1587
14472	AT3G22620	8008534	8009590	1056
14473	AT3G22660	8016051	8017508	1457
14474	AT3G22670	8017654	8019552	1898
14475	AT3G22700	8024794	8025906	1112
14476	AT3G22710	8026202	8027274	1072
14477	AT3G22720	8028961	8030100	1139
14478	AT3G22730	8031341	8032459	1118
14479	AT3G22770	8047684	8048667	983
14480	AT3G22940	8131468	8132706	1238
14481	AT3G22845	8087238	8088824	1586
14482	AT3G22850	8088810	8090470	1660
14483	AT3G22870	8096230	8097471	1241
14484	AT3G22920	8122598	8123432	834
14485	AT3G22935	8130391	8131130	739
14486	AT3G22961	8142070	8143027	957
14487	AT3G23122	8234261	8234588	327
14488	AT3G23123	8234314	8234559	245
14489	AT3G23145	8252138	8253196	1058
14490	AT3G23170	8267920	8268961	1041
14491	AT3G23172	8272138	8272657	519
14492	AT3G23175	8273772	8275565	1793
14493	AT3G23180	8276808	8278561	1753
14494	AT3G23190	8279271	8280912	1641
14495	AT3G23200	8281338	8282786	1448
14496	AT3G23255	8311722	8313125	1403
14497	AT3G23260	8313334	8314575	1241
14498	AT3G23300	8332797	8336235	3438
14499	AT3G23320	8344629	8345204	575
14500	AT3G23325	8345770	8347142	1372
14501	AT3G23350	8354077	8355410	1333
14502	AT3G23360	8355238	8356393	1155
14503	AT3G23390	8375333	8376436	1103
14504	AT3G23420	8386273	8387366	1093
14505	AT3G23605	8476482	8477392	910
14506	AT3G23633	8496440	8497281	841
14507	AT3G23650	8510689	8511196	507
14508	AT3G23680	8526366	8527173	807
14509	AT3G23685	8527239	8528317	1078
14510	AT3G23840	8610979	8612742	1763
14511	AT3G23880	8621986	8623214	1228
14512	AT3G23900	8631482	8636066	4584
14513	AT3G23930	8646746	8647947	1201
14514	AT3G23950	8652908	8654164	1256
14515	AT3G23960	8657736	8658980	1244
14516	AT3G23970	8660447	8661688	1241
14517	AT3G24020	8678678	8679656	978
14518	AT3G24510	8931916	8932813	897
14519	AT3G24030	8679819	8680905	1086
14520	AT3G24060	8689589	8690032	443
14521	AT3G24065	8690574	8691155	581
14522	AT3G24070	8693061	8694770	1709
14523	AT3G24093	8701322	8702466	1144
14524	AT3G24100	8703220	8704311	1091
14525	AT3G24110	8704208	8705550	1342
14526	AT3G24130	8711663	8713424	1761
14527	AT3G24150	8724097	8725986	1889
14528	AT3G24250	8786689	8787391	702
14529	AT3G25011	9112961	9113518	557
14530	AT3G24260	8793837	8794961	1124
14531	AT3G24463	8887006	8888364	1358
14532	AT3G24330	8830336	8831838	1502
14533	AT3G24450	8880012	8881779	1767
14534	AT3G24508	8930098	8930638	540
14535	AT3G24480	8901154	8902835	1681
14536	AT3G24490	8910422	8912223	1801
14537	AT3G24506	8927864	8929376	1512
14538	AT3G24514	8937382	8938949	1567
14539	AT3G24516	8937588	8937776	188
14540	AT3G24517	8938106	8938641	535
14541	AT3G24535	8951868	8952761	893
14542	AT3G25012	9111934	9112416	482
14543	AT3G24542	8956257	8957667	1410
14544	AT3G24580	8969162	8970298	1136
14545	AT3G24600	8972195	8973319	1124
14546	AT3G24605	8973520	8974867	1347
14547	AT3G24610	8975366	8976575	1209
14548	AT3G24640	8992265	8992948	683
14549	AT3G24690	9020651	9021491	840
14550	AT3G24700	9022281	9023453	1172
14551	AT3G24730	9029758	9030894	1136
14552	AT3G24740	9031078	9033850	2772
14553	AT3G24750	9035980	9037785	1805
14554	AT3G24790	9052869	9054591	1722
14555	AT3G24830	9064525	9066180	1655
14556	AT3G24850	9071105	9072184	1079
14557	AT3G24860	9073623	9074682	1059
14558	AT3G25080	9136631	9138052	1421
14559	AT3G25090	9140039	9141094	1055
14560	AT3G25120	9149528	9151334	1806
14561	AT3G25130	9152170	9153944	1774
14562	AT3G25190	9174398	9175866	1468
14563	AT3G25200	9176932	9178268	1336
14564	AT3G25210	9180244	9181955	1711
14565	AT3G25221	9184688	9184792	104
14566	AT3G25240	9192493	9193615	1122
14567	AT3G25270	9203934	9204965	1031
14568	AT3G25280	9206183	9208036	1853
14569	AT3G25290	9208861	9210653	1792
14570	AT3G25400	9212862	9214283	1421
14571	AT3G25460	9231581	9232666	1085
14572	AT3G25480	9235171	9236648	1477
14573	AT3G25597	9305696	9306766	1070
14574	AT3G25490	9241725	9243485	1760
14575	AT3G25493	9243096	9243600	504
14576	AT3G25545	9276845	9278691	1846
14577	AT3G25550	9278878	9279587	709
14578	AT3G25577	9291620	9292092	472
14579	AT3G25600	9306776	9307967	1191
14580	AT3G25640	9333662	9334889	1227
14581	AT3G25700	9358719	9360582	1863
14582	AT3G25719	9379916	9380152	236
14583	AT3G25720	9380234	9381405	1171
14584	AT3G25727	9393511	9394334	823
14585	AT3G25750	9400955	9402088	1133
14586	AT3G25850	9458178	9458954	776
14587	AT3G25855	9459411	9460299	888
14588	AT3G25870	9463305	9464676	1371
14589	AT3G25880	9469105	9470033	928
14590	AT3G25930	9492765	9494302	1537
14591	AT3G25940	9494626	9496092	1466
14592	AT3G25950	9496102	9497271	1169
14593	AT3G25960	9498439	9499932	1493
14594	AT3G26010	9511901	9513316	1415
14595	AT3G26040	9519741	9521094	1353
14596	AT3G26235	9602005	9602921	916
14597	AT3G26080	9528774	9530582	1808
14598	AT3G26135	9556060	9557425	1365
14599	AT3G26147	9565083	9565375	292
14600	AT3G26237	9603179	9604476	1297
14601	AT3G26250	9611696	9613168	1472
14602	AT3G26350	9653660	9655495	1835
14603	AT3G26360	9655499	9656545	1046
14604	AT3G26390	9663450	9663950	500
14605	AT3G26395	9665548	9666307	759
14606	AT3G26445	9680120	9680746	626
14607	AT3G26460	9683682	9684657	975
14608	AT3G26470	9685932	9687642	1710
14609	AT3G26512	9711769	9712264	495
14610	AT3G26539	9743608	9744204	596
14611	AT3G26580	9758797	9760548	1751
14612	AT3G26616	9787574	9788141	567
14613	AT3G26630	9791267	9793023	1756
14614	AT3G26742	9831026	9831858	832
14615	AT3G26760	9843460	9845176	1716
14616	AT3G26770	9845334	9847200	1866
14617	AT3G26800	9862173	9862778	605
14618	AT3G26855	9898515	9899456	941
14619	AT3G26860	9901294	9902119	825
14620	AT3G26880	9906068	9906781	713
14621	AT3G26930	9925555	9927393	1838
14622	AT3G26934	9927523	9929269	1746
14623	AT3G26960	9944466	9945861	1395
14624	AT3G27027	9971772	9972230	458
14625	AT3G27030	9972508	9974225	1717
14626	AT3G27040	9974768	9976390	1622
14627	AT3G27050	9978095	9979843	1748
14628	AT3G27100	9994481	9996115	1634
14629	AT3G27140	10006891	10008174	1283
14630	AT3G27185	10035096	10036359	1263
14631	AT3G27200	10043522	10044539	1017
14632	AT3G27250	10061009	10062870	1861
14633	AT3G27330	10116674	10120645	3971
14634	AT3G27331	10115541	10116278	737
14635	AT3G27340	10121234	10123128	1894
14636	AT3G27355	10127897	10128776	879
14637	AT3G27360	10129105	10129937	832
14638	AT3G27410	10145071	10145900	829
14639	AT3G27415	10147066	10147992	926
14640	AT3G27420	10148555	10150420	1865
14641	AT3G27425	10150993	10151388	395
14642	AT3G27520	10192294	10193500	1206
14643	AT3G27590	10220326	10221857	1531
14644	AT3G27600	10223743	10224948	1205
14645	AT3G27630	10230892	10231567	675
14646	AT3G27809	10307417	10308403	986
14647	AT3G27831	10319481	10320092	611
14648	AT3G27835	10321741	10322306	565
14649	AT3G27880	10338148	10339528	1380
14650	AT3G27900	10352462	10353875	1413
14651	AT3G27910	10357232	10358281	1049
14652	AT3G27999	10402872	10403511	639
14653	AT3G28875	10892804	10893379	575
14654	AT3G28020	10417906	10419149	1243
14655	AT3G28140	10470392	10471523	1131
14656	AT3G28155	10484781	10485991	1210
14657	AT3G28190	10512235	10513057	822
14658	AT3G28200	10517977	10519516	1539
14659	AT3G28223	10527477	10528961	1484
14660	AT3G28230	10529215	10530199	984
14661	AT3G28250	10533324	10533689	365
14662	AT3G28280	10540646	10541670	1024
14663	AT3G28320	10581831	10582784	953
14664	AT3G28330	10586566	10587759	1193
14665	AT3G28335	10588152	10589015	863
14666	AT3G28420	10654470	10655555	1085
14667	AT3G28490	10679028	10680695	1667
14668	AT3G28500	10682029	10682979	950
14669	AT3G28520	10688323	10689759	1436
14670	AT3G28900	10902003	10904458	2455
14671	AT3G28922	10946033	10946348	315
14672	AT3G28560	10707096	10708591	1495
14673	AT3G28570	10710405	10712028	1623
14674	AT3G28580	10715597	10717393	1796
14675	AT3G28600	10722394	10723995	1601
14676	AT3G28610	10724990	10726414	1424
14677	AT3G28620	10727826	10728716	890
14678	AT3G28635	10729313	10731391	2078
14679	AT3G28640	10731518	10733032	1514
14680	AT3G28674	10747818	10747994	176
14681	AT3G28680	10748751	10749734	983
14682	AT3G28750	10791499	10792846	1347
14683	AT3G28790	10813224	10815699	2475
14684	AT3G28810	10822181	10823985	1804
14685	AT3G28840	10838395	10840059	1664
14686	AT3G28870	10890355	10891839	1484
14687	AT3G28925	10957887	10959610	1723
14688	AT3G29000	11005638	11006514	876
14689	AT3G28940	10968043	10969858	1815
14690	AT3G28950	10976108	10977527	1419
14691	AT3G28980	10993117	10995006	1889
14692	AT3G28990	11002351	11003072	721
14693	AT3G29010	11006564	11008216	1652
14694	AT3G29033	11024007	11024889	882
14695	AT3G29034	11030035	11030906	871
14696	AT3G29040	11037301	11038746	1445
14697	AT3G29050	11039355	11040755	1400
14698	AT3G29070	11050081	11051153	1072
14699	AT3G29075	11051207	11052756	1549
14700	AT3G29140	11105746	11106144	398
14701	AT3G29152	11114052	11114491	439
14702	AT3G29173	11138404	11139178	774
14703	AT3G29240	11191263	11193044	1781
14704	AT3G29260	11215952	11216866	914
14705	AT3G30383	11984594	11985002	408
14706	AT3G29280	11236576	11238043	1467
14707	AT3G29300	11246750	11247873	1123
14708	AT3G29305	11248672	11249491	819
14709	AT3G29330	11257684	11259074	1390
14710	AT3G29385	11284395	11285402	1007
14711	AT3G29430	11311266	11312823	1557
14712	AT3G29455	11348729	11350267	1538
14713	AT3G29560	11359512	11360208	696
14714	AT3G30385	11988319	11988767	448
14715	AT3G29570	11363806	11364789	983
14716	AT3G29580	11394675	11395871	1196
14717	AT3G29630	11447002	11448675	1673
14718	AT3G29633	11452509	11453528	1019
14719	AT3G30387	11992043	11992491	448
14720	AT3G29635	11465695	11467254	1559
14721	AT3G29636	11467964	11468857	893
14722	AT3G29637	11471115	11472130	1015
14723	AT3G29638	11473109	11475559	2450
14724	AT3G29639	11478633	11480033	1400
14725	AT3G29645	11480384	11481190	806
14726	AT3G29680	11531353	11533028	1675
14727	AT3G29690	11540641	11541549	908
14728	AT3G29740	11578468	11578847	379
14729	AT3G29750	11579125	11580600	1475
14730	AT3G43290	15230568	15231115	547
14731	AT3G29763	11593924	11595441	1517
14732	AT3G29765	11595467	11597077	1610
14733	AT3G29785	11612357	11612686	329
14734	AT3G29790	11693095	11693622	527
14735	AT3G29791	11695756	11696771	1015
14736	AT3G29794	14884504	14885709	1205
14737	AT3G29830	11737049	11738847	1798
14738	AT3G29970	11745197	11746570	1373
14739	AT3G30160	11783650	11785377	1727
14740	AT3G30220	11877866	11878458	592
14741	AT3G30222	11878632	11878907	275
14742	AT3G30235	11882266	11883625	1359
14743	AT3G30247	11888176	11888726	550
14744	AT3G30280	11914366	11915697	1331
14745	AT3G30305	11924744	11926139	1395
14746	AT3G30370	11965180	11965719	539
14747	AT3G30460	12104312	12105111	799
14748	AT3G30520	12130340	12132173	1833
14749	AT3G30525	12132865	12133498	633
14750	AT3G30540	12144792	12146502	1710
14751	AT3G30580	12167577	12168181	604
14752	AT3G30730	12357280	12358128	848
14753	AT3G30739	12369195	12370405	1210
14754	AT3G30820	12529843	12531235	1392
14755	AT3G30805	12488978	12489925	947
14756	AT3G30823	12560822	12562099	1277
14757	AT3G31350	12702587	12703222	635
14758	AT3G31430	12795861	12796871	1010
14759	AT3G31550	12836283	12837110	827
14760	AT3G31560	12870400	12870856	456
14761	AT3G31925	12931025	12932241	1216
14762	AT3G32040	13047645	13049106	1461
14763	AT3G32047	13061048	13062768	1720
14764	AT3G32050	13067626	13068582	956
14765	AT3G32090	13078956	13079921	965
14766	AT3G32130	13127479	13128165	686
14767	AT3G42140	14302060	14303018	958
14768	AT3G32150	13143627	13144825	1198
14769	AT3G32160	13145440	13145953	513
14770	AT3G32190	13163278	13164557	1279
14771	AT3G32330	13276082	13277155	1073
14772	AT3G32410	13368435	13369133	698
14773	AT3G32420	13374402	13375467	1065
14774	AT3G32896	13424905	13425833	928
14775	AT3G32904	13451438	13452807	1369
14776	AT3G32930	13489249	13490906	1657
14777	AT3G32960	13499677	13500415	738
14778	AT3G33187	14020687	14021392	705
14779	AT3G33293	14037060	14037626	566
14780	AT3G33494	14038360	14039358	998
14781	AT3G42153	14311751	14312254	503
14782	AT3G33528	14082640	14084346	1706
14783	AT3G36659	2100021	2101402	1381
14784	AT3G41762	14195447	14196865	1418
14785	AT3G42075	14297931	14299337	1406
14786	AT3G42130	14298241	14298883	642
14787	AT3G44140	15885077	15885380	303
14788	AT3G42155	14312295	14313498	1203
14789	AT3G42160	14314583	14315634	1051
14790	AT3G42310	14459818	14461497	1679
14791	AT3G42390	14518021	14518467	446
14792	AT3G42565	14683051	14683410	359
14793	AT3G42990	15030354	15031152	798
14794	AT3G42570	14689058	14690388	1330
14795	AT3G42628	14720735	14720872	137
14796	AT3G42630	14722250	14723919	1669
14797	AT3G42660	14751280	14755701	4421
14798	AT3G42725	14842849	14843718	869
14799	AT3G42780	14871213	14871743	530
14800	AT3G42786	14876476	14877255	779
14801	AT3G45245	16578384	16578734	350
14802	AT3G42800	14905230	14907035	1805
14803	AT3G42830	14929714	14930678	964
14804	AT3G42870	14949456	14951279	1823
14805	AT3G42940	15006613	15007194	581
14806	AT3G43110	15091521	15092521	1000
14807	AT3G43150	15143695	15144432	737
14808	AT3G43153	15150104	15150916	812
14809	AT3G43170	15172148	15172754	606
14810	AT3G43180	15178043	15178937	894
14811	AT3G43250	15216585	15217574	989
14812	AT3G43280	15229778	15230251	473
14813	AT3G43291	15231277	15232108	831
14814	AT3G43340	15284861	15285851	990
14815	AT3G43400	15332136	15333703	1567
14816	AT3G43410	15340504	15341109	605
14817	AT3G43420	15345315	15345679	364
14818	AT3G43430	15354535	15355494	959
14819	AT3G43432	15359783	15360090	307
14820	AT3G43470	15391568	15393281	1713
14821	AT3G43490	15398859	15400079	1220
14822	AT3G43500	15400257	15400718	461
14823	AT3G43503	15400717	15401123	406
14824	AT3G43550	15448635	15450057	1422
14825	AT3G43570	15473345	15474765	1420
14826	AT3G43580	15502016	15503638	1622
14827	AT3G43583	15506774	15507076	302
14828	AT3G43590	15509527	15512574	3047
14829	AT3G43630	15538816	15539418	602
14830	AT3G43660	15565224	15566047	823
14831	AT3G43682	15584589	15585426	837
14832	AT3G43710	15605608	15606744	1136
14833	AT3G43740	15644009	15645688	1679
14834	AT3G43750	15646460	15647566	1106
14835	AT3G43833	15687554	15688773	1219
14836	AT3G43837	15690840	15692202	1362
14837	AT3G43840	15700352	15701843	1491
14838	AT3G43850	15702085	15704391	2306
14839	AT3G43870	15728176	15729150	974
14840	AT3G43880	15738173	15738616	443
14841	AT3G43910	15751387	15752689	1302
14842	AT3G43940	15764265	15765371	1106
14843	AT3G43950	15766361	15767014	653
14844	AT3G43960	15774053	15775873	1820
14845	AT3G43970	15777408	15778166	758
14846	AT3G43980	15778275	15779360	1085
14847	AT3G44006	15796133	15796837	704
14848	AT3G44010	15799481	15801227	1746
14849	AT3G44020	15801372	15802855	1483
14850	AT3G44060	15824938	15826391	1453
14851	AT3G44070	15828153	15829823	1670
14852	AT3G44080	15835632	15837126	1494
14853	AT3G44090	15839123	15840759	1636
14854	AT3G44100	15865933	15867534	1601
14855	AT3G44115	15874918	15875456	538
14856	AT3G44120	15878399	15879830	1431
14857	AT3G44130	15881870	15883638	1768
14858	AT3G44150	15887490	15888879	1389
14859	AT3G44170	15894790	15895257	467
14860	AT3G44180	15900795	15901716	921
14861	AT3G44210	15916270	15917332	1062
14862	AT3G44220	15927939	15929839	1900
14863	AT3G44230	15932134	15932748	614
14864	AT3G45248	16581929	16582273	344
14865	AT3G44240	15940184	15940903	719
14866	AT3G44265	15955138	15956246	1108
14867	AT3G44326	16000879	16002163	1284
14868	AT3G44330	16006508	16011121	4613
14869	AT3G44380	16036115	16037216	1101
14870	AT3G44405	16049942	16051241	1299
14871	AT3G44430	16068257	16069750	1493
14872	AT3G44435	16068618	16069046	428
14873	AT3G44450	16073765	16074929	1164
14874	AT3G44485	16096477	16097400	923
14875	AT3G44555	16144665	16145722	1057
14876	AT3G44570	16158405	16159835	1430
14877	AT3G44580	16160338	16161837	1499
14878	AT3G44590	16163709	16164997	1288
14879	AT3G44635	16199123	16200095	972
14880	AT3G44665	16216097	16216809	712
14881	AT3G44695	16236298	16237095	797
14882	AT3G44700	16236992	16237793	801
14883	AT3G44710	16251802	16253535	1733
14884	AT3G44716	16263046	16264261	1215
14885	AT3G44718	16266111	16266314	203
14886	AT3G44755	16301834	16302731	897
14887	AT3G44760	16305322	16306378	1056
14888	AT3G44763	16308432	16309472	1040
14889	AT3G44766	16310244	16310665	421
14890	AT3G44770	16315932	16319707	3775
14891	AT3G44780	16321601	16322604	1003
14892	AT3G44790	16328697	16330535	1838
14893	AT3G44800	16343333	16344834	1501
14894	AT3G44805	16350395	16351437	1042
14895	AT3G44810	16358496	16359983	1487
14896	AT3G44840	16372418	16373759	1341
14897	AT3G44870	16382219	16383605	1386
14898	AT3G44935	16409003	16409610	607
14899	AT3G44960	16427581	16429403	1822
14900	AT3G44980	16441023	16442098	1075
14901	AT3G45020	16468961	16470263	1302
14902	AT3G45030	16471361	16472409	1048
14903	AT3G45050	16475957	16477524	1567
14904	AT3G45070	16486274	16487484	1210
14905	AT3G45080	16488578	16489782	1204
14906	AT3G45093	16496727	16497340	613
14907	AT3G45110	16508170	16508625	455
14908	AT3G45160	16533428	16534265	837
14909	AT3G45180	16538237	16539244	1007
14910	AT3G45190	16541615	16548367	6752
14911	AT3G45200	16548828	16549730	902
14912	AT3G45210	16556684	16558169	1485
14913	AT3G45220	16564881	16566330	1449
14914	AT3G45230	16569051	16569860	809
14915	AT3G45243	16575823	16576173	350
14916	AT3G45275	16605781	16606238	457
14917	AT3G45285	16614566	16614901	335
14918	AT3G45320	16631635	16632254	619
14919	AT3G45430	16660575	16664146	3571
14920	AT3G45450	16673146	16674880	1734
14921	AT3G45460	16678434	16680043	1609
14922	AT3G45470	16680505	16681261	756
14923	AT3G45555	16712368	16713009	641
14924	AT3G51210	19020886	19021201	315
14925	AT3G45480	16683204	16684592	1388
14926	AT3G45490	16686962	16687893	931
14927	AT3G45500	16688418	16689693	1275
14928	AT3G45510	16690790	16691728	938
14929	AT3G45525	16697273	16697828	555
14930	AT3G45540	16706312	16707649	1337
14931	AT3G45570	16725094	16726116	1022
14932	AT3G45577	16728701	16729547	846
14933	AT3G45580	16729989	16731511	1522
14934	AT3G45670	16765320	16766459	1139
14935	AT3G45690	16776268	16778150	1882
14936	AT3G45720	16785046	16786945	1899
14937	AT3G45730	16789780	16790690	910
14938	AT3G45790	16825005	16826222	1217
14939	AT3G45800	16829482	16831134	1652
14940	AT3G45820	16840030	16840983	953
14941	AT3G45851	16861431	16861535	104
14942	AT3G45910	16876338	16877075	737
14943	AT3G45920	16882182	16883011	829
14944	AT3G45930	16883316	16884009	693
14945	AT3G45950	16889461	16890803	1342
14946	AT3G46020	16912285	16913350	1065
14947	AT3G46050	16916072	16917184	1112
14948	AT3G46070	16920445	16920957	512
14949	AT3G46080	16922514	16923299	785
14950	AT3G49115	18205775	18205975	200
14951	AT3G46140	16948090	16949220	1130
14952	AT3G46160	16950955	16952136	1181
14953	AT3G46170	16952521	16953780	1259
14954	AT3G46260	16998163	16999992	1829
14955	AT3G46300	17015777	17016746	969
14956	AT3G46310	17017451	17017825	374
14957	AT3G46320	17019785	17020428	643
14958	AT3G46360	17042215	17043500	1285
14959	AT3G46380	17059218	17059896	678
14960	AT3G46390	17071255	17071683	428
14961	AT3G46410	17079093	17080684	1591
14962	AT3G46430	17087538	17088753	1215
14963	AT3G46470	17099916	17100973	1057
14964	AT3G46565	17144931	17145205	274
14965	AT3G46570	17145797	17146867	1070
14966	AT3G46616	17172972	17173982	1010
14967	AT3G46617	17175028	17175987	959
14968	AT3G46630	17180678	17182560	1882
14969	AT3G46680	17195318	17196743	1425
14970	AT3G46700	17200167	17202074	1907
14971	AT3G46735	17214279	17215815	1536
14972	AT3G46760	17221936	17223272	1336
14973	AT3G46770	17223809	17225486	1677
14974	AT3G46845	17254395	17255802	1407
14975	AT3G46860	17260234	17260599	365
14976	AT3G46870	17262943	17264555	1612
14977	AT3G46880	17265234	17266266	1032
14978	AT3G46910	17278542	17279652	1110
14979	AT3G46950	17289369	17290963	1594
14980	AT3G47020	17319862	17321077	1215
14981	AT3G47030	17322119	17323594	1475
14982	AT3G47070	17336592	17337733	1141
14983	AT3G47100	17345570	17346106	536
14984	AT3G47130	17353714	17355086	1372
14985	AT3G47140	17357026	17357801	775
14986	AT3G47150	17358591	17359765	1174
14987	AT3G47170	17368672	17370494	1822
14988	AT3G47180	17372731	17373547	816
14989	AT3G47190	17374379	17376054	1675
14990	AT3G47295	17427950	17428511	561
14991	AT3G47370	17453423	17454730	1307
14992	AT3G47380	17457614	17458599	985
14993	AT3G47410	17468713	17469517	804
14994	AT3G47480	17496085	17497164	1079
14995	AT3G47510	17510981	17511858	877
14996	AT3G47540	17520958	17522624	1666
14997	AT3G47560	17525476	17527162	1686
14998	AT3G47590	17535759	17537580	1821
14999	AT3G47650	17569424	17570607	1183
15000	AT3G47670	17574785	17575880	1095
15001	AT3G47830	17647004	17648431	1427
15002	AT3G47836	17650260	17651849	1589
15003	AT3G47850	17654129	17656013	1884
15004	AT3G47920	17682952	17683854	902
15005	AT3G47940	17687885	17689743	1858
15006	AT3G47965	17707918	17708918	1000
15007	AT3G48020	17724400	17725198	798
15008	AT3G48131	17775456	17775587	131
15009	AT3G48140	17778282	17779601	1319
15010	AT3G48180	17790312	17790919	607
15011	AT3G48185	17792809	17793768	959
15012	AT3G48205	17840610	17841288	678
15013	AT3G48208	17846046	17846645	599
15014	AT3G48210	17849351	17851785	2434
15015	AT3G48220	17852284	17853557	1273
15016	AT3G48240	17867131	17868460	1329
15017	AT3G48343	17899785	17900996	1211
15018	AT3G48344	17902088	17902872	784
15019	AT3G48390	17920795	17923496	2701
15020	AT3G48450	17943933	17945138	1205
15021	AT3G48460	17949416	17951250	1834
15022	AT3G48475	17954727	17956096	1369
15023	AT3G48490	17961266	17962014	748
15024	AT3G48510	17967354	17968590	1236
15025	AT3G48550	17993819	17994779	960
15026	AT3G48570	18003818	18005272	1454
15027	AT3G48600	18010026	18011440	1414
15028	AT3G49300	18276770	18277605	835
15029	AT3G48620	18015983	18017821	1838
15030	AT3G48630	18018226	18018808	582
15031	AT3G48640	18021356	18022648	1292
15032	AT3G48660	18029659	18030133	474
15033	AT3G48675	18034192	18034551	359
15034	AT3G48770	18078452	18087414	8962
15035	AT3G48800	18095442	18096891	1449
15036	AT3G48840	18112534	18114070	1536
15037	AT3G48940	18142618	18144311	1693
15038	AT3G48960	18150444	18151412	968
15039	AT3G48970	18152236	18153643	1407
15040	AT3G48980	18155087	18158417	3330
15041	AT3G49020	18169079	18170660	1581
15042	AT3G49030	18173087	18174947	1860
15043	AT3G49040	18177482	18178839	1357
15044	AT3G49045	18178861	18179339	478
15045	AT3G49055	18185109	18186968	1859
15046	AT3G49070	18192347	18193867	1520
15047	AT3G49130	18210453	18211708	1255
15048	AT3G49150	18218858	18220430	1572
15049	AT3G49155	18220778	18222084	1306
15050	AT3G49230	18254232	18255485	1253
15051	AT3G49270	18267149	18268271	1122
15052	AT3G49305	18279622	18280408	786
15053	AT3G49307	18282202	18283194	992
15054	AT3G49330	18291339	18292267	928
15055	AT3G49340	18293173	18294621	1448
15056	AT3G49440	18335715	18336317	602
15057	AT3G49450	18337305	18338542	1237
15058	AT3G49480	18342544	18344137	1593
15059	AT3G49510	18353891	18355057	1166
15060	AT3G49520	18359584	18360750	1166
15061	AT3G49540	18365678	18366666	988
15062	AT3G49550	18367897	18368900	1003
15063	AT3G49560	18370521	18372139	1618
15064	AT3G49610	18390413	18391417	1004
15065	AT3G49770	18460890	18461876	986
15066	AT3G49820	18481027	18481821	794
15067	AT3G49830	18482249	18483980	1731
15068	AT3G50200	18612266	18613435	1169
15069	AT3G49890	18499164	18500722	1558
15070	AT3G49910	18504164	18505390	1226
15071	AT3G49930	18510056	18511136	1080
15072	AT3G49950	18522466	18523934	1468
15073	AT3G49960	18524084	18525792	1708
15074	AT3G49980	18530290	18531634	1344
15075	AT3G50020	18542060	18542690	630
15076	AT3G50030	18546444	18548240	1796
15077	AT3G50050	18553941	18557460	3519
15078	AT3G50270	18635758	18637468	1710
15079	AT3G50280	18637735	18639475	1740
15080	AT3G50290	18639672	18641256	1584
15081	AT3G50300	18643860	18645510	1650
15082	AT3G50320	18653731	18654717	986
15083	AT3G50340	18664838	18666691	1853
15084	AT3G50373	18684659	18685121	462
15085	AT3G50390	18702060	18703731	1671
15086	AT3G50520	18747954	18749674	1720
15087	AT3G50540	18757749	18758244	495
15088	AT3G50550	18759348	18760711	1363
15089	AT3G50570	18766749	18767607	858
15090	AT3G50590	18770872	18779502	8630
15091	AT3G50610	18779551	18780514	963
15092	AT3G50640	18803665	18804731	1066
15093	AT3G50685	18834155	18834834	679
15094	AT3G50710	18845123	18846905	1782
15095	AT3G50730	18851533	18853137	1604
15096	AT3G50800	18882112	18883033	921
15097	AT3G50808	18887614	18888047	433
15098	AT3G50810	18888821	18890263	1442
15099	AT3G50845	18899930	18901209	1279
15100	AT3G50850	18901342	18902152	810
15101	AT3G50880	18913310	18915094	1784
15102	AT3G50900	18917782	18918811	1029
15103	AT3G50925	18925658	18926083	425
15104	AT3G50940	18933751	18935611	1860
15105	AT3G50990	18943135	18944811	1676
15106	AT3G51000	18945025	18946621	1596
15107	AT3G51171	19010805	19012008	1203
15108	AT3G51010	18946641	18948197	1556
15109	AT3G51020	18949645	18950221	576
15110	AT3G51070	18969068	18972554	3486
15111	AT3G51190	19016519	19017547	1028
15112	AT3G51220	19021705	19022647	942
15113	AT3G51230	19023064	19024352	1288
15114	AT3G51325	19051829	19053259	1430
15115	AT3G51350	19060261	19063538	3277
15116	AT3G51400	19077850	19078955	1105
15117	AT3G51410	19080800	19082613	1813
15118	AT3G51440	19089026	19090662	1636
15119	AT3G51450	19090947	19092511	1564
15120	AT3G51500	19108080	19108917	837
15121	AT3G51510	19108990	19110372	1382
15122	AT3G51642	19157609	19158149	540
15123	AT3G51644	19158153	19158495	342
15124	AT3G51660	19163995	19165322	1327
15125	AT3G51690	19176328	19178161	1833
15126	AT3G51710	19182289	19184152	1863
15127	AT3G51720	19184926	19186660	1734
15128	AT3G51750	19196362	19197356	994
15129	AT3G51890	19249475	19251112	1637
15130	AT3G51930	19271347	19273064	1717
15131	AT3G52040	19304170	19304861	691
15132	AT3G51990	19287757	19289388	1631
15133	AT3G52060	19310531	19312281	1750
15134	AT3G52070	19312718	19313466	748
15135	AT3G52105	19323158	19323827	669
15136	AT3G52130	19332011	19332597	586
15137	AT3G52220	19369362	19371074	1712
15138	AT3G52230	19371135	19372687	1552
15139	AT3G52320	19403020	19404192	1172
15140	AT3G52330	19404955	19406207	1252
15141	AT3G52350	19409606	19410148	542
15142	AT3G52360	19412019	19413058	1039
15143	AT3G52470	19450506	19451982	1476
15144	AT3G52440	19435122	19436299	1177
15145	AT3G52460	19446637	19448002	1365
15146	AT3G52480	19451951	19453212	1261
15147	AT3G52510	19469551	19470813	1262
15148	AT3G52520	19473339	19474606	1267
15149	AT3G52530	19484567	19486130	1563
15150	AT3G52550	19492099	19492987	888
15151	AT3G52561	19497034	19497650	616
15152	AT3G52570	19501130	19503027	1897
15153	AT3G52790	19565790	19566492	702
15154	AT3G62930	23261442	23261927	485
15155	AT3G52580	19503153	19504973	1820
15156	AT3G52620	19513044	19513822	778
15157	AT3G52630	19513937	19514868	931
15158	AT3G52690	19530736	19531811	1075
15159	AT3G52710	19534585	19536018	1433
15160	AT3G52730	19542819	19544365	1546
15161	AT3G52740	19546227	19547171	944
15162	AT3G52760	19553679	19554858	1179
15163	AT3G52800	19569256	19570710	1454
15164	AT3G52830	19578005	19578265	260
15165	AT3G52860	19591848	19592768	920
15166	AT3G52900	19613078	19614027	949
15167	AT3G59840	22105522	22106242	720
15168	AT3G52905	19614007	19615754	1747
15169	AT3G52941	19633330	19633473	143
15170	AT3G52960	19639549	19640710	1161
15171	AT3G52980	19645660	19646962	1302
15172	AT3G53010	19656488	19658124	1636
15173	AT3G53040	19664629	19666497	1868
15174	AT3G53050	19669084	19669774	690
15175	AT3G53065	19672726	19673567	841
15176	AT3G53070	19674533	19674942	409
15177	AT3G53075	19676310	19677291	981
15178	AT3G59845	22106243	22107939	1696
15179	AT3G59880	22120876	22121957	1081
15180	AT3G59930	22139492	22140320	828
15181	AT3G60090	22190782	22191748	966
15182	AT3G59940	22142856	22144439	1583
15183	AT3G59980	22154244	22155641	1397
15184	AT3G60060	22182291	22183078	787
15185	AT3G60080	22187275	22188934	1659
15186	AT3G60150	22221972	22223512	1540
15187	AT3G60180	22242500	22244125	1625
15188	AT3G60200	22248892	22250568	1676
15189	AT3G60210	22251047	22252899	1852
15190	AT3G60245	22268688	22270028	1340
15191	AT3G60250	22270270	22272173	1903
15192	AT3G60270	22277797	22278837	1040
15193	AT3G60320	22291886	22295529	3643
15194	AT3G60328	22298367	22298525	158
15195	AT3G60415	22334424	22335858	1434
15196	AT3G60420	22336013	22337617	1604
15197	AT3G60440	22337791	22339520	1729
15198	AT3G60450	22340859	22342330	1471
15199	AT3G60480	22347451	22348351	900
15200	AT3G60490	22349308	22350458	1150
15201	AT3G60520	22361431	22362579	1148
15202	AT3G60540	22374864	22375916	1052
15203	AT3G61113	22614385	22615577	1192
15204	AT3G60580	22393823	22395244	1421
15205	AT3G60650	22419115	22420517	1402
15206	AT3G60690	22434864	22436053	1189
15207	AT3G60700	22438223	22439294	1071
15208	AT3G60710	22440198	22441507	1309
15209	AT3G60760	22458616	22459202	586
15210	AT3G60770	22460189	22461779	1590
15211	AT3G60780	22462613	22463833	1220
15212	AT3G60810	22470519	22471906	1387
15213	AT3G60910	22501544	22503372	1828
15214	AT3G60940	22521446	22523701	2255
15215	AT3G60966	22552560	22553668	1108
15216	AT3G60975	22564003	22565312	1309
15217	AT3G60980	22565309	22566773	1464
15218	AT3G60990	22568958	22569975	1017
15219	AT3G61090	22609040	22609853	813
15220	AT3G61100	22610329	22611321	992
15221	AT3G61111	22613091	22614002	911
15222	AT3G61200	22657455	22658582	1127
15223	AT3G61210	22658632	22659896	1264
15224	AT3G61260	22675061	22676851	1790
15225	AT3G61340	22701034	22702530	1496
15226	AT3G61360	22704304	22706141	1837
15227	AT3G61400	22718846	22720646	1800
15228	AT3G61410	22720921	22722696	1775
15229	AT3G61420	22726708	22732152	5444
15230	AT3G61500	22760541	22762388	1847
15231	AT3G61550	22776242	22777362	1120
15232	AT3G61571	22783959	22784182	223
15233	AT3G61660	22815989	22816663	674
15234	AT3G61723	22846405	22846925	520
15235	AT3G61810	22877168	22878550	1382
15236	AT3G61826	22886631	22886723	92
15237	AT3G61829	22887191	22887322	131
15238	AT3G61840	22892466	22893304	838
15239	AT3G61870	22902491	22904137	1646
15240	AT3G61900	22925742	22926379	637
15241	AT3G61920	22932454	22933362	908
15242	AT3G61962	22947108	22947233	125
15243	AT3G61980	22956000	22956966	966
15244	AT3G62040	22975328	22976603	1275
15245	AT3G62050	22978002	22979158	1156
15246	AT3G62070	22983517	22984566	1049
15247	AT3G62140	23007083	23008749	1666
15248	AT3G62160	23014127	23015956	1829
15249	AT3G62180	23019584	23020598	1014
15250	AT3G62450	23098019	23099070	1051
15251	AT3G62190	23021025	23022773	1748
15252	AT3G62320	23061805	23062398	593
15253	AT3G62380	23083523	23085035	1512
15254	AT3G62400	23089596	23090821	1225
15255	AT3G62460	23104665	23105650	985
15256	AT3G62510	23122831	23123802	971
15257	AT3G62530	23132122	23133298	1176
15258	AT3G62640	23166219	23166979	760
15259	AT3G62550	23135630	23137173	1543
15260	AT3G62560	23137286	23139145	1859
15261	AT3G62580	23146809	23147951	1142
15262	AT3G62615	23155360	23155854	494
15263	AT3G62630	23163747	23165387	1640
15264	AT3G62650	23168061	23169187	1126
15265	AT3G62695	23185929	23186129	200
15266	AT3G62920	23260597	23261297	700
15267	AT3G62730	23207854	23209533	1679
15268	AT3G62780	23221719	23222995	1276
15269	AT3G62790	23223030	23224326	1296
15270	AT3G62810	23227622	23229027	1405
15271	AT3G62820	23229381	23230575	1194
15272	AT3G62840	23235490	23236816	1326
15273	AT3G62850	23237487	23239155	1668
15274	AT3G62870	23242561	23244397	1836
15275	AT3G62950	23266227	23267090	863
15276	AT3G62960	23268641	23269324	683
15277	AT3G62990	23282583	23283368	785
15278	AT3G63020	23294382	23295143	761
15279	AT3G63040	23296572	23297225	653
15280	AT3G63050	23297744	23298534	790
15281	AT3G63090	23313428	23315062	1634
15282	AT3G63093	23315085	23316615	1530
15283	AT3G63095	23315506	23316258	752
15284	AT3G63215	23353991	23354340	349
15285	AT3G63220	23357328	23359291	1963
15286	AT3G63230	23359633	23360338	705
15287	AT3G63255	23372870	23373545	675
15288	AT3G63360	23401166	23401679	513
15289	AT3G63390	23411053	23411988	935
15290	AT3G63540	23458642	23459804	1162
15291	AT2G04360	1519339	1521123	1784
15292	AT2G04378	1525029	1526875	1846
15293	AT2G04380	1525642	1526767	1125
15294	AT2G04840	1697009	1698240	1231
15295	AT2G04390	1526889	1528577	1688
15296	AT2G04395	1528927	1529995	1068
15297	AT2G04440	1541511	1542729	1218
15298	AT2G04480	1554083	1555514	1431
15299	AT2G04495	1564056	1565137	1081
15300	AT2G04570	1594588	1596372	1784
15301	AT2G04622	1613686	1614019	333
15302	AT2G04790	1679307	1680543	1236
15303	AT2G04795	1682856	1683614	758
15304	AT2G04800	1687173	1687939	766
15305	AT2G04830	1695355	1695856	501
15306	AT2G04845	1702201	1704045	1844
15307	AT2G04900	1722481	1723976	1495
15308	AT2G04910	1723939	1724354	415
15309	AT2G04930	1733638	1734471	833
15310	AT2G05050	1794035	1795084	1049
15311	AT2G05060	1798155	1799102	947
15312	AT2G05720	2147192	2148215	1023
15313	AT2G05752	2169305	2170528	1223
15314	AT2G01360	167931	168479	548
15315	AT2G03955	1238630	1239163	533
15316	AT2G05910	2258281	2259633	1352
15317	AT2G05915	2263816	2264265	449
15318	AT2G01035	50288	51487	1199
15319	AT2G01045	53269	54468	1199
15320	AT2G01050	68337	69884	1547
15321	AT2G01080	77888	79373	1485
15322	AT2G01100	81436	83290	1854
15323	AT2G01175	104884	106291	1407
15324	AT2G01240	128291	129132	841
15325	AT2G01250	132578	134455	1877
15326	AT2G01300	151057	151971	914
15327	AT2G01310	152298	152827	529
15328	AT2G05140	1853935	1854903	968
15329	AT2G01370	168631	169642	1011
15330	AT2G01379	171098	171472	374
15331	AT2G01400	174168	175617	1449
15332	AT2G01410	175040	176407	1367
15333	AT2G01580	265022	265948	926
15334	AT2G01540	242041	243649	1608
15335	AT2G01560	250245	251806	1561
15336	AT2G01610	273895	275002	1107
15337	AT2G01640	282830	284598	1768
15338	AT2G01755	332188	332808	620
15339	AT2G01710	315648	316993	1345
15340	AT2G01740	326136	327875	1739
15341	AT2G01780	338024	339871	1847
15342	AT2G01790	341322	342480	1158
15343	AT2G01920	426052	427091	1039
15344	AT2G01800	343562	345254	1692
15345	AT2G01870	389470	390405	935
15346	AT2G01913	421608	422643	1035
15347	AT2G02030	482335	483829	1494
15348	AT2G02061	497989	499559	1570
15349	AT2G02103	530241	531636	1395
15350	AT2G02290	604453	605361	908
15351	AT2G02455	647880	648687	807
15352	AT2G02400	631140	632637	1497
15353	AT2G02440	638012	639305	1293
15354	AT2G04037	1305560	1306148	588
15355	AT2G02490	667041	668284	1243
15356	AT2G02493	667142	668055	913
15357	AT2G02497	668920	670055	1135
15358	AT2G02498	669760	670204	444
15359	AT2G02510	673260	674986	1726
15360	AT2G46765	19220194	19220586	392
15361	AT2G02520	676771	678145	1374
15362	AT2G02550	687384	688764	1380
15363	AT2G02590	704836	706686	1850
15364	AT2G02650	735411	736546	1135
15365	AT2G02660	738504	739834	1330
15366	AT2G02700	756405	757969	1564
15367	AT2G04170	1417178	1419621	2443
15368	AT2G02770	778345	779786	1441
15369	AT2G02795	795852	796672	820
15370	AT2G02835	820437	821291	854
15371	AT2G02840	821553	822858	1305
15372	AT2G03020	882645	884164	1519
15373	AT2G03040	892666	893588	922
15374	AT2G03130	940607	941076	469
15375	AT2G03300	1003468	1004222	754
15376	AT2G05185	1876899	1878322	1423
15377	AT2G03180	962764	963126	362
15378	AT2G03200	966390	968048	1658
15379	AT2G03230	972917	973375	458
15380	AT2G03290	999406	1000688	1282
15381	AT2G03310	1006256	1007186	930
15382	AT2G03350	1019535	1021186	1651
15383	AT2G03430	1036008	1037675	1667
15384	AT2G03460	1043621	1044992	1371
15385	AT2G03505	1063943	1065471	1528
15386	AT2G03550	1076863	1078348	1485
15387	AT2G03560	1079639	1080826	1187
15388	AT2G03565	1081592	1082121	529
15389	AT2G03567	1085525	1086607	1082
15390	AT2G03570	1085560	1085988	428
15391	AT2G03580	1093264	1094481	1217
15392	AT2G03610	1099070	1100202	1132
15393	AT2G03630	1103205	1104392	1187
15394	AT2G03690	1121900	1123267	1367
15395	AT2G03780	1152446	1154322	1876
15396	AT2G03740	1142725	1143988	1263
15397	AT2G03937	1224349	1224850	501
15398	AT2G03750	1147774	1149261	1487
15399	AT2G03770	1150871	1152044	1173
15400	AT2G03821	1167303	1168206	903
15401	AT2G03850	1175581	1176802	1221
15402	AT2G03930	1204920	1206249	1329
15403	AT2G03931	1214428	1214843	415
15404	AT2G03932	1213233	1213650	417
15405	AT2G03933	1217531	1218043	512
15406	AT2G03965	1251510	1252989	1479
15407	AT2G04020	1274427	1275916	1489
15408	AT2G04031	1304160	1304783	623
15409	AT2G04039	1333133	1334566	1433
15410	AT2G04041	1307981	1308544	563
15411	AT2G04045	1314745	1315302	557
15412	AT2G04062	1345177	1346266	1089
15413	AT2G04066	1352887	1353517	630
15414	AT2G04115	1385438	1386071	633
15415	AT2G04137	1332183	1332608	425
15416	AT2G04220	1445085	1446507	1422
15417	AT2G05220	1894349	1896050	1701
15418	AT2G05260	1918273	1920042	1769
15419	AT2G05370	1960413	1961840	1427
15420	AT2G05400	1974886	1976570	1684
15421	AT2G05410	1976918	1978553	1635
15422	AT2G05420	1983901	1985449	1548
15423	AT2G05600	2072646	2073547	901
15424	AT2G05530	2029687	2030544	857
15425	AT2G05540	2033154	2034283	1129
15426	AT2G05580	2055519	2056745	1226
15427	AT2G05632	2087145	2088183	1038
15428	AT2G05635	2089484	2091016	1532
15429	AT2G06095	2373522	2374745	1223
15430	AT2G06166	2411005	2411656	651
15431	AT2G44925	18527251	18528295	1044
15432	AT2G44940	18537177	18538479	1302
15433	AT2G44993	18563938	18565339	1401
15434	AT2G45040	18577500	18578945	1445
15435	AT2G45120	18603455	18604878	1423
15436	AT2G45135	18608824	18610574	1750
15437	AT2G45180	18626188	18627157	969
15438	AT2G45243	18660696	18661296	600
15439	AT2G45250	18661460	18663064	1604
15440	AT2G45260	18664390	18666475	2085
15441	AT2G45360	18698592	18699514	922
15442	AT2G45403	18709301	18710153	852
15443	AT2G45405	18710344	18710917	573
15444	AT2G45406	18710961	18711548	587
15445	AT2G45520	18755045	18756302	1257
15446	AT2G45530	18756471	18757513	1042
15447	AT2G45590	18785990	18789113	3123
15448	AT2G45600	18789489	18791015	1526
15449	AT2G46690	19180705	19181600	895
15450	AT2G45610	18791289	18792586	1297
15451	AT2G45630	18795926	18797263	1337
15452	AT2G45695	18825954	18826899	945
15453	AT2G45710	18831130	18832673	1543
15454	AT2G45820	18862953	18864741	1788
15455	AT2G45860	18874566	18875653	1087
15456	AT2G45930	18901392	18902914	1522
15457	AT2G45940	18902963	18904325	1362
15458	AT2G46000	18921024	18922179	1155
15459	AT2G46735	19204185	19205136	951
15460	AT2G46050	18939262	18941034	1772
15461	AT2G46100	18953275	18954619	1344
15462	AT2G46140	18958999	18960645	1646
15463	AT2G46150	18961283	18962423	1140
15464	AT2G46190	18971769	18972804	1035
15465	AT2G46220	18979399	18980940	1541
15466	AT2G46230	18984199	18985959	1760
15467	AT2G46300	19008175	19009651	1476
15468	AT2G46360	19028359	19029127	768
15469	AT2G46375	19037800	19038431	631
15470	AT2G46455	19069385	19071083	1698
15471	AT2G46460	19071537	19072019	482
15472	AT2G46490	19079305	19080143	838
15473	AT2G46493	19080254	19081751	1497
15474	AT2G46494	19082344	19083811	1467
15475	AT2G46495	19083910	19085776	1866
15476	AT2G46535	19109513	19110497	984
15477	AT2G46540	19110472	19111837	1365
15478	AT2G46580	19129230	19130712	1482
15479	AT2G46600	19136019	19136600	581
15480	AT2G46670	19164357	19165233	876
15481	AT2G46890	19266664	19268195	1531
15482	AT2G46910	19272281	19274002	1721
15483	AT2G46940	19286434	19287590	1156
15484	AT2G46995	19309394	19309673	279
15485	AT2G47050	19331545	19332659	1114
15486	AT2G47115	19345350	19346921	1571
15487	AT2G47120	19347239	19348362	1123
15488	AT2G47150	19352324	19353114	790
15489	AT2G47200	19377575	19378331	756
15490	AT2G47245	19398184	19399097	913
15491	AT2G47280	19416775	19418383	1608
15492	AT2G47320	19427316	19428933	1617
15493	AT2G47340	19432147	19433156	1009
15494	AT2G47360	19437648	19438920	1272
15495	AT2G47370	19438951	19440487	1536
15496	AT2G47380	19440923	19442053	1130
15497	AT2G47480	19483919	19484710	791
15498	AT2G47485	19485809	19486833	1024
15499	AT2G47530	19504171	19505048	877
15500	AT2G47540	19505827	19506681	854
15501	AT2G47560	19511717	19512728	1011
15502	AT2G47570	19515764	19516922	1158
15503	AT2G47640	19537090	19538820	1730
15504	AT2G47670	19543921	19544910	989
15505	AT2G47690	19551195	19552358	1163
15506	AT2G47710	19554724	19556126	1402
15507	AT2G47780	19570040	19571034	994
15508	AT2G47844	19595079	19595439	360
15509	AT2G47870	19603163	19603895	732
15510	AT2G47880	19605030	19605704	674
15511	AT2G47935	19617250	19618496	1246
15512	AT2G47950	19624022	19624922	900
15513	AT2G48020	19644021	19647365	3344
15514	AT2G48060	19651108	19662723	11615
15515	AT2G12200	4900613	4900944	331
15516	AT2G48075	19663916	19664767	851
15517	AT2G48090	19668932	19670197	1265
15518	AT2G48121	19681637	19682406	769
15519	AT2G06265	2529780	2530255	475
15520	AT2G06420	2538743	2540365	1622
15521	AT2G06425	2571928	2572743	815
15522	AT2G06555	2604148	2604927	779
15523	AT2G06565	2621756	2622063	307
15524	AT2G06645	2647991	2649647	1656
15525	AT2G06904	2806625	2807368	743
15526	AT2G06906	2807415	2807967	552
15527	AT2G06908	2815398	2816349	951
15528	AT2G07000	2901870	2902290	420
15529	AT2G07110	2952610	2953208	598
15530	AT2G07120	2953605	2954722	1117
15531	AT2G07190	2987367	2988945	1578
15532	AT2G07200	2989205	2989878	673
15533	AT2G07215	2996776	2997889	1113
15534	AT2G07290	3029561	3030035	474
15535	AT2G07310	3034797	3036387	1590
15536	AT2G07440	3093821	3094750	929
15537	AT2G07505	3125671	3126173	502
15538	AT2G07565	3187068	3188422	1354
15539	AT2G07613	3261009	3261453	444
15540	AT2G07621	3263619	3264412	793
15541	AT2G07623	3276728	3277668	940
15542	AT2G07626	3296472	3297016	544
15543	AT2G07627	3298498	3298716	218
15544	AT2G07628	3301041	3301624	583
15545	AT2G07629	3312873	3313502	629
15546	AT2G07631	3318248	3319435	1187
15547	AT2G07633	3329660	3331324	1664
15548	AT2G07634	3338669	3339047	378
15549	AT2G07636	3340397	3341060	663
15550	AT2G07637	3343332	3344075	743
15551	AT2G07638	3377163	3378213	1050
15552	AT2G07640	3220739	3221422	683
15553	AT2G07641	3389612	3390726	1114
15554	AT2G07643	3404683	3405417	734
15555	AT2G07646	3408519	3409740	1221
15556	AT2G07648	3431244	3431844	600
15557	AT2G07652	3440302	3441314	1012
15558	AT2G07654	3456747	3457126	379
15559	AT2G07655	3245323	3246203	880
15560	AT2G07658	3477582	3479196	1614
15561	AT2G07659	3481036	3482584	1548
15562	AT2G07662	3497073	3498780	1707
15563	AT2G07665	3500130	3500612	482
15564	AT2G07669	3282787	3283553	766
15565	AT2G07671	3251566	3252341	775
15566	AT2G07672	3257209	3258528	1319
15567	AT2G07673	3266420	3267120	700
15568	AT2G07674	3268932	3269906	974
15569	AT2G07675	3270410	3270787	377
15570	AT2G07678	3281097	3283129	2032
15571	AT2G07684	3262235	3262345	110
15572	AT2G07687	3311654	3312651	997
15573	AT2G07689	3336109	3336753	644
15574	AT2G07692	3340706	3341544	838
15575	AT2G07695	3345929	3347826	1897
15576	AT2G07696	3351050	3352228	1178
15577	AT2G07701	3371832	3372152	320
15578	AT2G07702	3372595	3373155	560
15579	AT2G07708	3386851	3388160	1309
15580	AT2G07714	3407671	3408506	835
15581	AT2G07719	3432137	3433656	1519
15582	AT2G07721	3434312	3435279	967
15583	AT2G07724	3446394	3447047	653
15584	AT2G07725	3447398	3449059	1661
15585	AT2G07732	3468160	3468899	739
15586	AT2G07734	3472305	3473692	1387
15587	AT2G07738	3492339	3492786	447
15588	AT2G07739	3495511	3496398	887
15589	AT2G07741	3502319	3503476	1157
15590	AT2G07760	3584420	3586278	1858
15591	AT2G07772	3300978	3301804	826
15592	AT2G07773	3240494	3242263	1769
15593	AT2G07774	3303766	3304650	884
15594	AT2G07775	3483035	3484062	1027
15595	AT2G07776	3246019	3246901	882
15596	AT2G07779	3254364	3255815	1451
15597	AT2G07785	3348003	3348904	901
15598	AT2G07787	3476873	3478704	1831
15599	AT2G07795	3493226	3494382	1156
15600	AT2G07810	3593730	3594072	342
15601	AT2G07820	3457213	3457479	266
15602	AT2G07825	3474282	3474664	382
15603	AT2G07827	3474996	3476845	1849
15604	AT2G07835	3501553	3502294	741
15605	AT2G09388	3651156	3652235	1079
15606	AT2G09840	3704577	3705594	1017
15607	AT2G09970	3779992	3780691	699
15608	AT2G09990	3781328	3782335	1007
15609	AT2G10025	3802330	3803280	950
15610	AT2G10450	4020305	4020773	468
15611	AT2G10455	4069136	4069506	370
15612	AT2G10545	4089648	4090671	1023
15613	AT2G10550	4096001	4096920	919
15614	AT2G10553	4100335	4101084	749
15615	AT2G10556	4105464	4106256	792
15616	AT2G10560	4109862	4110698	836
15617	AT2G10602	4134895	4135888	993
15618	AT2G10608	4145498	4146239	741
15619	AT2G10615	4228157	4229987	1830
15620	AT2G10930	4303281	4304075	794
15621	AT2G10931	4304762	4305887	1125
15622	AT2G10940	4310321	4312162	1841
15623	AT2G10965	4323671	4324948	1277
15624	AT2G10970	4332795	4333638	843
15625	AT2G10975	4334959	4335909	950
15626	AT2G11005	4348511	4349577	1066
15627	AT2G11015	4366200	4366640	440
15628	AT2G11025	4393772	4394045	273
15629	AT2G11045	4440614	4441543	929
15630	AT2G11200	4451924	4452388	464
15631	AT2G11215	4477776	4477868	92
15632	AT2G11270	4484720	4485568	848
15633	AT2G11271	4485414	4485539	125
15634	AT2G11405	4543175	4543522	347
15635	AT2G11462	4589735	4590378	643
15636	AT2G11522	4622122	4622752	630
15637	AT2G11570	4634251	4635203	952
15638	AT2G11623	4660870	4661415	545
15639	AT2G11626	4661458	4662451	993
15640	AT2G11815	4757429	4758920	1491
15641	AT2G11890	4802783	4804375	1592
15642	AT2G12170	4890067	4891424	1357
15643	AT2G12190	4891642	4893397	1755
15644	AT2G12280	4922282	4922679	397
15645	AT2G12290	4924100	4924501	401
15646	AT2G12405	5010792	5011590	798
15647	AT2G12462	5050434	5051613	1179
15648	AT2G12475	5068402	5068918	516
15649	AT2G12880	5291523	5291882	359
15650	AT2G12900	5293897	5295480	1583
15651	AT2G13542	5643169	5643615	446
15652	AT2G12935	5315038	5316041	1003
15653	AT2G12945	5322903	5323624	721
15654	AT2G13105	5411566	5412125	559
15655	AT2G13126	5416690	5416872	182
15656	AT2G13150	5437056	5438459	1403
15657	AT2G13275	5508414	5508837	423
15658	AT2G13295	5514094	5514641	547
15659	AT2G13350	5536220	5537951	1731
15660	AT2G13430	5590052	5591422	1370
15661	AT2G13450	5598421	5599923	1502
15662	AT2G13500	5627936	5629099	1163
15663	AT2G13510	5630001	5631107	1106
15664	AT2G13547	5646602	5647423	821
15665	AT2G13550	5648329	5649847	1518
15666	AT2G13555	5649224	5649727	503
15667	AT2G13630	5684538	5685431	893
15668	AT2G13640	5686136	5687290	1154
15669	AT2G13660	5692097	5693016	919
15670	AT2G13720	5724007	5725248	1241
15671	AT2G13760	5734955	5735805	850
15672	AT2G13770	5736570	5737863	1293
15673	AT2G13845	5798558	5799584	1026
15674	AT2G13895	5829485	5830283	798
15675	AT2G13905	5834414	5834994	580
15676	AT2G13950	5857536	5859249	1713
15677	AT2G13960	5859491	5861311	1820
15678	AT2G13965	5864267	5864614	347
15679	AT2G13980	5869853	5870368	515
15680	AT2G13985	5874638	5875793	1155
15681	AT2G14000	5884600	5885985	1385
15682	AT2G14070	5921881	5923151	1270
15683	AT2G14095	5932383	5933929	1546
15684	AT2G14110	5951823	5953185	1362
15685	AT2G14160	5976253	5976801	548
15686	AT2G14247	6034282	6035375	1093
15687	AT2G14265	6044120	6045141	1021
15688	AT2G14270	6045579	6046045	466
15689	AT2G14285	6052332	6053994	1662
15690	AT2G14288	6056038	6056778	740
15691	AT2G14290	6057288	6058620	1332
15692	AT2G14390	6110912	6111918	1006
15693	AT2G14395	6119467	6120748	1281
15694	AT2G14460	6154493	6155166	673
15695	AT2G14500	6166936	6167979	1043
15696	AT2G14635	6254434	6254900	466
15697	AT2G14660	6272469	6273227	758
15698	AT2G14692	6287289	6287882	593
15699	AT2G14810	6357465	6358470	1005
15700	AT2G14710	6298679	6300150	1471
15701	AT2G14755	6316744	6317587	843
15702	AT2G14760	6321587	6323397	1810
15703	AT2G14765	6351289	6351964	675
15704	AT2G14775	6354785	6356084	1299
15705	AT2G14800	6355993	6356939	946
15706	AT2G14825	6362411	6364093	1682
15707	AT2G14830	6364378	6365818	1440
15708	AT2G14850	6385804	6387570	1766
15709	AT2G14870	6391172	6391477	305
15710	AT2G15360	6694787	6695180	393
15711	AT2G14880	6393310	6395000	1690
15712	AT2G14900	6404131	6405352	1221
15713	AT2G14945	6438504	6439144	640
15714	AT2G15000	6480817	6482425	1608
15715	AT2G15010	6484338	6485213	875
15716	AT2G15029	6504070	6504171	101
15717	AT2G15042	6510841	6512641	1800
15718	AT2G15130	6564808	6566006	1198
15719	AT2G15170	6587570	6588321	751
15720	AT2G15180	6588743	6590167	1424
15721	AT2G15185	6590876	6591544	668
15722	AT2G15220	6608561	6609681	1120
15723	AT2G15270	6637831	6639429	1598
15724	AT2G15318	6664649	6665356	707
15725	AT2G15320	6666286	6668046	1760
15726	AT2G15325	6669654	6670381	727
15727	AT2G15327	6671895	6672731	836
15728	AT2G15345	6684411	6685069	658
15729	AT2G15440	6743528	6744835	1307
15730	AT2G15450	6747536	6749256	1720
15731	AT2G15460	6750934	6752647	1713
15732	AT2G15470	6754330	6756051	1721
15733	AT2G15500	6763707	6764751	1044
15734	AT2G17043	7409063	7409582	519
15735	AT2G15580	6797111	6798939	1828
15736	AT2G15590	6801803	6802734	931
15737	AT2G15610	6806033	6806764	731
15738	AT2G15640	6816541	6818358	1817
15739	AT2G16190	7020474	7021601	1127
15740	AT2G15670	6828133	6829621	1488
15741	AT2G15740	6856746	6857735	989
15742	AT2G15760	6865610	6867004	1394
15743	AT2G15770	6871257	6872245	988
15744	AT2G15780	6873417	6874784	1367
15745	AT2G15830	6893949	6894685	736
15746	AT2G15960	6947096	6947866	770
15747	AT2G15980	6951349	6952845	1496
15748	AT2G16005	6959092	6960216	1124
15749	AT2G16015	6970352	6970851	499
15750	AT2G16018	6972222	6973705	1483
15751	AT2G16020	6973356	6973586	230
15752	AT2G16030	6973673	6975007	1334
15753	AT2G16040	6976017	6977683	1666
15754	AT2G16200	7024607	7025231	624
15755	AT2G16220	7030155	7031378	1223
15756	AT2G16290	7058930	7060573	1643
15757	AT2G16300	7061629	7063367	1738
15758	AT2G16360	7076713	7077310	597
15759	AT2G16385	7094743	7095824	1081
15760	AT2G16450	7131391	7132803	1412
15761	AT2G16505	7156839	7157770	931
15762	AT2G16520	7161922	7162580	658
15763	AT2G16535	7165834	7166499	665
15764	AT2G16575	7184652	7185245	593
15765	AT2G16586	7190937	7192071	1134
15766	AT2G16592	7196147	7196777	630
15767	AT2G16620	7205391	7205918	527
15768	AT2G16676	7230346	7232223	1877
15769	AT2G16760	7275657	7277285	1628
15770	AT2G16790	7283928	7285345	1417
15771	AT2G16800	7285698	7287393	1695
15772	AT2G16810	7287412	7288945	1533
15773	AT2G16835	7295851	7296318	467
15774	AT2G16930	7341078	7342317	1239
15775	AT2G16953	7361336	7362157	821
15776	AT2G17036	7403693	7405262	1569
15777	AT2G17055	7417875	7418651	776
15778	AT2G17070	7430806	7431939	1133
15779	AT2G17080	7433183	7434172	989
15780	AT2G17150	7466687	7471586	4899
15781	AT2G17160	7472754	7474012	1258
15782	AT2G17170	7474736	7476438	1702
15783	AT2G17240	7498101	7499331	1230
15784	AT2G17300	7522050	7523177	1127
15785	AT2G17305	7527676	7529210	1534
15786	AT2G17350	7545454	7546374	920
15787	AT2G17540	7630361	7631926	1565
15788	AT2G18420	7993801	7994554	753
15789	AT2G31265	13321866	13322049	183
15790	AT2G17600	7654477	7656219	1742
15791	AT2G17630	7666548	7668065	1517
15792	AT2G17660	7673145	7673712	567
15793	AT2G17680	7679008	7680378	1370
15794	AT2G17705	7692396	7693253	857
15795	AT2G31290	13343724	13346332	2608
15796	AT2G17710	7693596	7694746	1150
15797	AT2G17723	7700134	7700675	541
15798	AT2G17740	7706896	7707954	1058
15799	AT2G17785	7728157	7728927	770
15800	AT2G19000	8241104	8241795	691
15801	AT2G17830	7754048	7755604	1556
15802	AT2G17845	7758846	7759881	1035
15803	AT2G17850	7760005	7760839	834
15804	AT2G17860	7761941	7763018	1077
15805	AT2G17880	7766765	7768040	1275
15806	AT2G17905	7777279	7777805	526
15807	AT2G17920	7782712	7784287	1575
15808	AT2G17940	7802825	7803959	1134
15809	AT2G17960	7812380	7813129	749
15810	AT2G17975	7822074	7824121	2047
15811	AT2G18010	7833782	7834653	871
15812	AT2G18070	7852529	7853666	1137
15813	AT2G18110	7872201	7874010	1809
15814	AT2G18140	7887584	7888878	1294
15815	AT2G18150	7892034	7893709	1675
15816	AT2G18200	7924267	7924671	404
15817	AT2G18210	7924958	7925918	960
15818	AT2G19090	8264974	8268416	3442
15819	AT2G18240	7935244	7936900	1656
15820	AT2G18270	7946158	7946406	248
15821	AT2G18320	7956220	7957584	1364
15822	AT2G18340	7969298	7971114	1816
15823	AT2G18370	7980532	7981868	1336
15824	AT2G18400	7989476	7990586	1110
15825	AT2G18490	8020456	8021576	1120
15826	AT2G18520	8033832	8035412	1580
15827	AT2G18530	8039670	8040780	1110
15828	AT2G18590	8069945	8072866	2921
15829	AT2G18600	8073167	8075009	1842
15830	AT2G18620	8078174	8079537	1363
15831	AT2G19146	8303889	8304455	566
15832	AT2G18670	8093220	8094823	1603
15833	AT2G18680	8094614	8095779	1165
15834	AT2G19630	8490181	8491110	929
15835	AT2G18740	8123195	8125078	1883
15836	AT2G18780	8136740	8138142	1402
15837	AT2G19365	8380020	8381326	1306
15838	AT2G18810	8147939	8149469	1530
15839	AT2G18910	8192702	8194396	1694
15840	AT2G18920	8197753	8198160	407
15841	AT2G18938	8202216	8203004	788
15842	AT2G18969	8229000	8229574	574
15843	AT2G18970	8229116	8229755	639
15844	AT2G19180	8324653	8326223	1570
15845	AT2G19220	8340678	8342161	1483
15846	AT2G19240	8348869	8352562	3693
15847	AT2G20320	8766486	8772668	6182
15848	AT2G19270	8360150	8361951	1801
15849	AT2G19290	8365919	8367022	1103
15850	AT2G19310	8369568	8370675	1107
15851	AT2G19350	8376155	8377356	1201
15852	AT2G19385	8386933	8388790	1857
15853	AT2G19390	8389610	8397939	8329
15854	AT2G19410	8404764	8409081	4317
15855	AT2G19460	8431363	8432269	906
15856	AT2G19530	8459947	8461715	1768
15857	AT2G19550	8464533	8465531	998
15858	AT2G19700	8504967	8505661	694
15859	AT2G19730	8511486	8513291	1805
15860	AT2G19740	8513448	8514666	1218
15861	AT2G19750	8514899	8516138	1239
15862	AT2G19790	8527175	8528685	1510
15863	AT2G19802	8538776	8539217	441
15864	AT2G19850	8568569	8569890	1321
15865	AT2G19893	8589953	8590324	371
15866	AT2G19920	8601858	8607052	5194
15867	AT2G19960	8621965	8622851	886
15868	AT2G31981	13609981	13610094	113
15869	AT2G19970	8623699	8624624	925
15870	AT2G19980	8627536	8628220	684
15871	AT2G20030	8647721	8649225	1504
15872	AT2G20070	8661987	8662614	627
15873	AT2G20142	8695374	8696643	1269
15874	AT2G20250	8733285	8736597	3312
15875	AT2G20350	8784769	8785447	678
15876	AT2G20362	8789594	8790742	1148
15877	AT2G20380	8794818	8795980	1162
15878	AT2G20450	8813832	8815379	1547
15879	AT2G20465	8825053	8825544	491
15880	AT2G20480	8830123	8831615	1492
15881	AT2G20500	8835120	8836044	924
15882	AT2G20515	8838750	8839857	1107
15883	AT2G20550	8845802	8847311	1509
15884	AT2G20562	8850148	8851035	887
15885	AT2G20595	8871518	8872061	543
15886	AT2G20597	8873007	8873546	539
15887	AT2G20605	8876436	8876912	476
15888	AT2G20613	8886037	8886444	407
15889	AT2G20616	8887116	8888305	1189
15890	AT2G20618	8888880	8889303	423
15891	AT2G20620	8891920	8893244	1324
15892	AT2G20625	8896154	8897218	1064
15893	AT2G20650	8903343	8907339	3996
15894	AT2G20670	8911860	8913747	1887
15895	AT2G20690	8923305	8924974	1669
15896	AT2G20805	8956169	8956737	568
15897	AT2G20820	8964199	8965568	1369
15898	AT2G20835	8970886	8971339	453
15899	AT2G20920	8998450	9000073	1623
15900	AT2G20930	9000450	9001837	1387
15901	AT2G20940	9002001	9002908	907
15902	AT2G20970	9009867	9011067	1200
15903	AT2G21010	9020944	9021870	926
15904	AT2G21030	9024536	9025764	1228
15905	AT2G21040	9026157	9027310	1153
15906	AT2G21045	9027730	9029058	1328
15907	AT2G21080	9043699	9045389	1690
15908	AT2G21100	9048131	9049404	1273
15909	AT2G21110	9050220	9050868	648
15910	AT2G21130	9055398	9056481	1083
15911	AT2G21180	9074660	9075631	971
15912	AT2G21185	9076437	9077048	611
15913	AT2G21195	9083144	9083909	765
15914	AT2G21200	9083906	9084803	897
15915	AT2G21210	9084628	9086029	1401
15916	AT2G21220	9089226	9090052	826
15917	AT2G21237	9100536	9101215	679
15918	AT2G21260	9105583	9107380	1797
15919	AT2G21290	9112798	9113597	799
15920	AT2G21350	9136203	9137284	1081
15921	AT2G21380	9141465	9149330	7865
15922	AT2G21430	9171872	9173490	1618
15923	AT2G21455	9184150	9185623	1473
15924	AT2G21465	9195477	9195984	507
15925	AT2G21480	9202494	9205471	2977
15926	AT2G21530	9219252	9220608	1356
15927	AT2G21560	9230208	9231580	1372
15928	AT2G21580	9236481	9237846	1365
15929	AT2G21595	9242205	9242951	746
15930	AT2G21640	9254378	9255743	1365
15931	AT2G21655	9263537	9264098	561
15932	AT2G21680	9267730	9269019	1289
15933	AT2G21690	9270114	9270597	483
15934	AT2G21725	9277659	9278072	413
15935	AT2G21727	9278567	9279080	513
15936	AT2G21780	9290705	9291669	964
15937	AT2G21810	9302254	9302640	386
15938	AT2G21820	9302853	9303408	555
15939	AT2G21860	9318122	9320024	1902
15940	AT2G21930	9347641	9349178	1537
15941	AT2G21990	9359318	9360664	1346
15942	AT2G22030	9372530	9373681	1151
15943	AT2G22050	9376684	9377862	1178
15944	AT2G22060	9380992	9382145	1153
15945	AT2G23067	9822005	9822148	143
15946	AT2G22080	9386431	9388241	1810
15947	AT2G22088	9388384	9389049	665
15948	AT2G22122	9403067	9403835	768
15949	AT2G22145	9420240	9420623	383
15950	AT2G22160	9425143	9425460	317
15951	AT2G22180	9428743	9430141	1398
15952	AT2G22200	9443073	9444428	1355
15953	AT2G22230	9449930	9451623	1693
15954	AT2G22320	9480105	9480440	335
15955	AT2G22340	9492864	9494112	1248
15956	AT2G22345	9495457	9495848	391
15957	AT2G22360	9497570	9500719	3149
15958	AT2G22370	9500784	9502210	1426
15959	AT2G22420	9513024	9514552	1528
15960	AT2G22425	9514695	9515674	979
15961	AT2G22440	9528910	9530060	1150
15962	AT2G22460	9533094	9534188	1094
15963	AT2G22510	9569023	9569784	761
15964	AT2G22520	9572066	9572791	725
15965	AT2G23090	9829450	9830434	984
15966	AT2G22590	9592956	9594579	1623
15967	AT2G22600	9596526	9599227	2701
15968	AT2G22610	9599420	9604776	5356
15969	AT2G22690	9649690	9651574	1884
15970	AT2G22760	9677844	9679502	1658
15971	AT2G22790	9695832	9697127	1295
15972	AT2G22795	9697131	9699944	2813
15973	AT2G22805	9712264	9713135	871
15974	AT2G22807	9715049	9716192	1143
15975	AT2G22820	9721075	9721425	350
15976	AT2G22890	9742224	9743467	1243
15977	AT2G22905	9748771	9749542	771
15978	AT2G22930	9759595	9761240	1645
15979	AT2G22940	9761655	9763462	1807
15980	AT2G22941	9762066	9762586	520
15981	AT2G22942	9763740	9764612	872
15982	AT2G23110	9840456	9841366	910
15983	AT2G23120	9841842	9842634	792
15984	AT2G23142	9850176	9850619	443
15985	AT2G23148	9853609	9854156	547
15986	AT2G23160	9862470	9863744	1274
15987	AT2G23270	9903215	9903845	630
15988	AT2G23400	9963809	9965414	1605
15989	AT2G23440	9979405	9979874	469
15990	AT2G23445	9985933	9986507	574
15991	AT2G23680	10066117	10067737	1620
15992	AT2G23690	10072057	10073126	1069
15993	AT2G23755	10102787	10104050	1263
15994	AT2G23830	10143468	10144714	1246
15995	AT2G23940	10183867	10185331	1464
15996	AT2G23945	10185229	10186738	1509
15997	AT2G23950	10186891	10190492	3601
15998	AT2G23960	10195910	10197741	1831
15999	AT2G23970	10199675	10201095	1420
16000	AT2G23985	10204802	10206522	1720
16001	AT2G23987	10205031	10206259	1228
16002	AT2G24020	10217641	10219468	1827
16003	AT2G24040	10223857	10225171	1314
16004	AT2G24080	10237604	10238779	1175
16005	AT2G24140	10262478	10264065	1587
16006	AT2G24195	10285903	10286865	962
16007	AT2G24205	10291348	10291762	414
16008	AT2G24255	10315515	10317353	1838
16009	AT2G24285	10337192	10337824	632
16010	AT2G24290	10338667	10340239	1572
16011	AT2G24310	10344338	10345510	1172
16012	AT2G24320	10345421	10347053	1632
16013	AT2G24390	10373570	10375011	1441
16014	AT2G24395	10375439	10376265	826
16015	AT2G24400	10376956	10378645	1689
16016	AT2G24460	10394329	10395390	1061
16017	AT2G24470	10395828	10396622	794
16018	AT2G24510	10404373	10405650	1277
16019	AT2G24535	10424688	10425764	1076
16020	AT2G24620	10463076	10463959	883
16021	AT2G24550	10427856	10429487	1631
16022	AT2G24560	10431260	10433074	1814
16023	AT2G24615	10461199	10462852	1653
16024	AT2G24617	10462910	10463224	314
16025	AT2G24625	10468340	10469286	946
16026	AT2G24670	10492669	10493567	898
16027	AT2G24681	10497147	10498462	1315
16028	AT2G24683	10498616	10498898	282
16029	AT2G24692	10503436	10504063	627
16030	AT2G24693	10506024	10506859	835
16031	AT2G24810	10573862	10574699	837
16032	AT2G24696	10509068	10510902	1834
16033	AT2G24780	10565622	10566182	560
16034	AT2G24800	10571054	10572636	1582
16035	AT2G24860	10586643	10588416	1773
16036	AT2G24870	10588569	10589615	1046
16037	AT2G24880	10590554	10590862	308
16038	AT2G24945	10610833	10612232	1399
16039	AT2G26120	11123430	11123817	387
16040	AT2G24970	10619531	10621307	1776
16041	AT2G25120	10689934	10691569	1635
16042	AT2G25130	10695071	10697175	2104
16043	AT2G25169	10712606	10714014	1408
16044	AT2G25185	10731556	10732075	519
16045	AT2G25190	10733921	10735795	1874
16046	AT2G25200	10736261	10737800	1539
16047	AT2G25210	10739855	10740552	697
16048	AT2G25215	10741671	10742161	490
16049	AT2G25250	10753602	10754935	1333
16050	AT2G25297	10770676	10771335	659
16051	AT2G25305	10774501	10775002	501
16052	AT2G25312	10780074	10780409	335
16053	AT2G25360	10804249	10805761	1512
16054	AT2G25409	10815362	10815995	633
16055	AT2G25410	10814393	10815994	1601
16056	AT2G25450	10829854	10831655	1801
16057	AT2G25482	10845838	10846393	555
16058	AT2G25510	10856271	10857217	946
16059	AT2G25520	10860668	10862410	1742
16060	AT2G25565	10884062	10885295	1233
16061	AT2G25605	10899348	10901231	1883
16062	AT2G25610	10901183	10902919	1736
16063	AT2G25625	10906215	10907350	1135
16064	AT2G25650	10914511	10916216	1705
16065	AT2G25720	10955430	10956090	660
16066	AT2G25735	10974655	10975916	1261
16067	AT2G25770	10992728	10993652	924
16068	AT2G25780	10995095	10996045	950
16069	AT2G25890	11037303	11038179	876
16070	AT2G25905	11045992	11047215	1223
16071	AT2G25920	11054168	11056062	1894
16072	AT2G25964	11070639	11071287	648
16073	AT2G26050	11098652	11099380	728
16074	AT2G26110	11120523	11122146	1623
16075	AT2G26130	11127029	11128476	1447
16076	AT2G26135	11130119	11131514	1395
16077	AT2G26160	11137978	11139451	1473
16078	AT2G26240	11167248	11168672	1424
16079	AT2G26340	11215208	11217033	1825
16080	AT2G26360	11221516	11223400	1884
16081	AT2G26370	11224565	11226235	1670
16082	AT2G26380	11226488	11228123	1635
16083	AT2G26390	11228825	11230598	1773
16084	AT2G26490	11267857	11269750	1893
16085	AT2G26500	11270082	11271074	992
16086	AT2G26515	11277945	11279084	1139
16087	AT2G26520	11279913	11280996	1083
16088	AT2G26620	11325069	11326835	1766
16089	AT2G26680	11343766	11345540	1774
16090	AT2G26695	11364996	11366030	1034
16091	AT2G26720	11384782	11385402	620
16092	AT2G26750	11395707	11397219	1512
16093	AT2G26840	11447169	11448949	1780
16094	AT2G26940	11496518	11497702	1184
16095	AT2G27130	11595076	11596548	1472
16096	AT2G27140	11598305	11599322	1017
16097	AT2G27160	11607432	11608416	984
16098	AT2G27180	11620076	11621174	1098
16099	AT2G27229	11649057	11649998	941
16100	AT2G27260	11669629	11670644	1015
16101	AT2G27315	11689467	11690004	537
16102	AT2G34238	14458688	14459117	429
16103	AT2G27280	11673826	11675613	1787
16104	AT2G27290	11678305	11679919	1614
16105	AT2G27310	11683772	11685342	1570
16106	AT2G27330	11695032	11696799	1767
16107	AT2G27385	11716001	11717437	1436
16108	AT2G27389	11720294	11721081	787
16109	AT2G27402	11722770	11724400	1630
16110	AT2G27410	11724427	11725419	992
16111	AT2G27420	11726134	11727654	1520
16112	AT2G27480	11746683	11748051	1368
16113	AT2G27505	11756566	11757898	1332
16114	AT2G27520	11762061	11763143	1082
16115	AT2G27535	11765281	11766144	863
16116	AT2G27570	11775329	11776305	976
16117	AT2G27580	11776410	11777553	1143
16118	AT2G27670	11801568	11802891	1323
16119	AT2G27710	11816634	11817972	1338
16120	AT2G27720	11818230	11819646	1416
16121	AT2G27740	11822513	11823857	1344
16122	AT2G27750	11823916	11824461	545
16123	AT2G27770	11832543	11834427	1884
16124	AT2G27775	11842236	11843361	1125
16125	AT2G27780	11845472	11846578	1106
16126	AT2G27800	11849647	11851457	1810
16127	AT2G27830	11860218	11861525	1307
16128	AT2G28030	11934208	11935386	1178
16129	AT2G27930	11891998	11893787	1789
16130	AT2G27940	11897942	11898867	925
16131	AT2G28010	11930494	11931813	1319
16132	AT2G28050	11937871	11939653	1782
16133	AT2G28085	11967942	11968712	770
16134	AT2G28090	11972140	11974007	1867
16135	AT2G28105	11976303	11977913	1610
16136	AT2G28140	11994954	11996236	1282
16137	AT2G28200	12023940	12025370	1430
16138	AT2G28220	12033998	12035327	1329
16139	AT2G28225	12036273	12037527	1254
16140	AT2G28230	12037627	12039059	1432
16141	AT2G28270	12053542	12054538	996
16142	AT2G28330	12099742	12100757	1015
16143	AT2G28400	12147883	12149072	1189
16144	AT2G28410	12156022	12156984	962
16145	AT2G28430	12159548	12160466	918
16146	AT2G28440	12160977	12162032	1055
16147	AT2G28510	12199075	12200780	1705
16148	AT2G28570	12241766	12242778	1012
16149	AT2G28605	12254888	12255923	1035
16150	AT2G28625	12272281	12273027	746
16151	AT2G28671	12300203	12302036	1833
16152	AT2G28680	12302959	12304830	1871
16153	AT2G28690	12306885	12308643	1758
16154	AT2G28710	12322386	12323584	1198
16155	AT2G28720	12326808	12327808	1000
16156	AT2G28725	12328605	12328943	338
16157	AT2G28755	12334019	12334788	769
16158	AT2G28790	12354329	12355570	1241
16159	AT2G28815	12367001	12368064	1063
16160	AT2G28870	12394067	12395017	950
16161	AT2G28920	12418017	12418576	559
16162	AT2G29150	12535715	12536964	1249
16163	AT2G29170	12541650	12542465	815
16164	AT2G29180	12542933	12543835	902
16165	AT2G29250	12578909	12580780	1871
16166	AT2G29260	12582477	12584374	1897
16167	AT2G29263	12584168	12584428	260
16168	AT2G29300	12588191	12589759	1568
16169	AT2G29310	12589866	12591487	1621
16170	AT2G29320	12592129	12593803	1674
16171	AT2G29360	12603767	12605299	1532
16172	AT2G29370	12606012	12607618	1606
16173	AT2G29430	12619554	12620027	473
16174	AT2G29500	12633065	12634120	1055
16175	AT2G29590	12654456	12655457	1001
16176	AT2G29620	12662721	12666113	3392
16177	AT2G29660	12678890	12680737	1847
16178	AT2G29679	12689276	12689398	122
16179	AT2G29710	12698573	12700343	1770
16180	AT2G29735	12705346	12705699	353
16181	AT2G29770	12715411	12716875	1464
16182	AT2G29780	12717786	12719328	1542
16183	AT2G29800	12722939	12724602	1663
16184	AT2G29810	12726102	12727253	1151
16185	AT2G29820	12728362	12729528	1166
16186	AT2G29830	12730411	12731599	1188
16187	AT2G29840	12732387	12733983	1596
16188	AT2G29850	12734725	12736394	1669
16189	AT2G29870	12740989	12741791	802
16190	AT2G29880	12742536	12743749	1213
16191	AT2G29920	12754424	12755384	960
16192	AT2G30000	12803823	12805024	1201
16193	AT2G30120	12860147	12861971	1824
16194	AT2G30150	12874465	12876330	1865
16195	AT2G30160	12877799	12879661	1862
16196	AT2G30220	12891233	12892666	1433
16197	AT2G30230	12897054	12898172	1118
16198	AT2G30270	12907821	12909261	1440
16199	AT2G30310	12923055	12924380	1325
16200	AT2G30350	12934149	12935784	1635
16201	AT2G30380	12947884	12949729	1845
16202	AT2G30385	12949797	12950890	1093
16203	AT2G30430	12968176	12968412	236
16204	AT2G30540	13011105	13012043	938
16205	AT2G30560	13017347	13019000	1653
16206	AT2G30615	13041085	13042586	1501
16207	AT2G30620	13044931	13046682	1751
16208	AT2G30660	13058250	13061675	3425
16209	AT2G30670	13069091	13070920	1829
16210	AT2G30680	13073648	13075396	1748
16211	AT2G30700	13081752	13085451	3699
16212	AT2G30810	13127826	13128666	840
16213	AT2G30830	13132499	13134355	1856
16214	AT2G31035	13208667	13208918	251
16215	AT2G30840	13135314	13137004	1690
16216	AT2G30930	13162074	13163497	1423
16217	AT2G30940	13168533	13170285	1752
16218	AT2G30942	13170779	13172168	1389
16219	AT2G30960	13177179	13178421	1242
16220	AT2G30985	13186716	13187200	484
16221	AT2G31005	13193504	13193797	293
16222	AT2G31018	13201432	13201551	119
16223	AT2G31050	13212150	13212752	602
16224	AT2G31090	13256091	13257068	977
16225	AT2G31215	13299807	13300302	495
16226	AT2G31100	13256738	13258176	1438
16227	AT2G31141	13271726	13272534	808
16228	AT2G31335	13360883	13361383	500
16229	AT2G31345	13365232	13365800	568
16230	AT2G31410	13391881	13392927	1046
16231	AT2G31420	13393364	13394136	772
16232	AT2G31425	13394715	13395767	1052
16233	AT2G31432	13397480	13398946	1466
16234	AT2G31460	13404776	13405510	734
16235	AT2G34317	14482150	14483195	1045
16236	AT2G31490	13411940	13413285	1345
16237	AT2G31540	13430469	13432065	1596
16238	AT2G31550	13433797	13435207	1410
16239	AT2G31560	13436485	13438011	1526
16240	AT2G31580	13440842	13445932	5090
16241	AT2G34320	14484959	14485837	878
16242	AT2G31590	13446829	13448133	1304
16243	AT2G31610	13450241	13451982	1741
16244	AT2G31620	13451991	13452908	917
16245	AT2G31670	13472246	13473556	1310
16246	AT2G31690	13476093	13477547	1454
16247	AT2G31700	13480510	13481568	1058
16248	AT2G31710	13481758	13483193	1435
16249	AT2G31720	13485034	13485975	941
16250	AT2G31725	13486237	13487507	1270
16251	AT2G31850	13540199	13540540	341
16252	AT2G31862	13545549	13546464	915
16253	AT2G31930	13577378	13578291	913
16254	AT2G31940	13580371	13581134	763
16255	AT2G31945	13581534	13582366	832
16256	AT2G31985	13613928	13615692	1764
16257	AT2G32020	13630980	13631929	949
16258	AT2G32030	13632468	13633551	1083
16259	AT2G32050	13637858	13638894	1036
16260	AT2G32060	13638762	13640431	1669
16261	AT2G32070	13640594	13642060	1466
16262	AT2G32090	13644298	13645969	1671
16263	AT2G32130	13654805	13655525	720
16264	AT2G32140	13655627	13657369	1742
16265	AT2G32190	13674255	13675356	1101
16266	AT2G32200	13676389	13677306	917
16267	AT2G32210	13677986	13678906	920
16268	AT2G32220	13678910	13679523	613
16269	AT2G32235	13682557	13684248	1691
16270	AT2G32275	13709604	13710356	752
16271	AT2G32350	13734945	13735788	843
16272	AT2G32360	13737019	13737546	527
16273	AT2G32380	13746566	13747810	1244
16274	AT2G32430	13771296	13774502	3206
16275	AT2G32450	13778320	13781398	3078
16276	AT2G32470	13787172	13788894	1722
16277	AT2G32487	13791857	13793320	1463
16278	AT2G32580	13827425	13829317	1892
16279	AT2G32645	13851667	13853343	1676
16280	AT2G32650	13850989	13852080	1091
16281	AT2G32820	13925817	13926979	1162
16282	AT2G32750	13889573	13891269	1696
16283	AT2G32788	13904833	13905110	277
16284	AT2G32790	13905482	13906382	900
16285	AT2G33685	14252116	14252493	377
16286	AT2G32885	13951686	13953478	1792
16287	AT2G32905	13958372	13959066	694
16288	AT2G33090	14035215	14035961	746
16289	AT2G33175	14062699	14063623	924
16290	AT2G33180	14066125	14067576	1451
16291	AT2G33190	14067866	14069149	1283
16292	AT2G33200	14069541	14070671	1130
16293	AT2G33690	14252154	14252643	489
16294	AT2G33220	14078850	14080743	1893
16295	AT2G33250	14097369	14098751	1382
16296	AT2G33255	14098778	14100623	1845
16297	AT2G33300	14113025	14114200	1175
16298	AT2G33370	14143128	14144766	1638
16299	AT2G33400	14152706	14154578	1872
16300	AT2G33510	14194096	14195741	1645
16301	AT2G33520	14196732	14197706	974
16302	AT2G33550	14209982	14211693	1711
16303	AT2G33585	14223170	14224167	997
16304	AT2G33655	14242915	14244569	1654
16305	AT2G33720	14263732	14265202	1470
16306	AT2G33735	14268269	14269616	1347
16307	AT2G33760	14275800	14277551	1751
16308	AT2G33780	14290969	14291806	837
16309	AT2G33796	14299709	14300252	543
16310	AT2G34200	14440433	14442054	1621
16311	AT2G33830	14308754	14310608	1854
16312	AT2G33845	14317563	14319389	1826
16313	AT2G34224	14453882	14454470	588
16314	AT2G33847	14318964	14320714	1750
16315	AT2G33850	14320865	14322082	1217
16316	AT2G34000	14364931	14365743	812
16317	AT2G34010	14368536	14370438	1902
16318	AT2G34050	14382683	14384450	1767
16319	AT2G34080	14393181	14394858	1677
16320	AT2G34120	14405339	14405551	212
16321	AT2G34123	14406240	14406742	502
16322	AT2G34140	14413694	14414788	1094
16323	AT2G34160	14426108	14427488	1380
16324	AT2G34270	14468658	14469876	1218
16325	AT2G34280	14470201	14471837	1636
16326	AT2G34315	14480163	14481285	1122
16327	AT2G34325	14486525	14488000	1475
16328	AT2G34330	14486539	14487401	862
16329	AT2G34340	14488584	14489767	1183
16330	AT2G34370	14510482	14511944	1462
16331	AT2G34380	14512707	14514516	1809
16332	AT2G34460	14529558	14530958	1400
16333	AT2G34480	14532624	14534409	1785
16334	AT2G34530	14548905	14550354	1449
16335	AT2G34540	14550614	14552339	1725
16336	AT2G34585	14567966	14568799	833
16337	AT2G34610	14575392	14576527	1135
16338	AT2G34620	14577083	14578382	1299
16339	AT2G34655	14596565	14597543	978
16340	AT2G34700	14634090	14635627	1537
16341	AT2G34740	14658410	14660305	1895
16342	AT2G34820	14689624	14690879	1255
16343	AT2G34840	14702488	14704371	1883
16344	AT2G34910	14726800	14728128	1328
16345	AT2G35280	14859378	14860200	822
16346	AT2G34990	14750156	14751326	1170
16347	AT2G35070	14783254	14784847	1593
16348	AT2G35090	14792171	14793032	861
16349	AT2G35120	14805639	14807406	1767
16350	AT2G35200	14833848	14834666	818
16351	AT2G35215	14839027	14839916	889
16352	AT2G35290	14861199	14862178	979
16353	AT2G35345	14880189	14880655	466
16354	AT2G35380	14892495	14893993	1498
16355	AT2G35555	14930658	14931504	846
16356	AT2G35410	14898256	14899750	1494
16357	AT2G35420	14899715	14900692	977
16358	AT2G35430	14900704	14902385	1681
16359	AT2G35460	14905788	14906504	716
16360	AT2G35470	14908487	14909863	1376
16361	AT2G35480	14910343	14912048	1705
16362	AT2G35490	14912098	14913894	1796
16363	AT2G35580	14933828	14935482	1654
16364	AT2G35585	14936565	14938032	1467
16365	AT2G35605	14946041	14947276	1235
16366	AT2G35612	14954883	14955605	722
16367	AT2G35730	15020398	15021598	1200
16368	AT2G35615	14959386	14960828	1442
16369	AT2G35640	14982835	14984339	1504
16370	AT2G35733	15022676	15022867	191
16371	AT2G36026	15127265	15127816	551
16372	AT2G35736	15022582	15023364	782
16373	AT2G35750	15029829	15030348	519
16374	AT2G35760	15031679	15033342	1663
16375	AT2G35765	15033537	15034091	554
16376	AT2G35790	15040669	15042123	1454
16377	AT2G35795	15042175	15043575	1400
16378	AT2G36030	15127559	15127771	212
16379	AT2G35810	15048885	15050323	1438
16380	AT2G35820	15050498	15052239	1741
16381	AT2G35830	15052199	15053276	1077
16382	AT2G35850	15056753	15056995	242
16383	AT2G35910	15072887	15074140	1253
16384	AT2G35935	15083353	15084340	987
16385	AT2G35965	15108188	15109534	1346
16386	AT2G36090	15158561	15159639	1078
16387	AT2G36110	15161702	15162790	1088
16388	AT2G36130	15166720	15168497	1777
16389	AT2G36145	15168533	15169514	981
16390	AT2G36160	15169818	15171459	1641
16391	AT2G36170	15172061	15173340	1279
16392	AT2G36180	15173652	15174216	564
16393	AT2G36200	15179817	15185405	5588
16394	AT2G36210	15186040	15186852	812
16395	AT2G36220	15192480	15193698	1218
16396	AT2G36240	15195608	15197332	1724
16397	AT2G36255	15201242	15201824	582
16398	AT2G36260	15202646	15203703	1057
16399	AT2G36295	15211514	15212400	886
16400	AT2G36300	15212970	15214340	1370
16401	AT2G36355	15242323	15243492	1169
16402	AT2G36430	15289975	15291763	1788
16403	AT2G36440	15292538	15292917	379
16404	AT2G36540	15325237	15326449	1212
16405	AT2G36550	15327479	15328802	1323
16406	AT2G36650	15359906	15361328	1422
16407	AT2G36695	15382661	15383444	783
16408	AT2G36700	15384706	15386421	1715
16409	AT2G36710	15389466	15391257	1791
16410	AT2G36730	15404932	15406609	1677
16411	AT2G36770	15415077	15416845	1768
16412	AT2G36815	15440769	15441331	562
16413	AT2G36854	15469719	15469904	185
16414	AT2G37140	15602863	15603515	652
16415	AT2G36885	15482003	15483788	1785
16416	AT2G36920	15508798	15509850	1052
16417	AT2G36930	15509898	15511607	1709
16418	AT2G36970	15528877	15530779	1902
16419	AT2G37750	15830870	15831592	722
16420	AT2G37000	15540246	15541248	1002
16421	AT2G37030	15553651	15554332	681
16422	AT2G37100	15590741	15592282	1541
16423	AT2G37110	15592552	15594033	1481
16424	AT2G37120	15593964	15594961	997
16425	AT2G37125	15596104	15596908	804
16426	AT2G37190	15619206	15620156	950
16427	AT2G37195	15620257	15621880	1623
16428	AT2G37780	15837442	15838302	860
16429	AT2G37200	15621815	15623160	1345
16430	AT2G37290	15656427	15661735	5308
16431	AT2G37320	15667139	15668851	1712
16432	AT2G37370	15679107	15684718	5611
16433	AT2G37400	15695988	15697457	1469
16434	AT2G39160	16333490	16334173	683
16435	AT2G37420	15700211	15705362	5151
16436	AT2G37435	15709808	15710912	1104
16437	AT2G37470	15736727	15737728	1001
16438	AT2G37510	15742980	15744606	1626
16439	AT2G37530	15750915	15751672	757
16440	AT2G37580	15764515	15765658	1143
16441	AT2G37800	15841039	15841850	811
16442	AT2G37600	15774030	15775374	1344
16443	AT2G37610	15776849	15777673	824
16444	AT2G37660	15795213	15797059	1846
16445	AT2G37805	15842880	15843733	853
16446	AT2G37810	15845350	15846051	701
16447	AT2G37820	15847450	15848659	1209
16448	AT2G37870	15859204	15859942	738
16449	AT2G37880	15860627	15861665	1038
16450	AT2G37910	15868399	15869097	698
16451	AT2G37950	15882295	15884013	1718
16452	AT2G38025	15914958	15916807	1849
16453	AT2G38150	15981625	15982917	1292
16454	AT2G38152	15984061	15985278	1217
16455	AT2G38350	16068341	16069308	967
16456	AT2G38365	16070881	16072007	1126
16457	AT2G38420	16091030	16092681	1651
16458	AT2G38450	16101926	16102998	1072
16459	AT2G38465	16106210	16106935	725
16460	AT2G38480	16110741	16111911	1170
16461	AT2G38500	16117395	16119187	1792
16462	AT2G38510	16123985	16125535	1550
16463	AT2G38590	16142897	16144184	1287
16464	AT2G38600	16145630	16147144	1514
16465	AT2G38640	16157521	16158660	1139
16466	AT2G38646	16160564	16160809	245
16467	AT2G38690	16176631	16177754	1123
16468	AT2G38730	16192325	16194172	1847
16469	AT2G38740	16194326	16196183	1857
16470	AT2G38790	16214189	16215264	1075
16471	AT2G38823	16223997	16225507	1510
16472	AT2G38830	16225777	16226872	1095
16473	AT2G38870	16236257	16237280	1023
16474	AT2G38890	16241077	16242917	1840
16475	AT2G38900	16243215	16244175	960
16476	AT2G39020	16295140	16296495	1355
16477	AT2G39040	16299242	16301245	2003
16478	AT2G39130	16322956	16327312	4356
16479	AT2G39170	16334546	16336297	1751
16480	AT2G39210	16366102	16368570	2468
16481	AT2G39240	16384786	16388502	3716
16482	AT2G39270	16399969	16401671	1702
16483	AT2G39320	16417477	16418517	1040
16484	AT2G39355	16436504	16436833	329
16485	AT2G39360	16437338	16440544	3206
16486	AT2G39375	16446514	16449180	2666
16487	AT2G39390	16450554	16451878	1324
16488	AT2G39415	16458607	16459014	407
16489	AT2G39430	16463347	16464531	1184
16490	AT2G39440	16467830	16469628	1798
16491	AT2G39445	16469779	16471274	1495
16492	AT2G39490	16486902	16488645	1743
16493	AT2G39500	16489013	16490108	1095
16494	AT2G39518	16495819	16497145	1326
16495	AT2G39520	16496813	16497621	808
16496	AT2G39530	16498364	16499524	1160
16497	AT2G39540	16500788	16501414	626
16498	AT2G39560	16504838	16506150	1312
16499	AT2G39580	16510273	16517200	6927
16500	AT2G39590	16517588	16518247	659
16501	AT2G39790	16594833	16595800	967
16502	AT2G39650	16527730	16529494	1764
16503	AT2G39710	16561788	16563441	1653
16504	AT2G39725	16569430	16570748	1318
16505	AT2G39782	16594037	16594516	479
16506	AT2G39795	16596838	16598162	1324
16507	AT2G39851	16634519	16635568	1049
16508	AT2G39855	16637661	16639497	1836
16509	AT2G39865	16641761	16641907	146
16510	AT2G39920	16663017	16664539	1522
16511	AT2G39975	16687717	16688248	531
16512	AT2G40004	16704063	16704954	891
16513	AT2G41400	17259457	17260120	663
16514	AT2G40085	16736317	16737294	977
16515	AT2G40110	16747831	16749590	1759
16516	AT2G40113	16750035	16751314	1279
16517	AT2G40130	16765709	16769279	3570
16518	AT2G40165	16777493	16779137	1644
16519	AT2G40200	16791010	16792376	1366
16520	AT2G40500	16916330	16917217	887
16521	AT2G40230	16803080	16804823	1743
16522	AT2G40240	16810905	16812518	1613
16523	AT2G40260	16816530	16818730	2200
16524	AT2G40310	16834065	16835711	1646
16525	AT2G40350	16851434	16852803	1369
16526	AT2G40390	16867293	16869104	1811
16527	AT2G40430	16878901	16882498	3597
16528	AT2G40450	16892024	16892974	950
16529	AT2G40460	16896907	16901670	4763
16530	AT2G40480	16910167	16912616	2449
16531	AT2G40510	16918391	16919900	1509
16532	AT2G40520	16922337	16925961	3624
16533	AT2G40530	16927501	16928280	779
16534	AT2G40560	16938705	16939616	911
16535	AT2G40580	16943864	16945003	1139
16536	AT2G40590	16944984	16946548	1564
16537	AT2G40600	16946824	16948712	1888
16538	AT2G40620	16954418	16957183	2765
16539	AT2G40630	16957881	16961591	3710
16540	AT2G40660	16965909	16969119	3210
16541	AT2G40711	16981498	16982681	1183
16542	AT2G40720	16987269	16989851	2582
16543	AT2G40745	17008174	17008917	743
16544	AT2G40765	17012176	17013325	1149
16545	AT2G40610	16948791	16950705	1914
16546	AT2G40780	17021505	17022944	1439
16547	AT2G40815	17034541	17036281	1740
16548	AT2G40910	17069841	17071657	1816
16549	AT2G40920	17072352	17074175	1823
16550	AT2G40925	17074905	17076239	1334
16551	AT2G40935	17082745	17084376	1631
16552	AT2G40960	17095165	17097454	2289
16553	AT2G40980	17102090	17104802	2712
16554	AT2G40995	17109360	17109804	444
16555	AT2G41040	17121327	17123222	1895
16556	AT2G41090	17135347	17136999	1652
16557	AT2G41105	17138333	17139159	826
16558	AT2G41120	17141275	17142485	1210
16559	AT2G41200	17171625	17173350	1725
16560	AT2G41231	17195292	17195915	623
16561	AT2G41780	17427922	17428812	890
16562	AT2G41330	17226948	17228519	1571
16563	AT2G41342	17230515	17231037	522
16564	AT2G41355	17233540	17233966	426
16565	AT2G41375	17238380	17238986	606
16566	AT2G41380	17251819	17253194	1375
16567	AT2G41390	17257380	17258196	816
16568	AT2G41410	17261728	17263017	1289
16569	AT2G41415	17264321	17265087	766
16570	AT2G41417	17264512	17264850	338
16571	AT2G41475	17294978	17296565	1587
16572	AT2G41480	17296894	17298725	1831
16573	AT2G41590	17343360	17345005	1645
16574	AT2G41610	17347157	17348239	1082
16575	AT2G41800	17436443	17438168	1725
16576	AT2G41650	17362645	17364518	1873
16577	AT2G41730	17409370	17410334	964
16578	AT2G41750	17421555	17422747	1192
16579	AT2G41830	17450109	17457130	7021
16580	AT2G41840	17459685	17461539	1854
16581	AT2G41905	17495506	17496187	681
16582	AT2G41910	17496956	17498077	1121
16583	AT2G41920	17499404	17500452	1048
16584	AT2G41930	17501629	17502686	1057
16585	AT2G41950	17513008	17514167	1159
16586	AT2G41990	17527167	17528937	1770
16587	AT2G42005	17530960	17532689	1729
16588	AT2G42060	17548053	17549121	1068
16589	AT2G42065	17551475	17553028	1553
16590	AT2G42100	17560211	17561945	1734
16591	AT2G42110	17562030	17562947	917
16592	AT2G42140	17568677	17569669	992
16593	AT2G42180	17580917	17581956	1039
16594	AT2G42190	17582673	17584492	1819
16595	AT2G42310	17624993	17625940	947
16596	AT2G42220	17592038	17593500	1462
16597	AT2G42340	17636204	17637800	1596
16598	AT2G42350	17639001	17640300	1299
16599	AT2G42360	17640546	17641790	1244
16600	AT2G42390	17651106	17652643	1537
16601	AT2G42395	17653080	17654069	989
16602	AT2G42640	17758532	17764185	5653
16603	AT2G42460	17677876	17679293	1417
16604	AT2G42465	17679869	17681456	1587
16605	AT2G42470	17683865	17685112	1247
16606	AT2G42930	17860868	17861272	404
16607	AT2G42475	17685737	17687146	1409
16608	AT2G42550	17713196	17714230	1034
16609	AT2G42650	17765178	17766888	1710
16610	AT2G42660	17767050	17768379	1329
16611	AT2G42690	17776241	17777717	1476
16612	AT2G43160	17947800	17953669	5869
16613	AT2G43210	17960648	17963769	3121
16614	AT2G42725	17787454	17788331	877
16615	AT2G42760	17795817	17797413	1596
16616	AT2G42770	17798266	17800072	1806
16617	AT2G43235	17968698	17970835	2137
16618	AT2G43240	17970859	17975938	5079
16619	AT2G42860	17833700	17835113	1413
16620	AT2G42885	17845703	17846603	900
16621	AT2G42900	17854557	17855511	954
16622	AT2G42920	17858655	17863466	4811
16623	AT2G42940	17862254	17863456	1202
16624	AT2G42950	17863678	17866572	2894
16625	AT2G42955	17866686	17867572	886
16626	AT2G42975	17873869	17874936	1067
16627	AT2G42980	17875005	17876779	1774
16628	AT2G42990	17878944	17880563	1619
16629	AT2G43030	17894796	17895882	1086
16630	AT2G43090	17918926	17920496	1570
16631	AT2G43150	17945662	17947155	1493
16632	AT2G43255	17979703	17981309	1606
16633	AT2G43260	17983506	17985185	1679
16634	AT2G43261	17985247	17986775	1528
16635	AT2G43540	18072127	18073100	973
16636	AT2G43270	17988175	17989491	1316
16637	AT2G43280	17989602	17991022	1420
16638	AT2G43310	17995901	17996688	787
16639	AT2G43340	18007629	18008665	1036
16640	AT2G43386	18019449	18020088	639
16641	AT2G43390	18020229	18020879	650
16642	AT2G43440	18039306	18040732	1426
16643	AT2G43445	18041407	18043110	1703
16644	AT2G43450	18043234	18044225	991
16645	AT2G43460	18045965	18047401	1436
16646	AT2G43610	18087812	18089371	1559
16647	AT2G43470	18049799	18051589	1790
16648	AT2G43480	18052967	18054417	1450
16649	AT2G43530	18070110	18070523	413
16650	AT2G43535	18070960	18071826	866
16651	AT2G43560	18073859	18075498	1639
16652	AT2G43580	18078649	18080094	1445
16653	AT2G43590	18081304	18082776	1472
16654	AT2G43600	18085961	18087085	1124
16655	AT2G43620	18093694	18095093	1399
16656	AT2G43630	18095685	18097488	1803
16657	AT2G43640	18097400	18099136	1736
16658	AT2G43660	18103639	18104591	952
16659	AT2G43670	18105085	18106043	958
16660	AT2G43700	18115064	18118878	3814
16661	AT2G43720	18123167	18124471	1304
16662	AT2G43730	18124648	18125868	1220
16663	AT2G43740	18126578	18128293	1715
16664	AT2G43745	18128529	18129841	1312
16665	AT2G43760	18132484	18134068	1584
16666	AT2G43780	18136108	18137803	1695
16667	AT2G43795	18140944	18142435	1491
16668	AT2G43860	18162720	18164428	1708
16669	AT2G43865	18165419	18165878	459
16670	AT2G43880	18172889	18174705	1816
16671	AT2G44390	18325811	18326551	740
16672	AT2G43960	18203312	18204912	1600
16673	AT2G44000	18214089	18215571	1482
16674	AT2G44010	18216574	18217453	879
16675	AT2G44030	18220086	18221228	1142
16676	AT2G44040	18221694	18224162	2468
16677	AT2G44070	18230865	18232630	1765
16678	AT2G44130	18253610	18255054	1444
16679	AT2G44175	18268788	18269214	426
16680	AT2G44195	18274723	18275792	1069
16681	AT2G44198	18276066	18276164	98
16682	AT2G44210	18280580	18283014	2434
16683	AT2G44290	18305080	18306395	1315
16684	AT2G44300	18307223	18308494	1271
16685	AT2G44330	18310586	18311185	599
16686	AT2G44340	18314188	18315322	1134
16687	AT2G44360	18320732	18321696	964
16688	AT2G44370	18321951	18323121	1170
16689	AT2G44380	18323366	18324561	1195
16690	AT2G44400	18326954	18327888	934
16691	AT2G44525	18382070	18383513	1443
16692	AT2G44578	18400646	18401339	693
16693	AT2G44580	18401777	18403654	1877
16694	AT2G44581	18397874	18398504	630
16695	AT2G44600	18408579	18410170	1591
16696	AT2G44630	18415596	18417013	1417
16697	AT2G44670	18425111	18426121	1010
16698	AT2G44700	18431006	18432333	1327
16699	AT2G44730	18437333	18438565	1232
16700	AT2G44800	18466820	18468551	1731
16701	AT2G44820	18484074	18485873	1799
16702	AT2G44860	18500803	18502562	1759
16703	AT2G44870	18502987	18504718	1731
16704	AT4G20555	11056385	11057245	860
16705	AT4G20325	10979741	10982646	2905
16706	AT4G20330	10982517	10984521	2004
16707	AT4G20390	11006815	11008076	1261
16708	AT4G20420	11016970	11017623	653
16709	AT4G26415	13349044	13350682	1638
16710	AT4G20480	11033849	11035877	2028
16711	AT4G20530	11048434	11049769	1335
16712	AT4G20535	11049867	11050727	860
16713	AT4G20540	11051693	11053028	1335
16714	AT4G20550	11054952	11056287	1335
16715	AT4G20560	11058211	11059546	1335
16716	AT4G20565	11059644	11060504	860
16717	AT4G20570	11061470	11062805	1335
16718	AT4G20575	11062903	11063763	860
16719	AT4G20580	11064922	11065934	1012
16720	AT4G20590	11068181	11069193	1012
16721	AT4G20600	11071440	11072452	1012
16722	AT4G20620	11077958	11078970	1012
16723	AT4G20630	11082804	11083816	1012
16724	AT4G20640	11086063	11087075	1012
16725	AT4G20645	11089129	11090464	1335
16726	AT4G20650	11090758	11091761	1003
16727	AT4G20670	11092581	11093621	1040
16728	AT4G20680	11094914	11096521	1607
16729	AT4G20690	11097242	11098024	782
16730	AT4G20703	11100589	11101724	1135
16731	AT4G20707	11102461	11103359	898
16732	AT4G20800	11139609	11141311	1702
16733	AT4G20760	11128941	11130770	1829
16734	AT4G20790	11134775	11136423	1648
16735	AT4G20835	11155537	11157106	1569
16736	AT4G20860	11172622	11174467	1845
16737	AT4G20935	11201864	11202683	819
16738	AT4G20953	11209622	11211109	1487
16739	AT4G20970	11215112	11216432	1320
16740	AT4G21010	11226286	11227363	1077
16741	AT4G21020	11228187	11229616	1429
16742	AT4G21105	11265479	11267056	1577
16743	AT4G21140	11277185	11278318	1133
16744	AT4G21240	11322411	11323664	1253
16745	AT4G21170	11286756	11288513	1757
16746	AT4G21192	11294134	11295543	1409
16747	AT4G21213	11309879	11310291	412
16748	AT4G21260	11327543	11329057	1514
16749	AT4G21310	11339048	11340085	1037
16750	AT4G21366	11383541	11383955	414
16751	AT4G21445	11424666	11425836	1170
16752	AT4G21500	11440878	11441903	1025
16753	AT4G21515	11447008	11447452	444
16754	AT4G26460	13369478	13370011	533
16755	AT4G21620	11491264	11492216	952
16756	AT4G26470	13370951	13372460	1509
16757	AT4G21705	11532971	11534867	1896
16758	AT4G21740	11545631	11546716	1085
16759	AT4G21780	11566990	11568494	1504
16760	AT4G21865	11601706	11603283	1577
16761	AT4G21870	11603481	11604637	1156
16762	AT4G21895	11613225	11615063	1838
16763	AT4G21902	11619735	11620201	466
16764	AT4G21910	11625309	11631255	5946
16765	AT4G21920	11635877	11636720	843
16766	AT4G21926	11638658	11640164	1506
16767	AT4G21930	11639757	11640583	826
16768	AT4G21970	11653234	11654462	1228
16769	AT4G22000	11659563	11660919	1356
16770	AT4G22030	11672349	11673748	1399
16771	AT4G22035	11674333	11675463	1130
16772	AT4G24974	12842850	12843363	513
16773	AT4G22050	11683815	11685644	1829
16774	AT4G22060	11687595	11689021	1426
16775	AT4G24975	12843802	12844240	438
16776	AT4G22160	11733032	11734146	1114
16777	AT4G22165	11734328	11735419	1091
16778	AT4G22170	11736472	11737767	1295
16779	AT4G22180	11738511	11739782	1271
16780	AT4G22250	11767455	11768563	1108
16781	AT4G22290	11782840	11785937	3097
16782	AT4G22190	11741780	11743318	1538
16783	AT4G22212	11753842	11754752	910
16784	AT4G22214	11754912	11756270	1358
16785	AT4G22230	11762233	11762732	499
16786	AT4G22235	11763625	11764328	703
16787	AT4G22240	11765803	11767422	1619
16788	AT4G22305	11789327	11791207	1880
16789	AT4G22310	11791321	11793137	1816
16790	AT4G22370	11810169	11811602	1433
16791	AT4G22380	11811731	11813000	1269
16792	AT4G22390	11813313	11815164	1851
16793	AT4G22400	11816729	11817912	1183
16794	AT4G22430	11827659	11829039	1380
16795	AT4G22440	11831024	11832268	1244
16796	AT4G22460	11838960	11839659	699
16797	AT4G22467	11840119	11841517	1398
16798	AT4G22470	11840134	11841450	1316
16799	AT4G22490	11849653	11850436	783
16800	AT4G22495	11851144	11853026	1882
16801	AT4G22505	11851155	11853018	1863
16802	AT4G22513	11854809	11855439	630
16803	AT4G22517	11856743	11857362	619
16804	AT4G22560	11880080	11881088	1008
16805	AT4G22580	11889098	11890808	1710
16806	AT4G22610	11901703	11902642	939
16807	AT4G22620	11907355	11908357	1002
16808	AT4G22630	11908673	11910013	1340
16809	AT4G00925	395931	396357	426
16810	AT4G22640	11911575	11912665	1090
16811	AT4G22660	11914981	11916171	1190
16812	AT4G22666	11917057	11917959	902
16813	AT4G22755	11951830	11953731	1901
16814	AT4G22790	11975031	11976849	1818
16815	AT4G26485	13377685	13378504	819
16816	AT4G22820	11987649	11989087	1438
16817	AT4G22830	11990028	11991491	1463
16818	AT4G22860	11997281	12001631	4350
16819	AT4G22870	12001836	12002801	965
16820	AT4G22900	12010080	12011628	1548
16821	AT4G22960	12030020	12033380	3360
16822	AT4G23030	12072760	12074580	1820
16823	AT4G23090	12100391	12101483	1092
16824	AT4G23110	12110857	12111570	713
16825	AT4G26483	13376647	13376970	323
16826	AT4G26490	13380409	13381440	1031
16827	AT4G23340	12195453	12196826	1373
16828	AT4G23355	12200171	12202049	1878
16829	AT4G23365	12206250	12208149	1899
16830	AT4G23373	12211581	12213435	1854
16831	AT4G23380	12214667	12216333	1666
16832	AT4G23493	12256050	12257079	1029
16833	AT4G09465	6001351	6001815	464
16834	AT4G23515	12271328	12272940	1612
16835	AT4G23580	12304246	12305397	1151
16836	AT4G23610	12314025	12314829	804
16837	AT4G23670	12332429	12333904	1475
16838	AT4G23680	12336134	12337599	1465
16839	AT4G05070	2593595	2594125	530
16840	AT4G23720	12358662	12359891	1229
16841	AT4G23760	12381830	12383041	1211
16842	AT4G23770	12383164	12384496	1332
16843	AT4G23780	12385944	12387182	1238
16844	AT4G23930	12435946	12436827	881
16845	AT4G23870	12414058	12415063	1005
16846	AT4G23880	12415585	12416691	1106
16847	AT4G23882	12417553	12418893	1340
16848	AT4G23885	12419394	12420467	1073
16849	AT4G23960	12444765	12445904	1139
16850	AT4G23970	12445378	12445680	302
16851	AT4G24015	12469742	12471261	1519
16852	AT4G24026	12486343	12486855	512
16853	AT4G24030	12486247	12486633	386
16854	AT4G24070	12508895	12509195	300
16855	AT4G24110	12519907	12520898	991
16856	AT4G24130	12527675	12528686	1011
16857	AT4G24170	12542691	12546894	4203
16858	AT4G24204	12561780	12562974	1194
16859	AT4G24265	12580559	12581251	692
16860	AT4G24275	12588378	12589277	899
16861	AT4G24300	12598980	12600213	1233
16862	AT4G24310	12600803	12601726	923
16863	AT4G24420	12626640	12627606	966
16864	AT4G24320	12601733	12603494	1761
16865	AT4G24340	12607371	12609252	1881
16866	AT4G24370	12611396	12612219	823
16867	AT4G24380	12612378	12613719	1341
16868	AT4G24410	12623530	12624039	509
16869	AT4G24413	12625014	12625560	546
16870	AT4G24440	12633180	12634784	1604
16871	AT4G24590	12696472	12698343	1871
16872	AT4G24600	12699973	12700478	505
16873	AT4G24615	12700593	12700921	328
16874	AT4G24805	12785226	12786249	1023
16875	AT4G24700	12744570	12745352	782
16876	AT4G24715	12749278	12750997	1719
16877	AT4G24730	12752521	12754306	1785
16878	AT4G24910	12817727	12819206	1479
16879	AT4G24920	12819164	12820968	1804
16880	AT4G24930	12821178	12822497	1319
16881	AT4G24950	12826282	12826755	473
16882	AT4G24973	12840970	12841374	404
16883	AT4G25020	12860332	12861975	1643
16884	AT4G25040	12868169	12869495	1326
16885	AT4G25150	12901534	12903151	1617
16886	AT4G25210	12918222	12919827	1605
16887	AT4G25250	12934562	12935470	908
16888	AT4G25260	12935710	12937236	1526
16889	AT4G25300	12945120	12946778	1658
16890	AT4G25315	12951109	12952952	1843
16891	AT4G25330	12957834	12958791	957
16892	AT4G25400	12981016	12982584	1568
16893	AT4G25410	12985661	12987521	1860
16894	AT4G25433	13001198	13001948	750
16895	AT4G00234	100919	101788	869
16896	AT4G25510	13027443	13028194	751
16897	AT4G25670	13085198	13087090	1892
16898	AT4G25690	13090209	13091798	1589
16899	AT4G25707	13096860	13098088	1228
16900	AT4G25710	13098102	13099625	1523
16901	AT4G25740	13107136	13108827	1691
16902	AT4G25780	13120824	13122042	1218
16903	AT4G25790	13122047	13123354	1307
16904	AT4G25830	13133402	13135286	1884
16905	AT4G25845	13142088	13142821	733
16906	AT4G00005	1180	1536	356
16907	AT4G00030	13527	14413	886
16908	AT4G00040	14627	16079	1452
16909	AT4G00130	48114	49068	954
16910	AT4G00155	62235	62567	332
16911	AT4G00163	69145	69877	732
16912	AT4G00165	69230	69957	727
16913	AT4G00280	122409	122851	442
16914	AT4G00238	103823	105221	1398
16915	AT4G00250	112705	113982	1277
16916	AT4G00270	117085	118643	1558
16917	AT4G00295	126509	128060	1551
16918	AT4G00300	128581	130331	1750
16919	AT4G00315	137404	138888	1484
16920	AT4G00320	139939	141643	1704
16921	AT4G00390	171487	172845	1358
16922	AT4G00467	214768	216076	1308
16923	AT4G00525	231780	232939	1159
16924	AT4G00530	232928	233652	724
16925	AT4G00560	240634	242497	1863
16926	AT4G00585	250840	252598	1758
16927	AT4G00600	255320	256610	1290
16928	AT4G00610	256957	257943	986
16929	AT4G00651	271487	271879	392
16930	AT4G00670	278316	279197	881
16931	AT4G00810	345911	347293	1382
16932	AT4G00870	361933	363709	1776
16933	AT4G00872	364027	364757	730
16934	AT4G00880	366373	367274	901
16935	AT4G00889	374116	375204	1088
16936	AT4G00890	373960	375350	1390
16937	AT4G00893	379793	381455	1662
16938	AT4G00895	381788	382643	855
16939	AT4G00920	393767	395382	1615
16940	AT4G25890	13159381	13160565	1184
16941	AT4G00953	410090	410816	726
16942	AT4G00955	412107	413810	1703
16943	AT4G04025	1934009	1934635	626
16944	AT4G25920	13165475	13166872	1397
16945	AT4G25930	13168127	13169393	1266
16946	AT4G01023	445422	446948	1526
16947	AT4G01110	479963	481160	1197
16948	AT4G01140	490749	492418	1669
16949	AT4G01150	493546	494885	1339
16950	AT4G01170	499497	500831	1334
16951	AT4G01200	506511	507626	1115
16952	AT4G01230	516021	517516	1495
16953	AT4G01245	527591	528144	553
16954	AT4G01260	528570	529547	977
16955	AT4G01310	543911	545566	1655
16956	AT4G01335	553332	554187	855
16957	AT4G01380	569148	570076	928
16958	AT4G01390	570200	571595	1395
16959	AT4G01400	575756	577303	1547
16960	AT4G01410	578028	579287	1259
16961	AT4G01435	591825	592592	767
16962	AT4G01575	681862	682601	739
16963	AT4G01580	685670	686886	1216
16964	AT4G01590	688813	690460	1647
16965	AT4G01595	690726	691993	1267
16966	AT4G02090	923122	923893	771
16967	AT4G01600	692853	694381	1528
16968	AT4G01640	702563	703600	1037
16969	AT4G01670	711192	712643	1451
16970	AT4G01700	732313	733510	1197
16971	AT4G01735	752288	752873	585
16972	AT4G01790	769799	770835	1036
16973	AT4G01895	819957	820379	422
16974	AT4G01897	820336	821618	1282
16975	AT4G01915	827216	828824	1608
16976	AT4G01925	833063	834340	1277
16977	AT4G01935	841057	842364	1307
16978	AT4G10270	6374734	6375210	476
16979	AT4G01990	871126	872920	1794
16980	AT4G01995	872923	874772	1849
16981	AT4G02000	874880	876181	1301
16982	AT4G02040	897547	898370	823
16983	AT4G26555	13404430	13406259	1829
16984	AT4G02160	954968	955734	766
16985	AT4G02170	958045	958834	789
16986	AT4G02220	976246	979163	2917
16987	AT4G02230	979158	980698	1540
16988	AT4G02250	983970	984523	553
16989	AT4G02310	1014680	1015729	1049
16990	AT4G02360	1041086	1041802	716
16991	AT4G02370	1042235	1043283	1048
16992	AT4G02405	1057854	1059671	1817
16993	AT4G03728	1652242	1652976	734
16994	AT4G02425	1067052	1068821	1769
16995	AT4G02465	1080962	1081680	718
16996	AT4G02482	1092012	1092610	598
16997	AT4G02541	1119849	1119989	140
16998	AT4G02910	1288486	1289615	1129
16999	AT4G02550	1120365	1122223	1858
17000	AT4G02610	1147608	1149336	1728
17001	AT4G02950	1311198	1312154	956
17002	AT4G02630	1151611	1153409	1798
17003	AT4G02655	1158783	1159422	639
17004	AT4G02720	1204089	1205892	1803
17005	AT4G02733	1210140	1211532	1392
17006	AT4G02800	1249971	1251867	1896
17007	AT4G02830	1262245	1264101	1856
17008	AT4G02870	1271654	1272746	1092
17009	AT4G03100	1374160	1376287	2127
17010	AT4G03010	1329548	1331387	1839
17011	AT4G03020	1331399	1335463	4064
17012	AT4G03030	1335680	1337565	1885
17013	AT4G26600	13419501	13423802	4301
17014	AT4G03140	1392121	1393842	1721
17015	AT4G03150	1393614	1394583	969
17016	AT4G03156	1396002	1396784	782
17017	AT4G03157	1396953	1397351	398
17018	AT4G03160	1397979	1398685	706
17019	AT4G03165	1399378	1400291	913
17020	AT4G03170	1400832	1401584	752
17021	AT4G03175	1402088	1402869	781
17022	AT4G03180	1403117	1404937	1820
17023	AT4G03220	1417472	1419148	1676
17024	AT4G03290	1442546	1443638	1092
17025	AT4G03298	1446664	1447718	1054
17026	AT4G03360	1474869	1475968	1099
17027	AT4G03370	1478078	1478965	887
17028	AT4G03443	1527716	1528057	341
17029	AT4G03495	1549515	1550451	936
17030	AT4G03505	1556888	1557319	431
17031	AT4G03635	1611651	1613117	1466
17032	AT4G03540	1569937	1571737	1800
17033	AT4G03565	1586747	1587734	987
17034	AT4G03566	1588564	1589230	666
17035	AT4G03600	1603638	1604628	990
17036	AT4G03625	1608516	1608710	194
17037	AT4G03630	1608750	1610037	1287
17038	AT4G03645	1648416	1648994	578
17039	AT4G03740	1661992	1663515	1523
17040	AT4G03945	1877872	1878545	673
17041	AT4G03950	1879518	1881111	1593
17042	AT4G03965	1889360	1890412	1052
17043	AT4G04090	1964980	1965650	670
17044	AT4G04110	1972591	1974014	1423
17045	AT4G04200	2027165	2029013	1848
17046	AT4G04260	2054037	2055849	1812
17047	AT4G04265	2057570	2058299	729
17048	AT4G04360	2133139	2133935	796
17049	AT4G04402	2164007	2165404	1397
17050	AT4G04404	2166973	2167980	1007
17051	AT4G04415	2194160	2195495	1335
17052	AT4G09466	6003632	6004167	535
17053	AT4G04423	2203424	2204362	938
17054	AT4G04480	2229649	2230851	1202
17055	AT4G04555	2265647	2266799	1152
17056	AT4G04580	2293704	2294906	1202
17057	AT4G04650	2353989	2355213	1224
17058	AT4G04605	2316471	2318152	1681
17059	AT4G04614	2327044	2328264	1220
17060	AT4G04630	2331677	2332814	1137
17061	AT4G04632	2339586	2340049	463
17062	AT4G04680	2372266	2373406	1140
17063	AT4G04690	2373999	2375135	1136
17064	AT4G04745	2412618	2413447	829
17065	AT4G04775	2431120	2431672	552
17066	AT4G04925	2505979	2506786	807
17067	AT4G04957	2526806	2527362	556
17068	AT4G04972	2543422	2544249	827
17069	AT4G04980	2543692	2548130	4438
17070	AT4G05018	2571040	2572208	1168
17071	AT4G05030	2576677	2577974	1297
17072	AT4G05080	2603001	2604176	1175
17073	AT4G05091	2611781	2612195	414
17074	AT4G05095	2613798	2614214	416
17075	AT4G05097	2614015	2614563	548
17076	AT4G05170	2667798	2669441	1643
17077	AT4G05220	2684997	2685793	796
17078	AT4G05240	2688200	2689018	818
17079	AT4G05250	2691460	2692416	956
17080	AT4G05260	2693680	2694459	779
17081	AT4G05310	2714765	2716012	1247
17082	AT4G05340	2725690	2726065	375
17083	AT4G05350	2726910	2727530	620
17084	AT4G05400	2741124	2742949	1825
17085	AT4G05430	2753124	2754586	1462
17086	AT4G05490	2771044	2772252	1208
17087	AT4G05497	2777723	2778839	1116
17088	AT4G05523	2808054	2809025	971
17089	AT4G05553	2826047	2826659	612
17090	AT4G05590	2907012	2908631	1619
17091	AT4G05620	2985051	2985449	398
17092	AT4G05630	2988448	2988822	374
17093	AT4G05632	3001664	3002411	747
17094	AT4G06479	3067503	3068769	1266
17095	AT4G06534	3356535	3358162	1627
17096	AT4G06536	3360719	3361516	797
17097	AT4G06583	3576112	3576681	569
17098	AT4G06598	3663328	3664857	1529
17099	AT4G07455	4311373	4311961	588
17100	AT4G07515	4314957	4315510	553
17101	AT4G06599	3665925	3667547	1622
17102	AT4G06639	3523431	3523937	506
17103	AT4G06643	3758957	3759880	923
17104	AT4G06655	3880990	3881431	441
17105	AT4G07325	4164954	4165570	616
17106	AT4G07380	4192429	4193016	587
17107	AT4G07445	4265751	4266300	549
17108	AT4G07524	4345348	4345975	627
17109	AT4G07526	4358652	4360161	1509
17110	AT4G07670	4462911	4464347	1436
17111	AT4G07675	4466013	4467147	1134
17112	AT4G07740	4539638	4540682	1044
17113	AT4G07820	4636624	4637450	826
17114	AT4G07825	4643747	4645338	1591
17115	AT4G07868	4691762	4692653	891
17116	AT4G08555	5448049	5448638	589
17117	AT4G07932	4732198	4733424	1226
17118	AT4G07940	4792453	4794109	1656
17119	AT4G07965	4808635	4809352	717
17120	AT4G07995	4842688	4843814	1126
17121	AT4G08025	4846798	4847379	581
17122	AT4G08028	4851530	4851882	352
17123	AT4G08039	4884848	4886035	1187
17124	AT4G08097	5004096	5005932	1836
17125	AT4G08140	5135673	5136140	467
17126	AT4G08170	5163220	5167192	3972
17127	AT4G08190	5174523	5175476	953
17128	AT4G08250	5196787	5198238	1451
17129	AT4G09100	5811115	5811846	731
17130	AT4G08260	5200847	5202034	1187
17131	AT4G08267	5216854	5217697	843
17132	AT4G08330	5255120	5256778	1658
17133	AT4G08360	5295756	5297084	1328
17134	AT4G08370	5301962	5303314	1352
17135	AT4G08380	5311093	5312406	1313
17136	AT4G08395	5319634	5320712	1078
17137	AT4G08400	5323606	5325374	1768
17138	AT4G08406	5331769	5331909	140
17139	AT4G08455	5375714	5376922	1208
17140	AT4G08485	5394425	5394782	357
17141	AT4G08530	5421857	5422237	380
17142	AT4G09464	5999071	5999608	537
17143	AT4G08570	5454580	5456100	1520
17144	AT4G08593	5469345	5470466	1121
17145	AT4G08640	5513313	5514174	861
17146	AT4G08670	5536545	5538310	1765
17147	AT4G08800	5614134	5615919	1785
17148	AT4G08690	5551315	5553216	1901
17149	AT4G08691	5555316	5556616	1300
17150	AT4G08730	5577390	5578779	1389
17151	AT4G08740	5579034	5579745	711
17152	AT4G08867	5659793	5660903	1110
17153	AT4G08868	5668435	5669270	835
17154	AT4G08874	5673259	5673809	550
17155	AT4G08875	5673746	5674220	474
17156	AT4G08876	5677395	5677728	333
17157	AT4G08878	5683180	5684022	842
17158	AT4G08895	5697896	5698615	719
17159	AT4G08910	5712328	5713515	1187
17160	AT4G09090	5807220	5807741	521
17161	AT4G08940	5730797	5732195	1398
17162	AT4G09070	5802308	5803392	1084
17163	AT4G09110	5812335	5813642	1307
17164	AT4G09120	5813998	5815119	1121
17165	AT4G09130	5815775	5816922	1147
17166	AT4G09170	5842945	5843783	838
17167	AT4G09190	5855176	5856327	1151
17168	AT4G09210	5870289	5871160	871
17169	AT4G09260	5887592	5888463	871
17170	AT4G09310	5902813	5905449	2636
17171	AT4G09435	5973083	5974684	1601
17172	AT4G09450	5983277	5984531	1254
17173	AT4G09467	6005905	6006442	537
17174	AT4G09490	6015562	6016575	1013
17175	AT4G09500	6018021	6019759	1738
17176	AT4G09530	6029238	6029817	579
17177	AT4G09560	6040944	6043849	2905
17178	AT4G09585	6061648	6062128	480
17179	AT4G09589	6065666	6066323	657
17180	AT4G09647	6096551	6097988	1437
17181	AT4G26010	13200414	13202164	1750
17182	AT4G09690	6124897	6126120	1223
17183	AT4G09770	6154259	6155953	1694
17184	AT4G09775	6156629	6157054	425
17185	AT4G09780	6159538	6161378	1840
17186	AT4G09840	6190788	6191786	998
17187	AT4G09850	6192361	6193182	821
17188	AT4G09860	6194709	6195301	592
17189	AT4G09870	6200089	6201215	1126
17190	AT4G09890	6218319	6218989	670
17191	AT4G10110	6309393	6310910	1517
17192	AT4G09920	6224344	6226116	1772
17193	AT4G09930	6228556	6230079	1523
17194	AT4G09950	6234671	6236560	1889
17195	AT4G09965	6244740	6245686	946
17196	AT4G09970	6245916	6247792	1876
17197	AT4G10130	6319928	6321688	1760
17198	AT4G10150	6327917	6329751	1834
17199	AT4G10160	6335919	6337478	1559
17200	AT4G10170	6344301	6345610	1309
17201	AT4G10190	6350928	6352031	1103
17202	AT4G10230	6366261	6367185	924
17203	AT4G10260	6371377	6372789	1412
17204	AT4G10280	6375125	6376142	1017
17205	AT4G10300	6384451	6386239	1788
17206	AT4G10305	6390669	6391116	447
17207	AT4G10330	6406495	6407959	1464
17208	AT4G10410	6448983	6449998	1015
17209	AT4G10680	6587521	6588069	548
17210	AT4G10420	6452811	6454209	1398
17211	AT4G10450	6462918	6464558	1640
17212	AT4G10695	6593774	6594981	1207
17213	AT4G10465	6473547	6475434	1887
17214	AT4G10470	6475984	6477883	1899
17215	AT4G10480	6477876	6479171	1295
17216	AT4G10490	6483867	6485360	1493
17217	AT4G10500	6491017	6492578	1561
17218	AT4G26030	13205537	13206226	689
17219	AT4G26040	13206835	13207203	368
17220	AT4G26055	13213769	13214509	740
17221	AT4G10520	6499794	6502933	3139
17222	AT4G26060	13214721	13216586	1865
17223	AT4G10600	6547235	6548878	1643
17224	AT4G10603	6550922	6551975	1053
17225	AT4G10613	6560363	6561726	1363
17226	AT4G10630	6566625	6567740	1115
17227	AT4G10660	6582535	6583488	953
17228	AT4G10700	6597863	6598658	795
17229	AT4G10720	6607797	6609559	1762
17230	AT4G10740	6617143	6618426	1283
17231	AT4G10750	6618676	6619939	1263
17232	AT4G10810	6645553	6646400	847
17233	AT4G10820	6648009	6648909	900
17234	AT4G10860	6678666	6679508	842
17235	AT4G10870	6683555	6684076	521
17236	AT4G10880	6685829	6686347	518
17237	AT4G10895	6693364	6694718	1354
17238	AT4G10910	6696712	6697455	743
17239	AT4G11000	6730928	6732599	1671
17240	AT4G11020	6734689	6736075	1386
17241	AT4G11040	6745100	6746944	1844
17242	AT4G11100	6768614	6770285	1671
17243	AT4G11175	6818058	6819253	1195
17244	AT4G11180	6820033	6820747	714
17245	AT4G11190	6826587	6827389	802
17246	AT4G11210	6832650	6833498	848
17247	AT4G11290	6869863	6871705	1842
17248	AT4G11300	6872151	6873689	1538
17249	AT4G11385	6927087	6927678	591
17250	AT4G11393	6932319	6932963	644
17251	AT4G11402	6941749	6942148	399
17252	AT4G11430	6952799	6954242	1443
17253	AT4G11521	6985517	6986819	1302
17254	AT4G12490	7409621	7410406	785
17255	AT4G11540	6990861	6992555	1694
17256	AT4G11543	6993372	6994201	829
17257	AT4G11547	6994045	6995237	1192
17258	AT4G11570	7004265	7006125	1860
17259	AT4G11580	7006648	7007738	1090
17260	AT4G11590	7008603	7009796	1193
17261	AT4G11630	7019664	7021348	1684
17262	AT4G11655	7038437	7039923	1486
17263	AT4G26120	13236253	13238818	2565
17264	AT4G11690	7056202	7058064	1862
17265	AT4G11700	7058086	7058637	551
17266	AT4G11745	7075826	7076680	854
17267	AT4G11750	7077390	7078550	1160
17268	AT4G11770	7082279	7083469	1190
17269	AT4G26130	13239979	13241537	1558
17270	AT4G11845	7126661	7128103	1442
17271	AT4G11870	7140359	7140719	360
17272	AT4G11910	7156150	7158047	1897
17273	AT4G11911	7158086	7159561	1475
17274	AT4G11930	7164904	7165722	818
17275	AT4G11940	7168173	7168967	794
17276	AT4G11950	7173198	7174439	1241
17277	AT4G12005	7196364	7197226	862
17278	AT4G12090	7241906	7243228	1322
17279	AT4G12100	7246338	7248127	1789
17280	AT4G12140	7266546	7267154	608
17281	AT4G12150	7268837	7270267	1430
17282	AT4G12170	7273857	7274907	1050
17283	AT4G12210	7281308	7281919	611
17284	AT4G12240	7287803	7289225	1422
17285	AT4G12270	7297765	7299930	2165
17286	AT4G12280	7301769	7302994	1225
17287	AT4G12334	7320602	7321061	459
17288	AT4G12340	7321148	7322510	1362
17289	AT4G12360	7327992	7329192	1200
17290	AT4G12370	7331965	7332982	1017
17291	AT4G12380	7333301	7334469	1168
17292	AT4G12382	7333918	7334977	1059
17293	AT4G12410	7342800	7343731	931
17294	AT4G12450	7385695	7386931	1236
17295	AT4G12930	7573107	7573746	639
17296	AT4G12500	7413990	7414955	965
17297	AT4G12510	7417068	7417873	805
17298	AT4G12520	7420951	7421828	877
17299	AT4G12530	7427834	7428563	729
17300	AT4G12543	7434094	7434642	548
17301	AT4G12545	7434199	7434858	659
17302	AT4G14819	8507263	8507789	526
17303	AT4G12555	7439164	7440116	952
17304	AT4G12580	7449208	7450031	823
17305	AT4G12600	7453196	7454546	1350
17306	AT4G12617	7459180	7459563	383
17307	AT4G12690	7480556	7482150	1594
17308	AT4G12735	7493716	7494234	518
17309	AT4G12760	7504795	7506279	1484
17310	AT4G12810	7522831	7523979	1148
17311	AT4G12825	7529471	7529892	421
17312	AT4G12870	7542233	7543549	1316
17313	AT4G12890	7546292	7547642	1350
17314	AT4G12900	7548765	7550333	1568
17315	AT4G12940	7574077	7574862	785
17316	AT4G12990	7594230	7596008	1778
17317	AT4G13000	7598004	7599447	1443
17318	AT4G13060	7619935	7621083	1148
17319	AT4G13110	7641378	7642707	1329
17320	AT4G13160	7653594	7654969	1375
17321	AT4G13180	7657094	7658302	1208
17322	AT4G13200	7668067	7669250	1183
17323	AT4G13220	7674288	7675396	1108
17324	AT4G13230	7675653	7676808	1155
17325	AT4G13261	7708572	7709152	580
17326	AT4G13263	7711039	7711620	581
17327	AT4G13266	7705761	7706893	1132
17328	AT4G13320	7753311	7754149	838
17329	AT4G13450	7814888	7816144	1256
17330	AT4G13490	7839137	7840284	1147
17331	AT4G13580	7900374	7901328	954
17332	AT4G13500	7856767	7857933	1166
17333	AT4G13540	7869320	7870790	1470
17334	AT4G13572	7887440	7888748	1308
17335	AT4G13600	7911019	7912892	1873
17336	AT4G13615	7924135	7925396	1261
17337	AT4G13620	7932131	7933579	1448
17338	AT4G13680	7951491	7952978	1487
17339	AT4G13860	8022497	8023603	1106
17340	AT4G13760	7988058	7989648	1590
17341	AT4G13790	7999516	8000372	856
17342	AT4G13885	8028911	8030754	1843
17343	AT4G13955	8059053	8059808	755
17344	AT4G14250	8211984	8213237	1253
17345	AT4G13965	8066138	8067576	1438
17346	AT4G13968	8069134	8069901	767
17347	AT4G14020	8095050	8095749	699
17348	AT4G14060	8107254	8108379	1125
17349	AT4G14090	8122188	8123835	1647
17350	AT4G14100	8120717	8122417	1700
17351	AT4G14104	8128708	8129534	826
17352	AT4G14805	8502373	8503199	826
17353	AT4G14145	8152248	8153678	1430
17354	AT4G14165	8174598	8175759	1161
17355	AT4G14200	8185329	8188811	3482
17356	AT4G14225	8198777	8199202	425
17357	AT4G14226	8199425	8199592	167
17358	AT4G14245	8208857	8210264	1407
17359	AT4G15460	8841353	8842016	663
17360	AT4G14260	8216321	8217571	1250
17361	AT4G14270	8218083	8219322	1239
17362	AT4G14276	8220756	8221277	521
17363	AT4G14301	8233764	8234227	463
17364	AT4G14305	8235093	8236744	1651
17365	AT4G14315	8240847	8241341	494
17366	AT4G14358	8267496	8267825	329
17367	AT4G14815	8505043	8505952	909
17368	AT4G14380	8285578	8286772	1194
17369	AT4G14450	8309384	8310058	674
17370	AT4G14490	8331803	8333579	1776
17371	AT4G14530	8343239	8344199	960
17372	AT4G14615	8383727	8385249	1522
17373	AT4G14620	8389040	8390833	1793
17374	AT4G14675	8412733	8413278	545
17375	AT4G14695	8419570	8421070	1500
17376	AT4G14730	8448366	8450174	1808
17377	AT4G14905	8526311	8528010	1699
17378	AT4G14980	8561876	8563667	1791
17379	AT4G15000	8571816	8572681	865
17380	AT4G15025	8575406	8575687	281
17381	AT4G15150	8641499	8642278	779
17382	AT4G15050	8588548	8590345	1797
17383	AT4G15056	8595985	8597430	1445
17384	AT4G15075	8607777	8608519	742
17385	AT4G15120	8634508	8635591	1083
17386	AT4G15140	8639424	8640291	867
17387	AT4G15160	8646150	8647252	1102
17388	AT4G15165	8648832	8650382	1550
17389	AT4G26145	13243723	13244036	313
17390	AT4G15260	8713689	8715380	1691
17391	AT4G15270	8716504	8717914	1410
17392	AT4G15390	8792707	8794442	1735
17393	AT4G15520	8862744	8864646	1902
17394	AT4G15562	8888197	8889070	873
17395	AT4G15630	8917260	8918875	1615
17396	AT4G15650	8922389	8923941	1552
17397	AT4G15660	8925571	8926510	939
17398	AT4G15670	8929031	8929813	782
17399	AT4G15690	8934296	8934961	665
17400	AT4G15700	8937358	8938124	766
17401	AT4G15715	8945007	8945942	935
17402	AT4G15740	8964683	8966351	1668
17403	AT4G15750	8967519	8968615	1096
17404	AT4G15755	8970654	8971523	869
17405	AT4G15770	8977895	8978944	1049
17406	AT4G15830	8995113	8996613	1500
17407	AT4G15885	9016451	9016978	527
17408	AT4G15955	9043712	9045599	1887
17409	AT4G15960	9045610	9047449	1839
17410	AT4G15975	9051871	9053241	1370
17411	AT4G15990	9060953	9061833	880
17412	AT4G16008	9067802	9069313	1511
17413	AT4G16024	9080840	9081245	405
17414	AT4G16030	9083447	9084727	1280
17415	AT4G16050	9092226	9094357	2131
17416	AT4G16080	9101348	9102887	1539
17417	AT4G16090	9103040	9103965	925
17418	AT4G16095	9104547	9105237	690
17419	AT4G16140	9128732	9129852	1120
17420	AT4G16141	9131532	9133161	1629
17421	AT4G16165	9164080	9164633	553
17422	AT4G16195	9173165	9173650	485
17423	AT4G16200	9175649	9176565	916
17424	AT4G16215	9179244	9179833	589
17425	AT4G16220	9182283	9183922	1639
17426	AT4G16230	9185298	9187170	1872
17427	AT4G16233	9188005	9188737	732
17428	AT4G16240	9192116	9192568	452
17429	AT4G16260	9199972	9201643	1671
17430	AT4G16270	9205080	9206483	1403
17431	AT4G16410	9261866	9262601	735
17432	AT4G16442	9271777	9273265	1488
17433	AT4G16447	9278694	9279393	699
17434	AT4G16450	9279909	9280901	992
17435	AT4G16460	9284910	9286773	1863
17436	AT4G16490	9293543	9296089	2546
17437	AT4G16500	9300721	9302434	1713
17438	AT4G16530	9311355	9313178	1823
17439	AT4G16545	9318319	9319814	1495
17440	AT4G16550	9321477	9323291	1814
17441	AT4G16555	9323420	9324336	916
17442	AT4G16610	9354241	9355326	1085
17443	AT4G16640	9367147	9368852	1705
17444	AT4G16695	9394080	9395967	1887
17445	AT4G16710	9398403	9399876	1473
17446	AT4G16720	9399865	9401408	1543
17447	AT4G16750	9420651	9421857	1206
17448	AT4G26288	13307461	13308306	845
17449	AT4G26290	13307595	13307822	227
17450	AT4G16790	9451476	9453300	1824
17451	AT4G16840	9474885	9475699	814
17452	AT4G16857	9482429	9483913	1484
17453	AT4G16880	9495983	9497313	1330
17454	AT4G26210	13281883	13283512	1629
17455	AT4G26220	13283526	13285323	1797
17456	AT4G26230	13285737	13286791	1054
17457	AT4G16930	9529564	9530115	551
17458	AT4G26280	13304721	13305722	1001
17459	AT4G16955	9539931	9540961	1030
17460	AT4G16980	9556783	9557939	1156
17461	AT4G16983	9557002	9557821	819
17462	AT4G17085	9604335	9604974	639
17463	AT4G31030	15111217	15111599	382
17464	AT4G17180	9646466	9648323	1857
17465	AT4G17200	9651108	9652253	1145
17466	AT4G17210	9652415	9654309	1894
17467	AT4G17215	9655669	9656654	985
17468	AT4G17243	9669217	9670055	838
17469	AT4G17245	9669345	9670005	660
17470	AT4G17565	9782508	9783644	1136
17471	AT4G17260	9673897	9675540	1643
17472	AT4G17280	9678625	9680389	1764
17473	AT4G17310	9685170	9687002	1832
17474	AT4G17390	9714092	9715648	1556
17475	AT4G17440	9727687	9729366	1679
17476	AT4G17483	9747269	9749113	1844
17477	AT4G17580	9789789	9791145	1356
17478	AT4G17585	9792523	9793259	736
17479	AT4G17690	9846002	9847295	1293
17480	AT4G17590	9800843	9802591	1748
17481	AT4G26660	13448599	13452016	3417
17482	AT4G17670	9833491	9834859	1368
17483	AT4G17680	9842589	9844334	1745
17484	AT4G17700	9854322	9855745	1423
17485	AT4G17713	9859794	9860208	414
17486	AT4G17720	9862365	9864663	2298
17487	AT4G17760	9871761	9873398	1637
17488	AT4G17780	9880259	9881455	1196
17489	AT4G17800	9895094	9896688	1594
17490	AT4G17810	9906821	9908027	1206
17491	AT4G17850	9922990	9923850	860
17492	AT4G17860	9924522	9926392	1870
17493	AT4G17920	9963051	9964090	1039
17494	AT4G17940	9965742	9967013	1271
17495	AT4G17960	9970798	9972514	1716
17496	AT4G18823	10334911	10335282	371
17497	AT4G17990	9984386	9985805	1419
17498	AT4G18080	10033199	10033935	736
17499	AT4G18090	10034011	10034847	836
17500	AT4G18100	10035468	10036647	1179
17501	AT4G18110	10037077	10037718	641
17502	AT4G18203	10072744	10073659	915
17503	AT4G18205	10073711	10075370	1659
17504	AT4G18220	10078638	10080362	1724
17505	AT4G18253	10091101	10092224	1123
17506	AT4G18260	10095658	10097337	1679
17507	AT4G18280	10103866	10104837	971
17508	AT4G18310	10122075	10122990	915
17509	AT4G18320	10124521	10125978	1457
17510	AT4G18335	10128752	10129543	791
17511	AT4G18372	10151116	10152139	1023
17512	AT4G18395	10169385	10169930	545
17513	AT4G18860	10344687	10345588	901
17514	AT4G18400	10169866	10171273	1407
17515	AT4G18425	10181190	10182264	1074
17516	AT4G18450	10190231	10191252	1021
17517	AT4G18460	10195537	10196799	1262
17518	AT4G18501	10209174	10209733	559
17519	AT4G18580	10234667	10236057	1390
17520	AT4G18590	10236161	10237268	1107
17521	AT4G34800	16596640	16597368	728
17522	AT4G18593	10237453	10238928	1475
17523	AT4G18650	10263969	10265439	1470
17524	AT4G18660	10273480	10274872	1392
17525	AT4G18680	10281033	10281740	707
17526	AT4G18690	10282762	10283803	1041
17527	AT4G18720	10299945	10301228	1283
17528	AT4G18740	10303343	10304624	1281
17529	AT4G18870	10346168	10347316	1148
17530	AT4G18905	10359877	10363300	3423
17531	AT4G18920	10368755	10370281	1526
17532	AT4G18930	10370433	10372045	1612
17533	AT4G18940	10372658	10373895	1237
17534	AT4G19140	10469664	10471390	1726
17535	AT4G19045	10438024	10439900	1876
17536	AT4G19060	10444916	10446300	1384
17537	AT4G19070	10446340	10448218	1878
17538	AT4G19080	10448624	10449796	1172
17539	AT4G19095	10452889	10453521	632
17540	AT4G19150	10471331	10472742	1411
17541	AT4G19240	10527800	10529092	1292
17542	AT4G19250	10531504	10532190	686
17543	AT4G19270	10537555	10538021	466
17544	AT4G19275	10554976	10556350	1374
17545	AT4G19330	10557354	10558505	1151
17546	AT4G19340	10559610	10560884	1274
17547	AT4G19360	10564159	10565437	1278
17548	AT4G19370	10566068	10567838	1770
17549	AT4G19400	10580827	10581989	1162
17550	AT4G19430	10598371	10599182	811
17551	AT4G19460	10610261	10612135	1874
17552	AT4G19470	10612993	10614339	1346
17553	AT4G19480	10614780	10615316	536
17554	AT4G19485	10614820	10615332	512
17555	AT4G19940	10806195	10807532	1337
17556	AT4G26340	13324130	13325590	1460
17557	AT4G26350	13326853	13328315	1462
17558	AT4G19580	10668367	10669452	1085
17559	AT4G19620	10682433	10682844	411
17560	AT4G19630	10683923	10684683	760
17561	AT4G19720	10729966	10731808	1842
17562	AT4G19730	10733864	10734975	1111
17563	AT4G19740	10739567	10740620	1053
17564	AT4G35025	16675528	16675749	221
17565	AT4G19750	10745682	10747127	1445
17566	AT4G19760	10750381	10752028	1647
17567	AT4G19770	10753310	10754202	892
17568	AT4G19800	10760830	10762104	1274
17569	AT4G20100	10873999	10874865	866
17570	AT4G19830	10772335	10774087	1752
17571	AT4G19865	10780892	10782448	1556
17572	AT4G19950	10809843	10811208	1365
17573	AT4G19870	10782546	10784327	1781
17574	AT4G19910	10795869	10796687	818
17575	AT4G19920	10797198	10798527	1329
17576	AT4G19925	10799732	10800792	1060
17577	AT4G19930	10803558	10804853	1295
17578	AT4G19975	10823579	10825395	1816
17579	AT4G19980	10827907	10828618	711
17580	AT4G20000	10838310	10839335	1025
17581	AT4G20030	10846286	10847392	1106
17582	AT4G20040	10847299	10849115	1816
17583	AT4G20150	10887934	10889614	1680
17584	AT4G20190	10906366	10907722	1356
17585	AT4G33600	16144391	16145903	1512
17586	AT4G33610	16146227	16147073	846
17587	AT4G33625	16152908	16154742	1834
17588	AT4G33640	16159548	16160489	941
17589	AT4G33660	16167257	16168711	1454
17590	AT4G33690	16174756	16176328	1572
17591	AT4G33710	16181012	16181776	764
17592	AT4G33720	16182743	16183619	876
17593	AT4G33730	16185044	16185654	610
17594	AT4G33760	16189144	16193318	4174
17595	AT4G33800	16209988	16211426	1438
17596	AT4G33840	16223501	16226153	2652
17597	AT4G33865	16233045	16234273	1228
17598	AT4G33885	16248595	16249085	490
17599	AT4G33890	16249614	16251383	1769
17600	AT4G33900	16251572	16252711	1139
17601	AT4G33930	16264269	16265420	1151
17602	AT4G33940	16266003	16267884	1881
17603	AT4G33960	16277282	16277896	614
17604	AT4G33985	16288112	16288971	859
17605	AT4G34080	16326952	16327797	845
17606	AT4G34139	16348104	16349118	1014
17607	AT4G34170	16368087	16369025	938
17608	AT4G34215	16379603	16381449	1846
17609	AT4G34265	16402129	16403823	1694
17610	AT4G34290	16410791	16412385	1594
17611	AT4G34300	16412773	16413715	942
17612	AT4G34330	16424624	16425909	1285
17613	AT4G34412	16452960	16454633	1673
17614	AT4G34419	16456519	16457269	750
17615	AT4G34480	16480887	16484231	3344
17616	AT4G34560	16507616	16508824	1208
17617	AT4G34550	16502532	16504254	1722
17618	AT4G34555	16504230	16505483	1253
17619	AT4G34600	16529058	16530228	1170
17620	AT4G34630	16536661	16537964	1303
17621	AT4G34750	16577180	16578452	1272
17622	AT4G34760	16582183	16583075	892
17623	AT4G34770	16591179	16591910	731
17624	AT4G34780	16592321	16592747	426
17625	AT4G34790	16594362	16595153	791
17626	AT4G34881	16617608	16618573	965
17627	AT4G34920	16635504	16636983	1479
17628	AT4G34930	16637322	16638962	1640
17629	AT4G35070	16694044	16695711	1667
17630	AT4G35120	16716806	16718017	1211
17631	AT4G35150	16726948	16728531	1583
17632	AT4G35165	16735123	16735883	760
17633	AT4G35170	16736757	16738437	1680
17634	AT4G35200	16749062	16749964	902
17635	AT4G35210	16751224	16752239	1015
17636	AT4G35295	16795333	16796223	890
17637	AT4G35320	16805869	16806830	961
17638	AT4G35375	16817888	16818733	845
17639	AT4G35410	16832339	16834002	1663
17640	AT4G35430	16835989	16836421	432
17641	AT4G36080	17059779	17078039	18260
17642	AT4G35485	16852486	16852981	495
17643	AT4G35519	16865248	16865370	122
17644	AT4G35540	16873835	16875598	1763
17645	AT4G35610	16899256	16900268	1012
17646	AT4G35655	16910494	16911160	666
17647	AT4G35660	16912509	16913704	1195
17648	AT4G35680	16917892	16918897	1005
17649	AT4G35685	16919003	16920008	1005
17650	AT4G35690	16921800	16922963	1163
17651	AT4G35710	16925301	16926152	851
17652	AT4G35720	16927730	16929224	1494
17653	AT4G36100	17082509	17083605	1096
17654	AT4G35733	16934236	16935502	1266
17655	AT4G35750	16940462	16942060	1598
17656	AT4G35820	16971221	16972429	1208
17657	AT4G35840	16980712	16982550	1838
17658	AT4G35905	17006641	17008266	1625
17659	AT4G35980	17030483	17031802	1319
17660	AT4G36000	17037385	17038955	1570
17661	AT4G36105	17083841	17085184	1343
17662	AT4G36130	17097405	17098906	1501
17663	AT4G36230	17145525	17146544	1019
17664	AT4G36370	17187250	17187610	360
17665	AT4G36420	17203010	17204346	1336
17666	AT4G36430	17204385	17206033	1648
17667	AT4G36460	17212662	17213099	437
17668	AT4G36470	17214766	17216530	1764
17669	AT4G36500	17225793	17226833	1040
17670	AT4G36510	17228773	17229498	725
17671	AT4G36515	17229550	17230471	921
17672	AT4G36590	17260937	17262227	1290
17673	AT4G36925	17403744	17404450	706
17674	AT4G36600	17263564	17265172	1608
17675	AT4G36660	17285702	17287477	1775
17676	AT4G36680	17292229	17293925	1696
17677	AT4G36770	17330146	17331697	1551
17678	AT4G36791	17338871	17339077	206
17679	AT4G36795	17338904	17339161	257
17680	AT4G36840	17351267	17353091	1824
17681	AT4G37020	17445621	17447455	1834
17682	AT4G37022	17447713	17448244	531
17683	AT4G37220	17515042	17516162	1120
17684	AT4G37090	17477154	17478729	1575
17685	AT4G37500	17625388	17625915	527
17686	AT4G37230	17516424	17517587	1163
17687	AT4G37240	17524461	17525294	833
17688	AT4G37290	17549607	17550257	650
17689	AT4G37295	17553310	17554105	795
17690	AT4G37435	17599027	17600638	1611
17691	AT4G37445	17604094	17604944	850
17692	AT4G37520	17631500	17633249	1749
17693	AT4G37530	17634696	17636401	1705
17694	AT4G37608	17668951	17670631	1680
17695	AT4G37660	17695496	17696270	774
17696	AT4G37682	17703381	17704614	1233
17697	AT4G37685	17705049	17706089	1040
17698	AT4G37700	17710182	17711031	849
17699	AT4G37810	17780729	17781813	1084
17700	AT4G37830	17787524	17788834	1310
17701	AT4G37850	17796072	17797901	1829
17702	AT4G37860	17800326	17801914	1588
17703	AT4G38010	17859338	17861407	2069
17704	AT4G38020	17861435	17863098	1663
17705	AT4G38062	17876202	17879856	3654
17706	AT4G38065	17880720	17881295	575
17707	AT4G38070	17881504	17882778	1274
17708	AT4G38080	17882644	17883612	968
17709	AT4G38090	17883679	17884821	1142
17710	AT4G38092	17885272	17886890	1618
17711	AT4G38100	17886869	17888237	1368
17712	AT4G38150	17900570	17902282	1712
17713	AT4G38213	17924384	17925172	788
17714	AT4G38225	17927198	17928901	1703
17715	AT4G38300	17944556	17945491	935
17716	AT4G38250	17935402	17937068	1666
17717	AT4G38260	17936921	17938270	1349
17718	AT4G38280	17941796	17943363	1567
17719	AT4G38290	17942871	17944047	1176
17720	AT4G38330	17951324	17952973	1649
17721	AT4G38370	17969907	17971295	1388
17722	AT4G38405	17980417	17980557	140
17723	AT4G38410	17980678	17981766	1088
17724	AT4G38490	18006288	18007372	1084
17725	AT4G38495	18007357	18008071	714
17726	AT4G38640	18059614	18062347	2733
17727	AT4G28397	14045924	14046689	765
17728	AT4G38690	18074320	18075957	1637
17729	AT4G38700	18076301	18077369	1068
17730	AT4G38775	18097461	18097973	512
17731	AT4G28410	14052180	14055040	2860
17732	AT4G38790	18111336	18113206	1870
17733	AT4G38820	18121543	18121975	432
17734	AT4G38825	18121526	18122010	484
17735	AT4G38860	18130237	18131284	1047
17736	AT4G39290	18285205	18286302	1097
17737	AT4G38870	18132301	18133863	1562
17738	AT4G38905	18144057	18145161	1104
17739	AT4G39753	18440112	18441445	1333
17740	AT4G38940	18152692	18154132	1440
17741	AT4G38980	18166538	18168241	1703
17742	AT4G39040	18189012	18190608	1596
17743	AT4G39130	18228118	18228854	736
17744	AT4G39190	18251811	18253216	1405
17745	AT4G39200	18257334	18258900	1566
17746	AT4G39235	18268031	18269212	1181
17747	AT4G39240	18269150	18270800	1650
17748	AT4G39300	18286707	18288469	1762
17749	AT4G39320	18288770	18290010	1240
17750	AT4G39360	18302775	18303624	849
17751	AT4G39420	18339127	18355149	16022
17752	AT4G39550	18380482	18381945	1463
17753	AT4G39560	18382259	18383885	1626
17754	AT4G39570	18384000	18385548	1548
17755	AT4G39590	18387331	18388759	1428
17756	AT4G39610	18393547	18394816	1269
17757	AT4G39630	18397591	18399387	1796
17758	AT4G39670	18409846	18411069	1223
17759	AT4G39675	18413775	18414240	465
17760	AT4G39700	18424109	18425109	1000
17761	AT4G39745	18437806	18438844	1038
17762	AT4G39756	18441756	18443000	1244
17763	AT4G39760	18443679	18444788	1109
17764	AT4G39780	18457906	18459257	1351
17765	AT4G39795	18466519	18467499	980
17766	AT4G39810	18474481	18475804	1323
17767	AT4G39880	18504489	18505472	983
17768	AT4G39925	18517409	18518052	643
17769	AT4G39930	18518189	18518983	794
17770	AT4G40030	18555532	18557106	1574
17771	AT4G40040	18557149	18558945	1796
17772	AT4G40042	18559097	18559570	473
17773	AT4G40045	18559784	18560713	929
17774	AT4G40070	18576216	18577774	1558
17775	AT4G40080	18579314	18580717	1403
17776	AT4G26701	13467625	13468273	648
17777	AT4G26710	13468423	13470030	1607
17778	AT4G26730	13472579	13473309	730
17779	AT4G26810	13492078	13493015	937
17780	AT4G26820	13493453	13494192	739
17781	AT4G26860	13503053	13504876	1823
17782	AT4G26880	13508042	13508813	771
17783	AT4G26950	13533391	13534498	1107
17784	AT4G26960	13538669	13539653	984
17785	AT4G26990	13550892	13554436	3544
17786	AT4G27090	13593844	13595252	1408
17787	AT4G27130	13604466	13606468	2002
17788	AT4G27280	13663415	13664621	1206
17789	AT4G27360	13693957	13694663	706
17790	AT4G27530	13752633	13753257	624
17791	AT4G27390	13703139	13704774	1635
17792	AT4G27400	13705267	13706843	1576
17793	AT4G27415	13710548	13711050	502
17794	AT4G28080	13948603	13958107	9504
17795	AT4G28085	13959872	13960750	878
17796	AT4G27435	13723610	13725359	1749
17797	AT4G27450	13727370	13729002	1632
17798	AT4G27560	13759800	13761603	1803
17799	AT4G27565	13762634	13763393	759
17800	AT4G27570	13763410	13765064	1654
17801	AT4G27580	13765659	13766597	938
17802	AT4G27590	13771089	13772594	1505
17803	AT4G27652	13809779	13810462	683
17804	AT4G27654	13811612	13812126	514
17805	AT4G27657	13812989	13813701	712
17806	AT4G27660	13817095	13818184	1089
17807	AT4G27700	13826374	13827928	1554
17808	AT4G27740	13839038	13839842	804
17809	AT4G27745	13839842	13841536	1694
17810	AT4G27810	13854318	13855865	1547
17811	AT4G27840	13864919	13866607	1688
17812	AT4G27845	13866983	13868702	1719
17813	AT4G27880	13883167	13885063	1896
17814	AT4G27890	13886033	13887272	1239
17815	AT4G27980	13921292	13923570	2278
17816	AT4G28005	13929655	13930191	536
17817	AT4G28030	13937573	13939171	1598
17818	AT4G28140	13974493	13975919	1426
17819	AT4G28160	13980316	13981001	685
17820	AT4G28170	13981635	13982837	1202
17821	AT4G28180	13982796	13983717	921
17822	AT4G28230	13995779	13997307	1528
17823	AT4G28240	13997292	13998604	1312
17824	AT4G28290	14011080	14012697	1617
17825	AT4G28310	14017343	14018212	869
17826	AT4G28330	14022280	14023305	1025
17827	AT4G28340	14024534	14025655	1121
17828	AT4G28380	14039756	14040931	1175
17829	AT4G28440	14059896	14061386	1490
17830	AT4G28460	14065992	14066661	669
17831	AT4G28703	14166094	14166957	863
17832	AT4G28740	14200903	14202766	1863
17833	AT4G28755	14203626	14204377	751
17834	AT4G28775	14214778	14215381	603
17835	AT4G28815	14228578	14230380	1802
17836	AT4G28890	14256243	14257965	1722
17837	AT4G28920	14268415	14269885	1470
17838	AT4G28930	14271072	14271652	580
17839	AT4G29020	14304921	14305841	920
17840	AT4G29030	14307195	14308022	827
17841	AT4G29035	14310315	14310770	455
17842	AT4G29037	14311493	14312128	635
17843	AT4G29050	14314657	14317022	2365
17844	AT4G29070	14321807	14323336	1529
17845	AT4G29090	14333528	14335255	1727
17846	AT4G29110	14348637	14349720	1083
17847	AT4G29120	14350858	14352059	1201
17848	AT4G29240	14418556	14420350	1794
17849	AT4G29250	14420689	14422281	1592
17850	AT4G29260	14422152	14423603	1451
17851	AT4G29270	14423627	14424898	1271
17852	AT4G29370	14455602	14456852	1250
17853	AT4G29390	14464856	14466029	1173
17854	AT4G29420	14470456	14472300	1844
17855	AT4G29520	14493911	14495789	1878
17856	AT4G29710	14546785	14547594	809
17857	AT4G29530	14495960	14497517	1557
17858	AT4G29550	14502212	14503847	1635
17859	AT4G29570	14507347	14508482	1135
17860	AT4G29600	14515487	14516501	1014
17861	AT4G29610	14517393	14518519	1126
17862	AT4G29620	14519863	14521087	1224
17863	AT4G29640	14525830	14526881	1051
17864	AT4G29650	14528510	14529514	1004
17865	AT4G29654	14531601	14532454	853
17866	AT4G29690	14540878	14542565	1687
17867	AT4G29735	14562639	14564512	1873
17868	AT4G29760	14573600	14575366	1766
17869	AT4G29850	14601621	14603011	1390
17870	AT4G29870	14606000	14606668	668
17871	AT4G29905	14626921	14627631	710
17872	AT4G29960	14660567	14662426	1859
17873	AT4G29970	14662765	14663917	1152
17874	AT4G30010	14672669	14674225	1556
17875	AT4G30030	14682210	14683484	1274
17876	AT4G30040	14685602	14686885	1283
17877	AT4G30050	14687029	14687776	747
17878	AT4G30100	14713400	14720061	6661
17879	AT4G30170	14762819	14764636	1817
17880	AT4G30180	14768784	14769771	987
17881	AT4G30230	14806251	14807425	1174
17882	AT4G30320	14835792	14836531	739
17883	AT4G30330	14836548	14838149	1601
17884	AT4G30460	14888931	14889855	924
17885	AT4G30370	14858444	14859503	1059
17886	AT4G30390	14862009	14863185	1176
17887	AT4G30410	14870984	14872267	1283
17888	AT4G30450	14886027	14886784	757
17889	AT4G30500	14903351	14905008	1657
17890	AT4G30540	14923327	14925195	1868
17891	AT4G30570	14930599	14932021	1422
17892	AT4G30620	14948586	14950072	1486
17893	AT4G30640	14952591	14953849	1258
17894	AT4G30650	14954204	14955114	910
17895	AT4G30660	14955373	14956171	798
17896	AT4G30662	14955909	14956790	881
17897	AT4G30670	14957294	14958080	786
17898	AT4G30680	14958687	14960321	1634
17899	AT4G30690	14960594	14962466	1872
17900	AT4G30740	14979246	14979864	618
17901	AT4G30750	14980853	14982404	1551
17902	AT4G30760	14982359	14983494	1135
17903	AT4G30770	14985559	14986876	1317
17904	AT4G30800	15000960	15002671	1711
17905	AT4G30845	15019833	15020509	676
17906	AT4G30880	15035207	15035843	636
17907	AT4G30970	15069266	15074588	5322
17908	AT4G30990	15084098	15097986	13888
17909	AT4G31050	15114250	15115633	1383
17910	AT4G31060	15116148	15117756	1608
17911	AT4G31073	15117779	15118562	783
17912	AT4G31196	15161173	15161415	242
17913	AT4G31260	15182593	15183006	413
17914	AT4G31685	15343327	15343986	659
17915	AT4G31270	15183188	15184961	1773
17916	AT4G31310	15191220	15192596	1376
17917	AT4G31320	15193709	15194665	956
17918	AT4G31330	15202288	15203562	1274
17919	AT4G31351	15217257	15217884	627
17920	AT4G31355	15219431	15220309	878
17921	AT4G31360	15221843	15223627	1784
17922	AT4G31405	15239901	15241672	1771
17923	AT4G31440	15253731	15254870	1139
17924	AT4G31441	15254877	15254999	122
17925	AT4G31460	15259469	15261360	1891
17926	AT4G31470	15261444	15262412	968
17927	AT4G31510	15276076	15277505	1429
17928	AT4G31630	15325343	15327220	1877
17929	AT4G31640	15328271	15329791	1520
17930	AT4G31660	15334013	15335630	1617
17931	AT4G31680	15340260	15342081	1821
17932	AT4G31690	15343990	15345180	1190
17933	AT4G31715	15353659	15354046	387
17934	AT4G31740	15363778	15364349	571
17935	AT4G31875	15411701	15412451	750
17936	AT4G31760	15368260	15369724	1464
17937	AT4G31790	15377158	15379025	1867
17938	AT4G31805	15385280	15387097	1817
17939	AT4G31830	15400604	15401225	621
17940	AT4G31930	15449507	15450919	1412
17941	AT4G31960	15458990	15459781	791
17942	AT4G31985	15469841	15470733	892
17943	AT4G32080	15508231	15509111	880
17944	AT4G32090	15509990	15510820	830
17945	AT4G32105	15513214	15514087	873
17946	AT4G32110	15515649	15516452	803
17947	AT4G32208	15558505	15559650	1145
17948	AT4G32230	15565295	15566971	1676
17949	AT4G33320	16057038	16057916	878
17950	AT4G32240	15568264	15569564	1300
17951	AT4G32270	15574869	15576540	1671
17952	AT4G32290	15589434	15591213	1779
17953	AT4G32295	15592888	15594555	1667
17954	AT4G32342	15615184	15616382	1198
17955	AT4G32390	15636415	15638040	1625
17956	AT4G32480	15676240	15677977	1737
17957	AT4G32535	15693964	15694616	652
17958	AT4G32580	15719637	15720535	898
17959	AT4G32590	15721289	15722946	1657
17960	AT4G32605	15726201	15727977	1776
17961	AT4G32800	15819489	15820879	1390
17962	AT4G32860	15856710	15857309	599
17963	AT4G32870	15862117	15862814	697
17964	AT4G32910	15881245	15885518	4273
17965	AT4G32915	15885520	15887044	1524
17966	AT4G32930	15898784	15900289	1505
17967	AT4G32960	15908572	15910292	1720
17968	AT4G33040	15940228	15941493	1265
17969	AT4G33060	15948455	15952255	3800
17970	AT4G33100	15971109	15972489	1380
17971	AT4G33130	15978989	15980813	1824
17972	AT4G33145	15984643	15985064	421
17973	AT4G33160	15993957	15995685	1728
17974	AT4G33290	16049573	16050865	1292
17975	AT4G33355	16066987	16067820	833
17976	AT4G33370	16069669	16071405	1736
17977	AT4G33420	16084713	16086388	1675
17978	AT4G33467	16101460	16102220	760
17979	AT4G33550	16134366	16135134	768
17980	AT4G33560	16135157	16135921	764
17981	AT4G33565	16136749	16138287	1538
17982	AT4G33585	16141535	16142345	810
17983	AT4G33590	16142497	16144024	1527
17984	AT1G33040	11966423	11967843	1420
17985	AT1G08135	2548496	2551544	3048
17986	AT1G12980	4429718	4430965	1247
17987	AT1G19770	6832325	6833837	1512
17988	AT1G09030	2908611	2909032	421
17989	AT1G50430	18681932	18685652	3720
17990	AT1G20560	7119671	7121871	2200
17991	AT1G68910	25908046	25911277	3231
17992	AT1G12840	4374205	4378514	4309
17993	AT1G75410	28299786	28302728	2942
17994	AT1G65630	24406461	24409068	2607
17995	AT1G48110	17769938	17773518	3580
17996	AT1G15690	5398926	5402733	3807
17997	AT1G71390	26906401	26908975	2574
17998	AT1G30900	10996870	11000809	3939
17999	AT1G60710	22354698	22356875	2177
18000	AT1G21310	7453245	7455009	1764
18001	AT1G05010	1431177	1433010	1833
18002	AT1G56250	21061522	21063047	1525
18003	AT1G14620	5014675	5016708	2033
18004	AT1G18630	6414609	6416459	1850
18005	AT1G14100	4827961	4829587	1626
18006	AT1G22340	7890259	7892118	1859
18007	AT1G24100	8525334	8527087	1753
18008	AT1G69810	26276948	26279255	2307
18009	AT1G77710	29206567	29208145	1578
18010	AT1G24880	8775901	8778072	2171
18011	AT1G21690	7615505	7618628	3123
18012	AT1G28460	10006230	10006778	548
18013	AT1G32370	11676925	11678692	1767
18014	AT1G15210	5231345	5236886	5541
18015	AT1G26830	9295565	9298629	3064
18016	AT1G27730	9648021	9649323	1302
18017	AT1G79700	29990336	29993766	3430
18018	AT1G21720	7626182	7628290	2108
18019	AT1G62830	23264486	23267221	2735
18020	AT1G79930	30063448	30067589	4141
18021	AT1G20510	7103362	7106121	2759
18022	AT1G26670	9215770	9218010	2240
18023	AT1G57800	21408623	21412283	3660
18024	AT1G04310	1154740	1157813	3073
18025	AT1G08080	2516991	2518611	1620
18026	AT1G71890	27058381	27060786	2405
18027	AT1G30970	11040250	11043773	3523
18028	AT1G76540	28720328	28722550	2222
18029	AT1G80090	30130218	30131940	1722
18030	AT1G44800	16913994	16917053	3059
18031	AT1G21870	7678208	7679843	1635
18032	AT1G15780	5430040	5436618	6578
18033	AT1G13980	4788463	4794654	6191
18034	AT1G75310	28260801	28266323	5522
18035	AT1G68100	25521100	25524250	3150
18036	AT1G02010	347613	352545	4932
18037	AT1G26760	9248152	9249943	1791
18038	AT1G67260	25167418	25169707	2289
18039	AT1G02310	458133	460831	2698
18040	AT1G70510	26576486	26582879	6393
18041	AT1G77130	28978864	28981345	2481
18042	AT1G74000	27829051	27831536	2485
18043	AT1G31470	11262918	11264963	2045
18044	AT1G29890	10463029	10467452	4423
18045	AT1G05880	1775643	1778553	2910
18046	AT1G33560	12168768	12172119	3351
18047	AT1G80680	30323882	30328880	4998
18048	AT1G43650	16443582	16446918	3336
18049	AT1G27340	9495344	9498085	2741
18050	AT1G44900	16970214	16974753	4539
18051	AT1G09960	3243986	3247216	3230
18052	AT1G32640	11798119	11801407	3288
18053	AT1G75390	28291698	28293008	1310
18054	AT1G42550	15976805	15979952	3147
18055	AT1G36340	13683663	13685066	1403
18056	AT1G64740	24050006	24052487	2481
18057	AT1G74340	27948045	27951668	3623
18058	AT1G70460	26555705	26559322	3617
18059	AT1G01950	325316	330619	5303
18060	AT1G73830	27759941	27761588	1647
18061	AT1G08460	2672198	2674721	2523
18062	AT1G69770	26248118	26253687	5569
18063	AT1G77510	29126648	29129700	3052
18064	AT1G35470	13051157	13055093	3936
18065	AT1G33730	12226852	12228556	1704
18066	AT1G78710	29601253	29604610	3357
18067	AT1G69295	26050143	26052721	2578
18068	AT1G27380	9508680	9510269	1589
18069	AT1G56410	21117147	21119241	2094
18070	AT1G15750	5414817	5421033	6216
18071	AT1G65980	24559253	24560980	1727
18072	AT1G28200	9849844	9852449	2605
18073	AT1G25210	8833245	8835235	1990
18074	AT1G76490	28695760	28698852	3092
18075	AT1G15950	5478603	5482180	3577
18076	AT1G43950	16672582	16673952	1370
18077	AT1G80790	30359649	30363427	3778
18078	AT1G76860	28854414	28855750	1336
18079	AT1G06740	2070737	2073374	2637
18080	AT1G35460	13039660	13042159	2499
18081	AT1G60450	22271131	22273367	2236
18082	AT1G65700	24434203	24436456	2253
18083	AT1G79230	29800563	29804033	3470
18084	AT1G16300	5574257	5577622	3365
18085	AT1G09140	2942538	2945976	3438
18086	AT1G32050	11528385	11531350	2965
18087	AT1G69370	26079956	26081727	1771
18088	AT1G63700	23624627	23630073	5446
18089	AT1G72980	27456043	27456949	906
18090	AT1G56070	20967652	20971742	4090
18091	AT1G72000	27103277	27105663	2386
18092	AT1G13700	4694372	4696023	1651
18093	AT1G52260	19460482	19463477	2995
18094	AT1G50990	18902678	18905490	2812
18095	AT1G10230	3355675	3356151	476
18096	AT1G22150	7817609	7821576	3967
18097	AT1G26440	9143937	9146106	2169
18098	AT1G68290	25596671	25598438	1767
18099	AT1G24490	8682195	8685271	3076
18100	AT1G22070	7789133	7792139	3006
18101	AT1G55910	20905914	20907414	1500
18102	AT1G19870	6895009	6898818	3809
18103	AT1G61563	22714921	22715448	527
18104	AT1G08820	2821354	2825481	4127
18105	AT1G18860	6508797	6511397	2600
18106	AT1G23145	8203933	8204318	385
18107	AT1G73603	27674288	27674976	688
18108	AT1G45191	17115762	17119246	3484
18109	AT1G47230	17306574	17308848	2274
18110	AT1G07240	2223625	2225524	1899
18111	AT1G68840	25880155	25882222	2067
18112	AT1G55490	20715563	20719261	3698
18113	AT1G09930	3227490	3230257	2767
18114	AT1G51760	19199351	19201707	2356
18115	AT1G72330	27233418	27236822	3404
18116	AT1G54560	20371469	20380156	8687
18117	AT1G18800	6481113	6483646	2533
18118	AT1G60190	22198266	22200687	2421
18119	AT1G01510	187145	190472	3327
18120	AT1G20840	7244939	7248494	3555
18121	AT1G09815	3189301	3190242	941
18122	AT1G45050	17031211	17033269	2058
18123	AT1G52500	19559880	19563113	3233
18124	AT1G70910	26734155	26734771	616
18125	AT1G10430	3428478	3430924	2446
18126	AT1G18600	6400282	6402794	2512
18127	AT1G80600	30298462	30300658	2196
18128	AT1G17420	5977323	5981521	4198
18129	AT1G67110	25061673	25065446	3773
18130	AT1G05260	1529767	1531484	1717
18131	AT1G64690	24037475	24039177	1702
18132	AT1G72650	27349393	27353748	4355
18133	AT1G01580	208995	213082	4087
18134	AT1G25490	8951162	8955160	3998
18135	AT1G55730	20831031	20834628	3597
18136	AT1G66050	24589343	24592780	3437
18137	AT1G11545	3878495	3880391	1896
18138	AT1G03530	880384	883599	3215
18139	AT1G09270	2994331	2998222	3891
18140	AT1G14880	5132506	5133860	1354
18141	AT1G11190	3750066	3752780	2714
18142	AT1G67370	25239117	25243837	4720
18143	AT1G50640	18756972	18758708	1736
18144	AT1G71860	27026677	27029092	2415
18145	AT1G27940	9733430	9738236	4806
18146	AT1G31160	11122604	11124220	1616
18147	AT1G19630	6783803	6788175	4372
18148	AT1G17800	6128823	6129508	685
18149	AT1G26570	9182008	9184393	2385
18150	AT1G47990	17698598	17701041	2443
18151	AT1G18080	6222201	6224242	2041
18152	AT1G64350	23881512	23883354	1842
18153	AT1G65681	24428875	24430670	1795
18154	AT1G62750	23233434	23236447	3013
18155	AT1G01410	153113	154198	1085
18156	AT1G48920	18098081	18101732	3651
18157	AT1G04120	1064264	1071080	6816
18158	AT1G68765	25829917	25830781	864
18159	AT1G26230	9072256	9075350	3094
18160	AT1G31600	11312961	11316582	3621
18161	AT1G17840	6142402	6146521	4119
18162	AT1G25280	8863768	8866894	3126
18163	AT1G20900	7272526	7274072	1546
18164	AT1G80190	30158923	30161829	2906
18165	AT1G03090	739544	744184	4640
18166	AT1G49430	18290942	18295905	4963
18167	AT1G01030	11649	13714	2065
18168	AT1G12910	4394897	4396291	1394
18169	AT1G68190	25558794	25561248	2454
18170	AT1G68010	25493193	25496053	2860
18171	AT1G77380	29074879	29077390	2511
18172	AT1G04950	1403085	1407531	4446
18173	AT1G52080	19369089	19372121	3032
18174	AT1G68800	25845892	25850131	4239
18175	AT1G62670	23204256	23206822	2566
18176	AT1G63030	23367394	23368416	1022
18177	AT1G17240	5896385	5898931	2546
18178	AT1G16590	5673707	5675143	1436
18179	AT1G48000	17704132	17706460	2328
18180	AT1G29260	10224815	10226322	1507
18181	AT1G12700	4323533	4326377	2844
18182	AT1G17745	6100964	6105347	4383
18183	AT1G74600	28024840	28027869	3029
18184	AT1G08810	2819065	2820478	1413
18185	AT1G09210	2972638	2977002	4364
18186	AT1G13180	4494924	4498469	3545
18187	AT1G54100	20194712	20199193	4481
18188	AT1G56430	21136835	21138277	1442
18189	AT1G14610	5008153	5014533	6380
18190	AT1G10522	3469512	3471488	1976
18191	AT1G25290	8867024	8869289	2265
18192	AT1G21600	7570845	7573847	3002
18193	AT1G03360	824517	826399	1882
18194	AT1G60280	22226885	22227928	1043
18195	AT1G73300	27559483	27562636	3153
18196	AT1G54080	20183545	20187096	3551
18197	AT1G78080	29364072	29366207	2135
18198	AT1G05760	1723734	1724534	800
18199	AT1G30530	10814612	10816615	2003
18200	AT1G71440	26921060	26924431	3371
18201	AT1G76850	28847871	28854499	6628
18202	AT1G08480	2684176	2685702	1526
18203	AT1G71790	26996805	26999067	2262
18204	AT1G09080	2929217	2931850	2633
18205	AT1G02930	661088	662475	1387
18206	AT1G18480	6361586	6363061	1475
18207	AT1G31350	11221267	11222827	1560
18208	AT1G31190	11144772	11146930	2158
18209	AT1G08630	2743761	2747967	4206
18210	AT1G27960	9742137	9745796	3659
18211	AT1G10270	3363432	3366493	3061
18212	AT1G66150	24631338	24634781	3443
18213	AT1G01200	86486	88409	1923
18214	AT1G73140	27502021	27503834	1813
18215	AT1G30120	10584105	10586680	2575
18216	AT1G79590	29946185	29948807	2622
18217	AT1G04640	1292023	1293398	1375
18218	AT1G21130	7398814	7400736	1922
18219	AT1G60850	22397913	22400413	2500
18220	AT1G58380	21688935	21690290	1355
18221	AT1G77120	28975255	28977417	2162
18222	AT1G64980	24137405	24139325	1920
18223	AT1G62440	23112933	23115293	2360
18224	AT1G74590	28023627	28024860	1233
18225	AT1G11475	3862399	3864074	1675
18226	AT1G11650	3914774	3918243	3469
18227	AT1G64640	24022285	24023424	1139
18228	AT1G77210	29008901	29012096	3195
18229	AT1G04010	1030957	1036264	5307
18230	AT1G29750	10413853	10420774	6921
18231	AT1G28550	10036601	10037872	1271
18232	AT1G15500	5326290	5328875	2585
18233	AT1G77760	29235721	29239484	3763
18234	AT1G14870	5128344	5129731	1387
18235	AT1G45249	17165125	17167924	2799
18236	AT1G53510	19970334	19974393	4059
18237	AT1G59520	21861282	21866210	4928
18238	AT1G29860	10454433	10455874	1441
18239	AT1G31280	11181504	11185396	3892
18240	AT1G20350	7043628	7044592	964
18241	AT1G02130	399983	401919	1936
18242	AT1G13110	4467094	4469033	1939
18243	AT1G22370	7897915	7900335	2420
18244	AT1G20710	7184485	7185267	782
18245	AT1G13245	4525414	4526204	790
18246	AT1G78980	29707625	29711421	3796
18247	AT1G04180	1104493	1106241	1748
18248	AT1G60790	22380002	22382422	2420
18249	AT1G03800	957104	958383	1279
18250	AT1G64400	23915570	23919835	4265
18251	AT1G29150	10180302	10182808	2506
18252	AT1G79430	29877228	29879279	2051
18253	AT1G65840	24489758	24493077	3319
18254	AT1G04870	1373234	1375821	2587
18255	AT1G08380	2640803	2641934	1131
18256	AT1G43560	16397979	16399880	1901
18257	AT1G78690	29596478	29598662	2184
18258	AT1G09560	3093644	3094954	1310
18259	AT1G66240	24686114	24687417	1303
18260	AT1G70710	26659129	26663337	4208
18261	AT1G14750	5079226	5082536	3310
18262	AT1G05900	1786849	1789737	2888
18263	AT1G56570	21195644	21199130	3486
18264	AT1G44750	16892527	16896089	3562
18265	AT2G19500	8444204	8447355	3151
18266	AT1G01470	171525	172948	1423
18267	AT1G56200	21030787	21032234	1447
18268	AT1G23740	8398115	8399836	1721
18269	AT1G10930	3647876	3655685	7809
18270	AT1G69960	26348721	26350697	1976
18271	AT1G49400	18282968	18284202	1234
18272	AT1G48175	17790364	17792340	1976
18273	AT1G78960	29696394	29701439	5045
18274	AT1G69200	26016024	26018365	2341
18275	AT1G14420	4931485	4933662	2177
18276	AT1G24706	8741836	8755604	13768
18277	AT1G21760	7649194	7651816	2622
18278	AT1G73960	27804879	27814519	9640
18279	AT1G13300	4556878	4558793	1915
18280	AT1G15310	5268891	5272058	3167
18281	AT1G32310	11653500	11654833	1333
18282	AT1G52160	19420715	19424474	3759
18283	AT1G17260	5904058	5908898	4840
18284	AT1G30220	10632720	10635581	2861
18285	AT1G31480	11265816	11271701	5885
18286	AT1G59730	21952597	21953480	883
18287	AT1G80080	30127819	30129649	1830
18288	AT1G06080	1843463	1846311	2848
18289	AT1G13900	4753099	4755656	2557
18290	AT1G09790	3168434	3171018	2584
18291	AT1G23260	8256854	8258725	1871
18292	AT1G01090	47234	49304	2070
18293	AT1G60270	22221575	22224358	2783
18294	AT1G08860	2841969	2846350	4381
18295	AT1G55560	20754217	20756656	2439
18296	AT1G29440	10304507	10305108	601
18297	AT1G77980	29314841	29317186	2345
18298	AT1G05750	1721509	1724734	3225
18299	AT1G49770	18424578	18426782	2204
18300	AT1G34170	12443547	12446764	3217
18301	AT1G04730	1325099	1331169	6070
18302	AT1G08250	2588776	2590609	1833
18303	AT1G53130	19794723	19795544	821
18304	AT1G75520	28351522	28353549	2027
18305	AT1G21460	7511750	7513481	1731
18306	AT1G08420	2649459	2657120	7661
18307	AT1G73370	27584364	27588978	4614
18308	AT1G23730	8395466	8398387	2921
18309	AT1G07340	2254822	2256850	2028
18310	AT1G70700	26654529	26657350	2821
18311	AT1G65350	24272518	24277275	4757
18312	AT1G02205	418416	422579	4163
18313	AT1G69750	26235071	26238542	3471
18314	AT1G63440	23527570	23531226	3656
18315	AT1G64480	23947794	23950361	2567
18316	AT1G03850	975871	977911	2040
18317	AT1G65520	24361032	24362054	1022
18318	AT1G13290	4550153	4551620	1467
18319	AT1G67730	25391338	25393889	2551
18320	AT1G62810	23257610	23262002	4392
18321	AT1G59820	22011305	22020386	9081
18322	AT1G15215	5238044	5240051	2007
18323	AT1G05580	1665356	1668924	3568
18324	AT1G77630	29173409	29175629	2220
18325	AT1G65113	24189417	24190026	609
18326	AT1G48050	17723382	17727243	3861
18327	AT1G61630	22744207	22746147	1940
18328	AT1G48910	18091681	18093878	2197
18329	AT1G53390	19917994	19923920	5926
18330	AT1G79670	29976725	29979356	2631
18331	AT1G75790	28454781	28457528	2747
18332	AT1G64930	24120723	24122776	2053
18333	AT1G03550	885623	887956	2333
18334	AT1G30950	11035992	11037508	1516
18335	AT1G49600	18356799	18360447	3648
18336	AT1G17760	6110107	6116617	6510
18337	AT1G32361	11675531	11676748	1217
18338	AT1G17370	5951542	5955143	3601
18339	AT1G07130	2187776	2188733	957
18340	AT1G18190	6257851	6261501	3650
18341	AT1G58290	21623700	21626402	2702
18342	AT1G71750	26987775	26989199	1424
18343	AT1G02100	389812	392816	3004
18344	AT1G02940	662963	664290	1327
18345	AT1G68130	25532008	25534698	2690
18346	AT1G16920	5787150	5789312	2162
18347	AT1G23540	8346827	8350068	3241
18348	AT1G74540	28013180	28015049	1869
18349	AT1G24450	8664097	8665569	1472
18350	AT1G60350	22241273	22242235	962
18351	AT1G04820	1356084	1358547	2463
18352	AT1G73690	27714910	27717420	2510
18353	AT1G43160	16263805	16264945	1140
18354	AT1G06780	2083311	2087141	3830
18355	AT1G18570	6389399	6391386	1987
18356	AT1G30210	10627185	10630630	3445
18357	AT1G03475	868853	871308	2455
18358	AT1G79250	29810134	29812683	2549
18359	AT1G02050	359117	360746	1629
18360	AT1G80100	30133718	30134937	1219
18361	AT1G71930	27074702	27077991	3289
18362	AT1G32270	11642593	11645237	2644
18363	AT1G22050	7771659	7773154	1495
18364	AT1G79810	30019744	30022486	2742
18365	AT1G32480	11741083	11741990	907
18366	AT1G75780	28451138	28453820	2682
18367	AT1G17980	6187465	6191708	4243
18368	AT1G48260	17813886	17817441	3555
18369	AT1G17060	5832094	5835488	3394
18370	AT1G06520	1993903	1996355	2452
18371	AT1G18880	6520721	6523368	2647
18372	AT1G19100	6594883	6601355	6472
18373	AT1G01010	3631	5899	2268
18374	AT1G68825	25869700	25870420	720
18375	AT1G69700	26220190	26221870	1680
18376	AT1G45474	17179250	17180806	1556
18377	AT1G05500	1624919	1629289	4370
18378	AT1G16610	5675495	5678873	3378
18379	AT1G78380	29486387	29488007	1620
18380	AT1G23080	8180189	8183650	3461
18381	AT1G07350	2257384	2260187	2803
18382	AT1G06220	1899951	1904897	4946
18383	AT1G06950	2130053	2135703	5650
18384	AT1G28450	10003880	10004581	701
18385	AT1G56560	21192137	21195166	3029
18386	AT1G22280	7873867	7876018	2151
18387	AT1G69620	26189775	26191404	1629
18388	AT1G63160	23421834	23423914	2080
18389	AT1G71050	26803097	26804292	1195
18390	AT1G58360	21676388	21680519	4131
18391	AT1G59590	21887588	21888792	1204
18392	AT1G48240	17808988	17812106	3118
18393	AT1G80070	30117847	30127811	9964
18394	AT1G51060	18926811	18927746	935
18395	AT1G80410	30227485	30235087	7602
18396	AT1G58450	21718014	21718916	902
18397	AT1G59670	21930010	21931366	1356
18398	AT1G02980	677360	681378	4018
18399	AT1G66960	24984878	24992043	7165
18400	AT1G06680	2047634	2049439	1805
18401	AT1G36370	13696042	13698739	2697
18402	AT1G47290	17335751	17339275	3524
18403	AT1G14510	4961594	4964515	2921
18404	AT1G56110	20984273	20986952	2679
18405	AT1G54250	20254938	20256688	1750
18406	AT1G60220	22208089	22212171	4082
18407	AT1G66120	24612620	24614805	2185
18408	AT1G70230	26450166	26452039	1873
18409	AT1G06800	2089417	2091686	2269
18410	AT1G52830	19672476	19673652	1176
18411	AT1G68320	25603676	25605181	1505
18412	AT1G79350	29844621	29853466	8845
18413	AT1G08060	2501704	2511084	9380
18414	AT1G02720	591682	594264	2582
18415	AT1G47490	17424473	17427475	3002
18416	AT1G71220	26841550	26851959	10409
18417	AT1G65420	24297480	24298608	1128
18418	AT1G65060	24167202	24171635	4433
18419	AT1G75120	28196857	28198945	2088
18420	AT1G17550	6034270	6037398	3128
18421	AT1G53940	20143144	20144974	1830
18422	AT1G02790	610363	612324	1961
18423	AT1G17170	5869543	5870883	1340
18424	AT1G79580	29940803	29943713	2910
18425	AT1G61290	22604777	22606385	1608
18426	AT1G18870	6515373	6519395	4022
18427	AT1G73330	27568714	27569823	1109
18428	AT1G05560	1645300	1647435	2135
18429	AT1G51640	19149761	19152288	2527
18430	AT1G35140	12851983	12853235	1252
18431	AT1G33280	12072611	12073965	1354
18432	AT1G10970	3665087	3667139	2052
18433	AT1G11870	4003757	4007015	3258
18434	AT1G59810	22008507	22009455	948
18435	AT1G55120	20566030	20569322	3292
18436	AT1G03790	954290	956144	1854
18437	AT1G72150	27148261	27150994	2733
18438	AT1G68750	25822716	25828147	5431
18439	AT1G64570	23978613	23983925	5312
18440	AT1G54360	20290556	20293324	2768
18441	AT1G01590	214150	217734	3584
18442	AT1G50940	18877812	18880012	2200
18443	AT1G14900	5138116	5139467	1351
18444	AT1G69940	26343275	26345058	1783
18445	AT1G01070	38444	41017	2573
18446	AT1G02220	428650	430720	2070
18447	AT1G74420	27967771	27969965	2194
18448	AT1G17440	5983984	5987934	3950
18449	AT1G75910	28501434	28503283	1849
18450	AT1G54510	20358319	20362624	4305
18451	AT1G30360	10715482	10718997	3515
18452	AT1G09155	2949621	2950989	1368
18453	AT1G20860	7253998	7258952	4954
18454	AT2G29940	12759973	12766794	6821
18455	AT1G18200	6265416	6267076	1660
18456	AT1G34000	12357910	12358966	1056
18457	AT1G04410	1188995	1191458	2463
18458	AT1G08550	2706868	2709988	3120
18459	AT1G70920	26735894	26738665	2771
18460	AT1G21650	7592664	7604229	11565
18461	AT1G08320	2621860	2628594	6734
18462	AT1G08510	2691062	2694547	3485
18463	AT1G48880	18080408	18082925	2517
18464	AT1G28520	10029083	10031990	2907
18465	AT1G01340	132270	135924	3654
18466	AT1G11260	3777236	3780823	3587
18467	AT1G30620	10854517	10858280	3763
18468	AT1G71770	26990525	26994259	3734
18469	AT1G08660	2756904	2759889	2985
18470	AT1G63245	23460198	23460884	686
18471	AT1G08030	2489409	2493327	3918
18472	AT1G18840	6500803	6504567	3764
18473	AT1G07790	2412938	2413790	852
18474	AT2G02020	478977	481185	2208
18475	AT2G07560	3169908	3174102	4194
18476	AT1G19670	6803486	6805092	1606
18477	AT1G14700	5058583	5061140	2557
18478	AT1G31170	11133410	11135189	1779
18479	AT1G19050	6577833	6579314	1481
18480	AT1G47260	17319551	17323484	3933
18481	AT1G07720	2390531	2392628	2097
18482	AT1G76030	28533710	28537194	3484
18483	AT1G16420	5612150	5614020	1870
18484	AT1G02280	448423	450426	2003
18485	AT1G26310	9099994	9103644	3650
18486	AT1G13260	4542168	4543970	1802
18487	AT1G75930	28508072	28509881	1809
18488	AT1G56580	21198004	21199126	1122
18489	AT1G17890	6154264	6155804	1540
18490	AT1G51360	19044163	19044953	790
18491	AT1G69935	26341494	26343231	1737
18492	AT1G07980	2473165	2475128	1963
18493	AT1G01740	272111	274930	2819
18494	AT1G65890	24512438	24514659	2221
18495	AT1G53090	19783185	19786902	3717
18496	AT1G46264	17224720	17226541	1821
18497	AT1G04070	1050505	1051194	689
18498	AT1G08540	2703295	2706860	3565
18499	AT1G75750	28441501	28442435	934
18500	AT1G50840	18839047	18844577	5530
18501	AT1G78130	29400140	29401902	1762
18502	AT1G20020	6942625	6945091	2466
18503	AT1G52827	19671300	19672021	721
18504	AT1G65680	24427266	24428673	1407
18505	AT1G06280	1920307	1920949	642
18506	AT1G80900	30398150	30400399	2249
18507	AT1G12970	4423540	4425936	2396
18508	AT1G61940	22897399	22898725	1326
18509	AT1G49435	18299430	18299862	432
18510	AT1G77470	29111948	29114548	2600
18511	AT1G14690	5051656	5055299	3643
18512	AT1G02950	665119	666471	1352
18513	AT1G57870	21431051	21436329	5278
18514	AT1G65880	24508482	24510742	2260
18515	AT1G02860	635144	637262	2118
18516	AT1G16730	5726368	5727406	1038
18517	AT1G10870	3616610	3623806	7196
18518	AT1G29590	10339992	10341832	1840
18519	AT1G77720	29210496	29214135	3639
18520	AT1G67775	25411312	25411696	384
18521	AT1G58160	21533724	21534440	716
18522	AT1G06430	1960031	1963189	3158
18523	AT1G08700	2769615	2771477	1862
18524	AT1G49540	18333623	18337520	3897
18525	AT1G66590	24840899	24842609	1710
18526	AT1G18670	6426709	6431093	4384
18527	AT1G12920	4396348	4398193	1845
18528	AT1G31930	11464934	11469207	4273
18529	AT1G76260	28610193	28613263	3070
18530	AT1G16370	5596633	5598447	1814
18531	AT1G30840	10974383	10976298	1915
18532	AT1G80730	30339322	30340385	1063
18533	AT1G11420	3844461	3846956	2495
18534	AT1G06920	2124676	2125902	1226
18535	AT1G79180	29786257	29787820	1563
18536	AT1G35540	13108634	13111700	3066
18537	AT1G28010	9763211	9768113	4902
18538	AT1G01620	225665	227543	1878
18539	AT1G01290	114202	116407	2205
18540	AT1G55740	20835256	20838778	3522
18541	AT1G06230	1906963	1911056	4093
18542	AT1G32790	11874508	11877549	3041
18543	AT1G67070	25041833	25044659	2826
18544	AT1G53270	19862821	19864650	1829
18545	AT1G24764	8759533	8763469	3936
18546	AT1G04550	1240294	1242157	1863
18547	AT1G68990	25934997	25940996	5999
18548	AT1G34210	12458564	12462905	4341
18549	AT1G17650	6069424	6072140	2716
18550	AT1G76790	28822186	28823727	1541
18551	AT1G27450	9531809	9534141	2332
18552	AT1G80560	30287763	30290299	2536
18553	AT1G22940	8122339	8125068	2729
18554	AT1G15390	5294629	5295931	1302
18555	AT1G79050	29736959	29740179	3220
18556	AT1G80860	30387978	30389434	1456
18557	AT1G42540	15973054	15976813	3759
18558	AT1G08100	2527170	2529120	1950
18559	AT1G79370	29857934	29860163	2229
18560	AT1G59530	21868190	21868708	518
18561	AT1G58340	21652988	21655439	2451
18562	AT1G69410	26089030	26090734	1704
18563	AT1G57990	21441179	21443036	1857
18564	AT1G03770	944572	947682	3110
18565	AT1G65590	24385552	24391208	5656
18566	AT1G48310	17848421	17853915	5494
18567	AT1G73000	27462983	27463968	985
18568	AT1G64960	24129836	24134204	4368
18569	AT1G67710	25376679	25379217	2538
18570	AT1G04630	1289734	1291112	1378
18571	AT1G77390	29081654	29084285	2631
18572	AT1G10210	3349082	3351180	2098
18573	AT1G79110	29759030	29760789	1759
18574	AT1G49860	18458526	18459969	1443
18575	AT1G49005	18128524	18131522	2998
18576	AT1G06040	1828340	1829983	1643
18577	AT1G18970	6554496	6555610	1114
18578	AT1G62740	23230922	23233543	2621
18579	AT1G11530	3874396	3875484	1088
18580	AT1G56260	21064223	21065875	1652
18581	AT1G68450	25661487	25662276	789
18582	AT1G54270	20259547	20262266	2719
18583	AT1G31640	11322692	11324176	1484
18584	AT1G79680	29979973	29982819	2846
18585	AT1G27760	9668508	9671657	3149
18586	AT1G50260	18617593	18621957	4364
18587	AT1G03300	811033	813086	2053
18588	AT1G14080	4822439	4824414	1975
18589	AT1G47240	17308803	17311505	2702
18590	AT1G19730	6822847	6824071	1224
18591	AT1G28430	9992661	9994656	1995
18592	AT1G20780	7217021	7220842	3821
18593	AT1G62990	23337167	23340692	3525
18594	AT1G08190	2567420	2573448	6028
18595	AT1G62560	23159734	23162881	3147
18596	AT1G51490	19094888	19097503	2615
18597	AT1G75130	28199938	28201975	2037
18598	AT2G07040	2916416	2919392	2976
18599	AT2G39990	16698041	16700309	2268
18600	AT1G26630	9205800	9207417	1617
18601	AT1G32400	11689064	11691588	2524
18602	AT1G60870	22409298	22410854	1556
18603	AT1G02090	387277	389808	2531
18604	AT1G69870	26315787	26320233	4446
18605	AT1G13890	4751432	4753018	1586
18606	AT1G19270	6662417	6666032	3615
18607	AT1G07960	2467145	2469316	2171
18608	AT1G13430	4606500	4607780	1280
18609	AT1G14350	4907887	4911168	3281
18610	AT1G11130	3722708	3727450	4742
18611	AT1G76890	28873052	28875435	2383
18612	AT1G22360	7894807	7897761	2954
18613	AT1G15980	5489145	5491363	2218
18614	AT1G45976	17199314	17200841	1527
18615	AT1G75040	28177670	28179022	1352
18616	AT1G66680	24866095	24869087	2992
18617	AT1G74170	27891494	27896436	4942
18618	AT1G15510	5329064	5331711	2647
18619	AT1G18520	6374906	6376333	1427
18620	AT1G43640	16439367	16441941	2574
18621	AT1G52580	19587603	19589052	1449
18622	AT1G22210	7841432	7844056	2624
18623	AT2G33835	14311712	14314714	3002
18624	AT2G41310	17221840	17224880	3040
18625	AT1G69820	26283125	26284908	1783
18626	AT1G72680	27359109	27361024	1915
18627	AT1G61340	22628264	22630020	1756
18628	AT1G73540	27645552	27646743	1191
18629	AT1G61040	22483104	22485969	2865
18630	AT1G54830	20451083	20452671	1588
18631	AT1G79340	29842587	29844638	2051
18632	AT1G57680	21362359	21364749	2390
18633	AT1G55420	20691591	20694039	2448
18634	AT2G40930	17076311	17082528	6217
18635	AT1G46768	17265586	17266824	1238
18636	AT1G69588	26178042	26178925	883
18637	AT1G73590	27659673	27663253	3580
18638	AT1G79850	30041243	30041952	709
18639	AT1G79320	29836644	29838140	1496
18640	AT1G64550	23968750	23973614	4864
18641	AT1G13870	4747186	4748666	1480
18642	AT1G50500	18707924	18716118	8194
18643	AT1G31740	11365285	11369839	4554
18644	AT1G33990	12355557	12358031	2474
18645	AT1G65610	24391672	24395503	3831
18646	AT1G62570	23168767	23172175	3408
18647	AT1G27920	9726655	9729848	3193
18648	AT1G60650	22339809	22342337	2528
18649	AT1G08260	2588854	2606892	18038
18650	AT1G71010	26782048	26788973	6925
18651	AT1G56240	21056099	21057577	1478
18652	AT1G27970	9746709	9748467	1758
18653	AT1G26945	9351160	9352833	1673
18654	AT1G78815	29631743	29632791	1048
18655	AT1G20010	6937719	6940832	3113
18656	AT1G63970	23738673	23740384	1711
18657	AT1G50520	18719378	18721219	1841
18658	AT1G26480	9156279	9158093	1814
18659	AT1G74040	27842109	27845782	3673
18660	AT1G28230	9862041	9864779	2738
18661	AT1G15820	5446462	5447880	1418
18662	AT2G02040	487398	489941	2543
18663	AT2G31840	13537755	13539804	2049
18664	AT1G06350	1935227	1936841	1614
18665	AT1G59870	22034423	22040126	5703
18666	AT1G64390	23911024	23915236	4212
18667	AT1G18730	6460403	6462344	1941
18668	AT1G10155	3325825	3328448	2623
18669	AT1G09415	3037754	3038408	654
18670	AT1G75940	28511142	28514284	3142
18671	AT1G11840	3995158	3997965	2807
18672	AT1G71270	26863587	26870015	6428
18673	AT1G64090	23789062	23791229	2167
18674	AT1G78370	29484120	29485389	1269
18675	AT1G14140	4837927	4839633	1706
18676	AT2G20610	8877887	8880440	2553
18677	AT2G26570	11298914	11302319	3405
18678	AT1G60430	22264385	22266079	1694
18679	AT1G80050	30111497	30114010	2513
18680	AT1G16970	5800767	5805811	5044
18681	AT1G50320	18638384	18639536	1152
18682	AT1G16470	5622746	5625683	2937
18683	AT1G28130	9825169	9828118	2949
18684	AT1G62280	23007044	23008610	1566
18685	AT1G65910	24520668	24524260	3592
18686	AT1G73870	27778984	27780809	1825
18687	AT1G13560	4638468	4642190	3722
18688	AT1G35580	13122082	13125328	3246
18689	AT1G51220	18989751	18992149	2398
18690	AT1G65580	24377263	24384086	6823
18691	AT1G05190	1502251	1503853	1602
18692	AT1G65790	24468770	24472475	3705
18693	AT1G60660	22342290	22343269	979
18694	AT1G30480	10790022	10792725	2703
18695	AT1G13950	4773434	4774935	1501
18696	AT1G19510	6756237	6757420	1183
18697	AT1G19640	6788885	6791919	3034
18698	AT1G23147	8205872	8206243	371
18699	AT1G17460	5998765	6002732	3967
18700	AT2G19030	8247726	8248181	455
18701	AT1G32990	11955656	11957402	1746
18702	AT1G22380	7900355	7902427	2072
18703	AT1G15440	5306027	5309558	3531
18704	AT1G15660	5381032	5385380	4348
18705	AT1G54970	20504901	20506504	1603
18706	AT1G73190	27521944	27523332	1388
18707	AT1G17560	6037405	6038698	1293
18708	AT1G68520	25708175	25710989	2814
18709	AT1G66390	24763941	24765541	1600
18710	AT1G19890	6904963	6906028	1065
18711	AT1G13320	4563428	4567849	4421
18712	AT1G15880	5458398	5460359	1961
18713	AT1G27980	9748506	9752769	4263
18714	AT1G20330	7038527	7040231	1704
18715	AT1G65310	24257054	24258506	1452
18716	AT1G56440	21138515	21141644	3129
18717	AT1G64280	23852748	23855658	2910
18718	AT1G49510	18326846	18328714	1868
18719	AT1G21840	7666414	7667794	1380
18720	AT1G60815	22392729	22392974	245
18721	AT1G30420	10748261	10756695	8434
18722	AT1G24460	8665874	8672651	6777
18723	AT1G73030	27473763	27475122	1359
18724	AT1G55520	20725470	20728093	2623
18725	AT1G04920	1391434	1395953	4519
18726	AT1G54350	20286856	20290401	3545
18727	AT1G22130	7812211	7814345	2134
18728	AT1G73965	27815627	27816468	841
18729	AT1G72560	27324367	27330031	5664
18730	AT1G80820	30370474	30372799	2325
18731	AT2G24500	10400630	10402934	2304
18732	AT1G70840	26712982	26714069	1087
18733	AT1G44090	16760616	16762486	1870
18734	AT1G16980	5807200	5811610	4410
18735	AT1G16890	5776177	5778529	2352
18736	AT1G62940	23310532	23312795	2263
18737	AT1G79960	30079665	30080552	887
18738	AT1G29400	10289998	10294630	4632
18739	AT1G08695	2768965	2769508	543
18740	AT1G01600	218834	221286	2452
18741	AT1G07610	2341447	2342148	701
18742	AT1G62720	23227532	23229150	1618
18743	AT1G77110	28970714	28974805	4091
18744	AT1G74180	27897040	27902025	4985
18745	AT1G09950	3240531	3241863	1332
18746	AT1G77860	29282162	29284480	2318
18747	AT1G06190	1892231	1894194	1963
18748	AT1G10570	3487386	3491277	3891
18749	AT1G12560	4276505	4277969	1464
18750	AT1G74110	27866667	27868368	1701
18751	AT2G44880	18505101	18508298	3197
18752	AT2G46370	19033586	19036683	3097
18753	AT2G33070	14028282	14031164	2882
18754	AT2G47510	19498229	19502488	4259
18755	AT1G65770	24460656	24461738	1082
18756	AT1G43890	16646696	16648648	1952
18757	AT1G13600	4650606	4651549	943
18758	AT1G64720	24046553	24048822	2269
18759	AT1G01280	112263	113947	1684
18760	AT1G70890	26725521	26726652	1131
18761	AT1G06770	2078880	2082097	3217
18762	AT1G44350	16834210	16838562	4352
18763	AT1G49530	18332429	18333689	1260
18764	AT1G66030	24583119	24583728	609
18765	AT1G03680	916772	918064	1292
18766	AT1G12880	4389678	4391344	1666
18767	AT1G71800	26999374	27002458	3084
18768	AT1G08090	2524023	2526322	2299
18769	AT1G49630	18367590	18375494	7904
18770	AT1G74080	27855578	27857598	2020
18771	AT1G32200	11601671	11605174	3503
18772	AT1G20960	7301599	7310271	8672
18773	AT1G65360	24281337	24282233	896
18774	AT1G74480	27993032	27994178	1146
18775	AT1G01430	156477	158823	2346
18776	AT1G74950	28148574	28150446	1872
18777	AT1G13220	4515464	4520306	4842
18778	AT1G66600	24848320	24849543	1223
18779	AT1G71030	26795052	26796532	1480
18780	AT1G54140	20213899	20215265	1366
18781	AT1G66980	24997223	25002239	5016
18782	AT1G18835	6495844	6496491	647
18783	AT1G21910	7696427	7697831	1404
18784	AT1G07180	2204104	2207099	2995
18785	AT1G12940	4416315	4418590	2275
18786	AT1G21170	7412830	7419643	6813
18787	AT1G44318	16831016	16834011	2995
18788	AT1G78570	29549540	29552438	2898
18789	AT1G19220	6627683	6633133	5450
18790	AT1G80340	30200466	30202349	1883
18791	AT1G12270	4172035	4174730	2695
18792	AT1G68050	25508639	25510907	2268
18793	AT1G10520	3465926	3469455	3529
18794	AT1G53730	20061405	20065713	4308
18795	AT1G49720	18400003	18402628	2625
18796	AT1G22650	8013353	8016150	2797
18797	AT1G11430	3847220	3849224	2004
18798	AT1G42970	16127353	16129895	2542
18799	AT1G70060	26383216	26389916	6700
18800	AT1G26910	9321650	9323028	1378
18801	AT1G73910	27789208	27790678	1470
18802	AT1G17590	6050164	6052628	2464
18803	AT1G07410	2276030	2277524	1494
18804	AT1G49670	18380804	18386146	5342
18805	AT1G21210	7423704	7427041	3337
18806	AT1G01780	282761	284245	1484
18807	AT1G24625	8725789	8727212	1423
18808	AT1G12210	4140216	4143916	3700
18809	AT1G31260	11175559	11177362	1803
18810	AT1G70530	26588391	26591776	3385
18811	AT1G69560	26157702	26159094	1392
18812	AT1G70560	26604855	26607652	2797
18813	AT1G32170	11575320	11578030	2710
18814	AT1G01820	296001	298334	2333
18815	AT1G79410	29867854	29869784	1930
18816	AT1G24180	8560420	8563502	3082
18817	AT1G19120	6608115	6609369	1254
18818	AT1G57560	21316730	21318192	1462
18819	AT1G64780	24060640	24062804	2164
18820	AT1G32320	11655156	11656073	917
18821	AT1G51800	19214072	19218053	3981
18822	AT1G71830	27018158	27022117	3959
18823	AT1G22260	7859630	7865263	5633
18824	AT1G03780	947520	951850	4330
18825	AT1G75950	28516519	28517896	1377
18826	AT1G64000	23747304	23749053	1749
18827	AT1G68060	25510887	25514601	3714
18828	AT1G67810	25426234	25427461	1227
18829	AT1G32440	11711944	11715162	3218
18830	AT1G09070	2927502	2929107	1605
18831	AT1G68790	25834686	25839541	4855
18832	AT1G78700	29599349	29601682	2333
18833	AT1G30230	10638878	10640941	2063
18834	AT1G31630	11318528	11319547	1019
18835	AT1G68370	25631689	25634780	3091
18836	AT1G28470	10010124	10012258	2134
18837	AT1G60986	22459000	22459650	650
18838	AT1G03980	1019311	1022108	2797
18839	AT1G63120	23408804	23411139	2335
18840	AT1G27390	9513081	9515050	1969
18841	AT1G18330	6305814	6308243	2429
18842	AT1G79000	29716350	29724748	8398
18843	AT1G23010	8147118	8149891	2773
18844	AT1G60989	22462160	22462721	561
18845	AT1G70540	26593930	26594770	840
18846	AT1G56360	21098603	21100842	2239
18847	AT1G10480	3449567	3451226	1659
18848	AT1G58300	21627758	21630118	2360
18849	AT1G07645	2367437	2368436	999
18850	AT1G02920	658578	659980	1402
18851	AT1G18260	6278788	6282144	3356
18852	AT1G47220	17303676	17305197	1521
18853	AT1G34430	12587726	12590223	2497
18854	AT1G29990	10507533	10509151	1618
18855	AT1G79560	29926624	29932585	5961
18856	AT1G70670	26644565	26646200	1635
18857	AT1G04530	1234176	1236206	2030
18858	AT1G49480	18314117	18316861	2744
18859	AT1G06570	2011885	2013545	1660
18860	AT1G55310	20629698	20633007	3309
18861	AT1G61560	22708468	22712289	3821
18862	AT1G68310	25599465	25601467	2002
18863	AT1G26820	9292446	9293862	1416
18864	AT1G17710	6090405	6092027	1622
18865	AT1G11250	3768521	3770102	1581
18866	AT1G10540	3474858	3478028	3170
18867	AT1G35910	13362962	13365172	2210
18868	AT1G76180	28586663	28587931	1268
18869	AT1G09240	2984829	2986231	1402
18870	AT1G66770	24906451	24907236	785
18871	AT1G31817	11414695	11416444	1749
18872	AT1G01040	23121	31227	8106
18873	AT1G28440	9996713	10000455	3742
18874	AT1G07950	2465729	2467165	1436
18875	AT1G01650	232840	237905	5065
18876	AT1G61520	22699715	22701412	1697
18877	AT1G74720	28074927	28078831	3904
18878	AT1G17700	6089460	6090339	879
18879	AT1G53230	19849788	19851725	1937
18880	AT1G12410	4223030	4225254	2224
18881	AT1G12860	4384304	4386651	2347
18882	AT1G25540	8969065	8974815	5750
18883	AT1G15110	5198940	5202315	3375
18884	AT1G78000	29327515	29333220	5705
18885	AT2G40810	17032412	17034600	2188
18886	AT2G35630	14966574	14980761	14187
18887	AT1G75440	28313379	28315122	1743
18888	AT1G50370	18658508	18662052	3544
18889	AT1G04370	1175033	1175768	735
18890	AT1G23820	8420265	8422985	2720
18891	AT1G13060	4452190	4454900	2710
18892	AT1G21900	7690802	7692459	1657
18893	AT1G13960	4776283	4779420	3137
18894	AT1G64060	23769774	23776984	7210
18895	AT1G79880	30046028	30048408	2380
18896	AT1G30560	10824637	10826405	1768
18897	AT1G41830	15603568	15607966	4398
18898	AT1G02390	480650	483373	2723
18899	AT2G21900	9333844	9336278	2434
18900	AT2G38220	16007891	16010932	3041
18901	AT1G04450	1208521	1210026	1505
18902	AT1G53708	20052393	20053195	802
18903	AT1G26810	9286643	9290096	3453
18904	AT1G66520	24816128	24818744	2616
18905	AT1G77690	29200417	29203418	3001
18906	AT1G02120	395689	400001	4312
18907	AT1G07620	2344390	2346889	2499
18908	AT1G78240	29432829	29436674	3845
18909	AT1G43800	16577521	16579722	2201
18910	AT1G47580	17485576	17486463	887
18911	AT1G54370	20293151	20297236	4085
18912	AT1G17380	5955155	5957511	2356
18913	AT1G60950	22444307	22445291	984
18914	AT1G08150	2556191	2559228	3037
18915	AT1G74920	28138997	28142837	3840
18916	AT1G22300	7878759	7881395	2636
18917	AT1G11750	3967476	3969877	2401
18918	AT1G43670	16467298	16470500	3202
18919	AT1G77080	28955483	28960234	4751
18920	AT2G17840	7755605	7757929	2324
18921	AT1G53160	19806263	19807705	1442
18922	AT1G31420	11249600	11253915	4315
18923	AT1G64630	24019490	24022310	2820
18924	AT1G16880	5773512	5776308	2796
18925	AT1G02250	437860	439559	1699
18926	AT1G29510	10322423	10323239	816
18927	AT1G75350	28272071	28273009	938
18928	AT1G04250	1136078	1138663	2585
18929	AT1G69880	26321398	26323002	1604
18930	AT1G15460	5309907	5314128	4221
18931	AT1G76430	28678935	28682062	3127
18932	AT1G02780	607799	609534	1735
18933	AT1G34390	12556005	12559082	3077
18934	AT1G62700	23215953	23219209	3256
18935	AT1G53170	19821337	19822399	1062
18936	AT1G23210	8240145	8242261	2116
18937	AT1G49320	18246305	18248088	1783
18938	AT1G66400	24770419	24771393	974
18939	AT1G47270	17326530	17328772	2242
18940	AT1G01060	33365	37871	4506
18941	AT2G32660	13853699	13856297	2598
18942	AT2G18760	8128706	8134401	5695
18943	AT2G34090	14396016	14399275	3259
18944	AT1G29395	10288129	10289666	1537
18945	AT1G33800	12261165	12262750	1585
18946	AT1G65300	24254929	24255857	928
18947	AT1G12350	4198337	4200849	2512
18948	AT1G24280	8609338	8612580	3242
18949	AT1G08560	2709525	2711000	1475
18950	AT1G71696	26966766	26970603	3837
18951	AT1G17250	5901169	5903439	2270
18952	AT1G03120	752191	753140	949
18953	AT1G80300	30191538	30194605	3067
18954	AT3G05680	1660523	1672608	12085
18955	AT1G01420	154367	156178	1811
18956	AT1G19790	6838120	6840313	2193
18957	AT1G37150	14174798	14178034	3236
18958	AT1G21240	7434235	7436830	2595
18959	AT1G51470	19087384	19090523	3139
18960	AT1G28330	9933786	9935440	1654
18961	AT1G43130	16228189	16231254	3065
18962	AT1G22840	8079287	8080574	1287
18963	AT1G21120	7395179	7396823	1644
18964	AT1G32070	11534607	11536437	1830
18965	AT1G04110	1061297	1063809	2512
18966	AT1G13620	4668366	4669471	1105
18967	AT1G66200	24655115	24657703	2588
18968	AT1G75830	28472357	28472898	541
18969	AT1G05590	1669350	1671902	2552
18970	AT1G54780	20439383	20441159	1776
18971	AT1G63800	23667592	23669145	1553
18972	AT1G55330	20648465	20648891	426
18973	AT1G18890	6522764	6526075	3311
18974	AT1G20440	7084409	7086873	2464
18975	AT1G65040	24159685	24163669	3984
18976	AT1G69850	26296540	26300684	4144
18977	AT1G18640	6416169	6418693	2524
18978	AT1G08830	2827060	2829315	2255
18979	AT1G25310	8874124	8874834	710
18980	AT1G55080	20552905	20554272	1367
18981	AT1G66270	24699868	24703166	3298
18982	AT1G18790	6478779	6480043	1264
18983	AT1G45190	17104351	17105004	653
18984	AT1G74880	28129828	28131077	1249
18985	AT1G22990	8139114	8140233	1119
18986	AT1G14830	5107416	5111746	4330
18987	AT1G60620	22330894	22333568	2674
18988	AT1G30410	10738683	10747563	8880
18989	AT1G62400	23089610	23091732	2122
18990	AT1G01220	91342	95681	4339
18991	AT1G26870	9312936	9315122	2186
18992	AT1G71120	26821072	26822487	1415
18993	AT1G79500	29903353	29906653	3300
18994	AT1G20080	6962030	6965443	3413
18995	AT1G72040	27111894	27114399	2505
18996	AT1G12640	4303280	4305907	2627
18997	AT1G55860	20879900	20893268	13368
18998	AT1G18350	6315636	6316738	1102
18999	AT1G54990	20511519	20513681	2162
19000	AT3G22680	8017633	8020508	2875
19001	AT3G59420	21959646	21963180	3534
19002	AT1G08500	2688880	2690250	1370
19003	AT1G31830	11418589	11420961	2372
19004	AT1G14980	5165489	5166939	1450
19005	AT1G21430	7500845	7502186	1341
19006	AT1G17730	6099039	6100397	1358
19007	AT1G58270	21611803	21614169	2366
19008	AT1G64790	24064822	24083428	18606
19009	AT1G53140	19799188	19802675	3487
19010	AT1G52240	19455495	19458069	2574
19011	AT1G01550	199527	201775	2248
19012	AT1G06400	1950596	1952880	2284
19013	AT1G69270	26040689	26042741	2052
19014	AT1G70940	26742940	26746469	3529
19015	AT1G12140	4121285	4124595	3310
19016	AT1G55850	20876440	20879482	3042
19017	AT1G80670	30320525	30323902	3377
19018	AT3G47520	17512816	17515155	2339
19019	AT3G60330	22298373	22303718	5345
19020	AT1G37140	14170351	14172106	1755
19021	AT1G01050	31170	33171	2001
19022	AT1G79800	30018490	30019315	825
19023	AT1G50250	18614201	18617155	2954
19024	AT1G16090	5516259	5517822	1563
19025	AT1G35310	12956119	12957090	971
19026	AT1G30570	10828373	10831656	3283
19027	AT1G65410	24295169	24297595	2426
19028	AT1G35850	13330510	13331506	996
19029	AT3G11010	3450496	3453985	3489
19030	AT3G13320	4314505	4318487	3982
19031	AT3G47770	17617972	17622915	4943
19032	AT1G69180	26007350	26009141	1791
19033	AT1G68550	25725455	25727701	2246
19034	AT1G50900	18866197	18867204	1007
19035	AT1G55870	20895582	20898868	3286
19036	AT1G09100	2936528	2939363	2835
19037	AT1G61010	22474267	22477765	3498
19038	AT1G29280	10236337	10237990	1653
19039	AT1G10200	3346383	3348139	1756
19040	AT1G60983	22455320	22455589	269
19041	AT1G50480	18701882	18704938	3056
19042	AT1G45616	17183347	17186602	3255
19043	AT1G07250	2225759	2227608	1849
19044	AT1G74560	28017584	28020059	2475
19045	AT1G10710	3558358	3560705	2347
19046	AT1G10370	3396883	3398358	1475
19047	AT1G66840	24933777	24936512	2735
19048	AT1G52290	19469820	19472582	2762
19049	AT1G04635	1291300	1292024	724
19050	AT1G64950	24127506	24129557	2051
19051	AT1G07600	2338904	2339321	417
19052	AT1G65430	24300829	24306338	5509
19053	AT1G05610	1673861	1676077	2216
19054	AT1G71692	26952545	26955127	2582
19055	AT1G07290	2242012	2244992	2980
19056	AT1G47550	17456987	17465195	8208
19057	AT1G55720	20828118	20830640	2522
19058	AT1G11980	4045619	4045855	236
19059	AT1G23060	8170693	8173085	2392
19060	AT1G12280	4174875	4178021	3146
19061	AT3G63280	23377976	23381590	3614
19062	AT3G13330	4319490	4330218	10728
19063	AT3G27020	9961277	9964737	3460
19064	AT1G25560	8981556	8983314	1758
19065	AT1G20620	7142972	7146540	3568
19066	AT1G19440	6728747	6730931	2184
19067	AT1G10170	3333504	3338188	4684
19068	AT1G18690	6433517	6437236	3719
19069	AT1G10920	3644180	3647784	3604
19070	AT1G25340	8885020	8886777	1757
19071	AT1G62340	23051002	23055672	4670
19072	AT1G80490	30260818	30267125	6307
19073	AT1G61580	22720560	22723152	2592
19074	AT1G76750	28811040	28811721	681
19075	AT1G76650	28766750	28768138	1388
19076	AT1G54570	20380435	20385380	4945
19077	AT1G01860	304133	306310	2177
19078	AT1G34310	12508548	12511520	2972
19079	AT1G62930	23306534	23308686	2152
19080	AT1G69440	26101407	26105328	3921
19081	AT1G71330	26884014	26885169	1155
19082	AT1G23800	8412051	8414886	2835
19083	AT1G75850	28477768	28483946	6178
19084	AT1G24520	8688563	8689268	705
19085	AT1G66370	24753589	24754761	1172
19086	AT1G66740	24892340	24893876	1536
19087	AT1G54130	20210772	20213942	3170
19088	AT1G15100	5193284	5194214	930
19089	AT3G44600	16164935	16169304	4369
19090	AT3G63010	23289243	23291486	2243
19091	AT1G47603	17496657	17498152	1495
19092	AT1G31580	11310997	11311989	992
19093	AT1G31320	11212958	11214567	1609
19094	AT1G34245	12472868	12473974	1106
19095	AT1G34120	12426700	12429714	3014
19096	AT1G27310	9484316	9486002	1686
19097	AT1G53580	19991271	19993458	2187
19098	AT1G78590	29564241	29566812	2571
19099	AT1G13400	4597567	4599141	1574
19100	AT1G67100	25053673	25054864	1191
19101	AT1G08780	2809778	2811313	1535
19102	AT1G73100	27491184	27494182	2998
19103	AT1G06310	1926652	1930397	3745
19104	AT1G30040	10537457	10540044	2587
19105	AT1G28360	9951762	9953105	1343
19106	AT3G52180	19349600	19353728	4128
19107	AT3G27740	10281230	10283935	2705
19108	AT1G27950	9740508	9742159	1651
19109	AT1G12770	4351019	4353797	2778
19110	AT1G05620	1678881	1681710	2829
19111	AT1G35620	13156346	13158467	2121
19112	AT1G18500	6368966	6373080	4114
19113	AT1G70980	26762041	26764623	2582
19114	AT1G26780	9270952	9272713	1761
19115	AT1G70300	26477743	26481630	3887
19116	AT1G51170	18953458	18955053	1595
19117	AT1G13100	4463859	4465725	1866
19118	AT1G30825	10960908	10963231	2323
19119	AT1G19250	6650476	6653195	2719
19120	AT1G70090	26400694	26402815	2121
19121	AT1G17120	5851860	5853987	2127
19122	AT1G51510	19102791	19104933	2142
19123	AT1G03310	813413	816812	3399
19124	AT1G17235	5895351	5896250	899
19125	AT1G49160	18179250	18182510	3260
19126	AT1G29050	10136246	10139228	2982
19127	AT1G59940	22065617	22067233	1616
19128	AT1G48500	17931390	17934662	3272
19129	AT1G57943	21437501	21438941	1440
19130	AT1G58440	21713842	21717380	3538
19131	AT1G08730	2779438	2788477	9039
19132	AT1G17690	6082722	6088381	5659
19133	AT1G04940	1399182	1400830	1648
19134	AT1G04620	1282163	1286619	4456
19135	AT1G78870	29650376	29652627	2251
19136	AT1G15550	5344388	5346342	1954
19137	AT1G02340	465616	467880	2264
19138	AT1G65340	24268135	24269646	1511
19139	AT1G64170	23814984	23818481	3497
19140	AT1G70370	26512681	26515255	2574
19141	AT1G31200	11146923	11147547	624
19142	AT1G04240	1128149	1129689	1540
19143	AT1G75630	28400439	28402355	1916
19144	AT1G60800	22383393	22387766	4373
19145	AT3G54860	20324088	20330030	5942
19146	AT1G05385	1582671	1583760	1089
19147	AT1G27370	9505112	9508542	3430
19148	AT1G25410	8914191	8915219	1028
19149	AT1G27130	9425280	9426897	1617
19150	AT1G63050	23375877	23378355	2478
19151	AT1G67560	25319804	25324581	4777
19152	AT1G01680	246262	248440	2178
19153	AT1G18620	6409655	6414569	4914
19154	AT1G18250	6276777	6278258	1481
19155	AT1G32180	11586391	11590035	3644
19156	AT1G61680	22772315	22774720	2405
19157	AT1G49410	18285306	18287034	1728
19158	AT1G70520	26584729	26587628	2899
19159	AT1G64160	23813943	23814839	896
19160	AT1G79490	29900443	29903319	2876
19161	AT1G51780	19204512	19206586	2074
19162	AT1G47128	17282749	17285749	3000
19163	AT1G65660	24418071	24421361	3290
19164	AT1G65970	24557372	24558322	950
19165	AT1G13120	4469144	4473319	4175
19166	AT1G51600	19132221	19135630	3409
19167	AT1G01140	64166	67774	3608
19168	AT1G32540	11767485	11770049	2564
19169	AT1G66160	24637196	24638608	1412
19170	AT1G73790	27744649	27745429	780
19171	AT1G70760	26687202	26688384	1182
19172	AT1G18300	6299669	6301139	1470
19173	AT1G15340	5275616	5277869	2253
19174	AT1G28480	10013434	10014256	822
19175	AT1G73720	27724991	27730031	5040
19176	AT1G17950	6177481	6179289	1808
19177	AT1G11310	3800500	3804233	3733
19178	AT1G60880	22411575	22412180	605
19179	AT1G44980	17004256	17005923	1667
19180	AT1G78650	29582907	29585665	2758
19181	AT1G07150	2193941	2195996	2055
19182	AT1G74900	28133933	28135667	1734
19183	AT1G06180	1889362	1891276	1914
19184	AT1G14790	5093961	5098270	4309
19185	AT1G21190	7419664	7420957	1293
19186	AT1G75660	28408134	28415118	6984
19187	AT1G25220	8836835	8839609	2774
19188	AT1G48620	17973642	17976663	3021
19189	AT1G68690	25788305	25792324	4019
19190	AT1G23760	8401808	8404301	2493
19191	AT1G31360	11232318	11237594	5276
19192	AT1G02910	655568	658216	2648
19193	AT1G77140	28983934	28988035	4101
19194	AT1G48320	17854813	17855715	902
19195	AT1G55325	20637333	20648434	11101
19196	AT1G32510	11756691	11758118	1427
19197	AT1G60040	22118974	22119929	955
19198	AT1G23290	8262925	8263739	814
19199	AT1G15080	5187549	5189673	2124
19200	AT1G55600	20774046	20776294	2248
19201	AT1G08010	2485848	2488085	2237
19202	AT1G20190	6998335	6999839	1504
19203	AT1G07810	2416178	2420829	4651
19204	AT1G17070	5837590	5840332	2742
19205	AT1G78090	29373803	29376639	2836
19206	AT1G12240	4153641	4157653	4012
19207	AT1G18650	6418838	6421188	2350
19208	AT1G80390	30221629	30222769	1140
19209	AT1G69310	26054275	26058383	4108
19210	AT1G64750	24052362	24053923	1561
19211	AT1G11460	3856942	3859465	2523
19212	AT1G02970	673306	676419	3113
19213	AT1G78440	29511561	29513100	1539
19214	AT1G16530	5651268	5652883	1615
19215	AT1G70800	26702493	26703926	1433
19216	AT1G28110	9803641	9806899	3258
19217	AT1G11760	3971986	3973294	1308
19218	AT1G01370	143489	146479	2990
19219	AT1G07725	2394801	2397272	2471
19220	AT1G59900	22051133	22053885	2752
19221	AT1G77990	29317767	29323352	5585
19222	AT1G60860	22400857	22407824	6967
19223	AT1G01690	249041	252522	3481
19224	AT1G07140	2191679	2193836	2157
19225	AT1G59720	21939752	21941784	2032
19226	AT1G52740	19645236	19646485	1249
19227	AT1G44910	16975604	16982965	7361
19228	AT1G34780	12748571	12750506	1935
19229	AT1G71160	26828701	26830208	1507
19230	AT1G71400	26909792	26912597	2805
19231	AT1G60500	22291582	22293964	2382
19232	AT1G26150	9039628	9043855	4227
19233	AT1G49780	18428788	18430497	1709
19234	AT1G71310	26877745	26880064	2319
19235	AT1G63650	23599413	23603164	3751
19236	AT1G18580	6395769	6398274	2505
19237	AT1G80660	30315964	30320197	4233
19238	AT1G53490	19963267	19966952	3685
19239	AT1G15570	5361865	5365559	3694
19240	AT1G73607	27676182	27676888	706
19241	AT1G10460	3439030	3440359	1329
19242	AT1G79530	29915902	29919408	3506
19243	AT1G51390	19050298	19052094	1796
19244	AT1G26260	9086804	9089375	2571
19245	AT1G14530	4970858	4973726	2868
19246	AT1G09840	3195719	3200403	4684
19247	AT1G69720	26226731	26228580	1849
19248	AT1G35160	12867081	12868890	1809
19249	AT1G65330	24266257	24267336	1079
19250	AT1G59990	22090226	22093385	3159
19251	AT1G63460	23534946	23536467	1521
19252	AT1G78300	29461391	29463389	1998
19253	AT1G47960	17681157	17683719	2562
19254	AT1G03445	854410	859701	5291
19255	AT1G20340	7042046	7043392	1346
19256	AT1G09530	3075768	3079654	3886
19257	AT1G78950	29684236	29688800	4564
19258	AT1G66230	24677121	24678580	1459
19259	AT1G79550	29924023	29926636	2613
19260	AT1G26840	9298670	9300800	2130
19261	AT1G23480	8332862	8336414	3552
19262	AT1G02730	594502	598657	4155
19263	AT1G24540	8699650	8701458	1808
19264	AT1G21230	7429895	7432477	2582
19265	AT1G67290	25190921	25193240	2319
19266	AT1G65320	24259880	24262998	3118
19267	AT1G10840	3607631	3610616	2985
19268	AT1G01790	284350	291203	6853
19269	AT1G68760	25828890	25829813	923
19270	AT3G21720	7652487	7656053	3566
19271	AT4G33250	16038651	16040808	2157
19272	AT1G71190	26833406	26835060	1654
19273	AT1G68510	25706882	25708503	1621
19274	AT1G70440	26548952	26550636	1684
19275	AT1G78610	29568961	29572572	3611
19276	AT1G74260	27922725	27927962	5237
19277	AT1G67040	25019105	25022704	3599
19278	AT1G09000	2891019	2895182	4163
19279	AT1G36160	13533168	13544015	10847
19280	AT1G02145	404600	408619	4019
19281	AT2G04038	1331919	1332419	500
19282	AT1G34540	12637054	12638692	1638
19283	AT1G51690	19163843	19170449	6606
19284	AT1G06490	1978378	1989409	11031
19285	AT1G10130	3310930	3322269	11339
19286	AT1G76900	28881539	28885023	3484
19287	AT1G13590	4647815	4649066	1251
19288	AT1G20830	7242896	7244978	2082
19289	AT1G55060	20549533	20550225	692
19290	AT1G75110	28194005	28196033	2028
19291	AT1G70660	26640565	26642149	1584
19292	AT1G19570	6773302	6774413	1111
19293	AT2G37340	15670147	15672700	2553
19294	AT1G76300	28625871	28627408	1537
19295	AT1G17000	5812728	5816662	3934
19296	AT1G07110	2178022	2184193	6171
19297	AT1G25270	8857726	8859909	2183
19298	AT1G13690	4693282	4694410	1128
19299	AT1G34670	12709090	12710665	1575
19300	AT1G24190	8563510	8570580	7070
19301	AT1G17920	6161870	6165820	3950
19302	AT1G50300	18628555	18632039	3484
19303	AT1G80920	30403503	30404713	1210
19304	AT1G55640	20793720	20794577	857
19305	AT1G08720	2773941	2779308	5367
19306	AT1G09630	3118155	3119815	1660
19307	AT1G17280	5916832	5920393	3561
19308	AT1G75450	28314458	28318375	3917
19309	AT1G14000	4797358	4800283	2925
19310	AT1G61070	22491692	22492542	850
19311	AT1G30135	10596352	10597341	989
19312	AT1G68460	25668610	25670345	1735
19313	AT4G13290	7740283	7743135	2852
19314	AT1G54630	20401357	20403166	1809
19315	AT1G32240	11625616	11630745	5129
19316	AT1G76410	28668664	28669652	988
19317	AT1G09850	3201685	3204150	2465
19318	AT1G74190	27902590	27906168	3578
19319	AT1G02500	518091	520495	2404
19320	AT1G17580	6039250	6049685	10435
19321	AT1G79940	30069519	30073440	3921
19322	AT1G08300	2614774	2618823	4049
19323	AT1G79280	29818970	29833016	14046
19324	AT1G22740	8049090	8050784	1694
19325	AT1G59680	21933012	21934216	1204
19326	AT1G59760	21984428	21990286	5858
19327	AT1G78660	29585677	29588389	2712
19328	AT1G53680	20038320	20039164	844
19329	AT1G01360	141870	143261	1391
19330	AT1G56510	21167565	21173632	6067
19331	AT1G56650	21233555	21235292	1737
19332	AT1G52690	19619724	19621534	1810
19333	AT1G31814	11412392	11414502	2110
19334	AT1G28335	9937001	9937755	754
19335	AT1G15720	5406025	5407486	1461
19336	AT1G18100	6227217	6230194	2977
19337	AT1G14850	5116523	5123559	7036
19338	AT1G59700	21936278	21938001	1723
19339	AT1G48380	17876989	17879270	2281
19340	AT1G29940	10479007	10486824	7817
19341	AT1G78510	29535060	29537482	2422
19342	AT1G47710	17557091	17560331	3240
19343	AT1G12550	4274531	4276031	1500
19344	AT1G16190	5543119	5546103	2984
19345	AT1G56010	20946571	20949281	2710
19346	AT1G67840	25434027	25437096	3069
19347	AT1G14687	5047782	5048753	971
19348	AT1G47840	17616051	17619011	2960
19349	AT1G64660	24028830	24030780	1950
19350	AT1G20140	6986312	6987863	1551
19351	AT1G18450	6348048	6352010	3962
19352	AT1G53920	20137537	20139716	2179
19353	AT1G34190	12451405	12454542	3137
19354	AT1G60930	22430847	22438877	8030
19355	AT1G69230	26026253	26027771	1518
19356	AT1G30610	10846513	10850724	4211
19357	AT1G03080	731554	738306	6752
19358	AT1G17110	5845675	5850934	5259
19359	AT1G27080	9400326	9403905	3579
19360	AT1G72750	27383320	27384524	1204
19361	AT1G06460	1967087	1969656	2569
19362	AT1G07630	2348915	2351799	2884
19363	AT1G80010	30097336	30100045	2709
19364	AT1G18220	6269670	6269807	137
19365	AT1G30270	10654800	10658924	4124
19366	AT1G54960	20499776	20504076	4300
19367	AT1G67940	25477670	25478803	1133
19368	AT1G48350	17867102	17868432	1330
19369	AT1G70320	26488454	26501652	13198
19370	AT1G80330	30198061	30199537	1476
19371	AT1G03330	817934	819563	1629
19372	AT1G14440	4938754	4941332	2578
19373	AT1G65620	24398143	24400989	2846
19374	AT1G79610	29952873	29957201	4328
19375	AT1G69490	26122080	26123514	1434
19376	AT1G77740	29220349	29224426	4077
19377	AT1G67230	25151211	25156389	5178
19378	AT1G29970	10498351	10501498	3147
19379	AT1G16110	5518219	5520929	2710
19380	AT1G67320	25205279	25209101	3822
19381	AT1G27510	9554710	9558461	3751
19382	AT1G35750	13253398	13255570	2172
19383	AT1G65380	24286742	24289329	2587
19384	AT1G69010	25941629	25944265	2636
19385	AT1G05800	1741204	1742619	1415
19386	AT1G13140	4478384	4480327	1943
19387	AT1G01160	72339	74096	1757
19388	AT1G54940	20481648	20484799	3151
19389	AT1G03055	710018	711857	1839
19390	AT1G25440	8933716	8935544	1828
19391	AT1G35467	13049114	13049437	323
19392	AT1G01190	82984	84946	1962
19393	AT1G64940	24123789	24125514	1725
19394	AT1G69970	26352563	26354613	2050
19395	AT1G31290	11188120	11192585	4465
19396	AT1G51150	18948370	18949290	920
19397	AT1G68540	25719958	25721549	1591
19398	AT1G70210	26439556	26443007	3451
19399	AT1G49880	18463998	18466085	2087
19400	AT1G16280	5567742	5570679	2937
19401	AT1G19940	6918159	6921979	3820
19402	AT1G56340	21089565	21092709	3144
19403	AT1G62360	23058582	23062063	3481
19404	AT1G08520	2696381	2701022	4641
19405	AT1G20693	7176747	7178895	2148
19406	AT1G30810	10936765	10942292	5527
19407	AT1G20160	6990642	6993989	3347
19408	AT1G06390	1946746	1950860	4114
19409	AT1G70580	26612359	26616071	3712
19410	AT1G23900	8441073	8447681	6608
19411	AT1G35680	13208683	13210428	1745
19412	AT1G21250	7439171	7442113	2942
19413	AT1G66145	24628530	24628835	305
19414	AT1G64585	23989933	23990097	164
19415	AT1G13800	4730395	4733869	3474
19416	AT1G21620	7579129	7580171	1042
19417	AT1G74550	28016045	28017711	1666
19418	AT1G63710	23632178	23634073	1895
19419	AT1G31970	11479763	11482890	3127
19420	AT1G04580	1252005	1257893	5888
19421	AT1G28380	9963448	9966320	2872
19422	AT1G15520	5331858	5338326	6468
19423	AT1G05830	1754130	1761909	7779
19424	AT1G49040	18139174	18149019	9845
19425	AT1G65440	24306545	24314639	8094
19426	AT1G53590	19996205	20000782	4577
19427	AT1G47420	17395518	17397263	1745
19428	AT1G74960	28151920	28156350	4430
19429	AT1G22020	7754281	7758029	3748
19430	AT1G73260	27547098	27548282	1184
19431	AT1G32960	11945250	11948650	3400
19432	AT1G12360	4200864	4206486	5622
19433	AT1G16780	5739468	5744636	5168
19434	AT1G17455	5997057	5998599	1542
19435	AT1G62430	23105905	23109534	3629
19436	AT1G10290	3370402	3377463	7061
19437	AT1G09340	3015237	3018542	3305
19438	AT1G20575	7126747	7128762	2015
19439	AT1G32230	11611891	11617419	5528
19440	AT1G07430	2280746	2282828	2082
19441	AT1G21110	7389981	7391603	1622
19442	AT1G56600	21207537	21209635	2098
19443	AT1G22985	8135180	8136034	854
19444	AT1G78340	29472845	29474003	1158
19445	AT1G49190	18191267	18193782	2515
19446	AT1G28370	9955774	9956980	1206
19447	AT1G02440	496372	497555	1183
19448	AT1G34140	12433356	12434735	1379
19449	AT1G01520	190408	192436	2028
19450	AT1G69670	26201986	26204795	2809
19451	AT1G53500	19966944	19969757	2813
19452	AT1G78680	29593756	29596308	2552
19453	AT1G16240	5554843	5556844	2001
19454	AT1G73805	27744790	27749248	4458
19455	AT1G55370	20673768	20676449	2681
19456	AT1G78970	29703055	29708175	5120
19457	AT1G78600	29566863	29568931	2068
19458	AT1G09610	3111694	3112873	1179
19459	AT1G04080	1051312	1056827	5515
19460	AT1G34065	12398428	12401036	2608
19461	AT1G64200	23828284	23830100	1816
19462	AT1G10910	3639835	3644187	4352
19463	AT1G32940	11937183	11941116	3933
19464	AT1G50240	18606511	18614500	7989
19465	AT1G28050	9775522	9778043	2521
19466	AT1G58470	21726963	21728802	1839
19467	AT1G18750	6466667	6469984	3317
19468	AT1G16410	5608682	5612064	3382
19469	AT1G51590	19128144	19132318	4174
19470	AT1G72670	27356459	27358863	2404
19471	AT1G71260	26861657	26863454	1797
19472	AT1G21970	7727577	7729649	2072
19473	AT1G63090	23390968	23392873	1905
19474	AT1G18140	6238839	6241510	2671
19475	AT1G63000	23342211	23344120	1909
19476	AT1G51420	19064598	19066989	2391
19477	AT1G03130	753307	754262	955
19478	AT1G03430	847793	849621	1828
19479	AT1G48790	18043672	18047806	4134
19480	AT1G16900	5779008	5782433	3425
19481	AT1G48270	17827953	17830420	2467
19482	AT1G50490	18704805	18706657	1852
19483	AT1G16720	5722891	5726478	3587
19484	AT1G66570	24835244	24837441	2197
19485	AT1G35720	13225168	13227239	2071
19486	AT1G48370	17874436	17877462	3026
19487	AT1G68880	25893971	25895056	1085
19488	AT1G48605	17969395	17970551	1156
19489	AT1G65540	24362045	24366466	4421
19490	AT1G63270	23469554	23471510	1956
19491	AT1G68090	25519305	25520895	1590
19492	AT1G60920	22429692	22430361	669
19493	AT1G72610	27339114	27340044	930
19494	AT1G16440	5615808	5617672	1864
19495	AT1G08880	2846894	2848100	1206
19496	AT1G73220	27538190	27540235	2045
19497	AT1G30380	10722183	10723247	1064
19498	AT1G22240	7852904	7855213	2309
19499	AT1G53830	20098522	20100978	2456
19500	AT1G14920	5148982	5151415	2433
19501	AT1G73640	27686672	27688127	1455
19502	AT1G22310	7881503	7883824	2321
19503	AT1G03900	991106	993126	2020
19504	AT1G53240	19854615	19857146	2531
19505	AT1G12110	4105223	4109601	4378
19506	AT1G16120	5522602	5525452	2850
19507	AT1G21700	7620001	7624166	4165
19508	AT1G69260	26038905	26040720	1815
19509	AT1G78430	29508951	29511021	2070
19510	AT1G52030	19345871	19349088	3217
19511	AT1G09760	3159125	3161692	2567
19512	AT1G08470	2682058	2684171	2113
19513	AT1G08450	2667798	2671957	4159
19514	AT1G27320	9486889	9492632	5743
19515	AT1G78290	29457205	29459493	2288
19516	AT1G78120	29393813	29396105	2292
19517	AT1G27600	9603178	9606247	3069
19518	AT2G31957	13587675	13588258	583
19519	AT1G30370	10719065	10720843	1778
19520	AT1G46408	17232135	17232951	816
19521	AT1G61820	22835078	22838635	3557
19522	AT1G15960	5481665	5486105	4440
19523	AT1G20050	6949043	6950509	1466
19524	AT1G65730	24442388	24446291	3903
19525	AT1G21880	7680390	7682641	2251
19526	AT1G30460	10770813	10775428	4615
19527	AT1G10940	3655673	3658612	2939
19528	AT1G80370	30213705	30217102	3397
19529	AT1G52980	19737405	19740348	2943
19530	AT1G47510	17435525	17438490	2965
19531	AT1G36180	13545965	13558600	12635
19532	AT1G30500	10804450	10806428	1978
19533	AT1G75020	28170752	28173678	2926
19534	AT1G55480	20713499	20715611	2112
19535	AT1G25450	8938387	8940613	2226
19536	AT1G16330	5582387	5587461	5074
19537	AT1G31820	11416451	11418464	2013
19538	AT1G54150	20215395	20217489	2094
19539	AT1G06850	2105048	2106749	1701
19540	AT1G77490	29117500	29121093	3593
19541	AT1G62300	23016569	23019494	2925
19542	AT1G07900	2442570	2443746	1176
19543	AT1G74710	28070295	28074177	3882
19544	AT1G33410	12109561	12118861	9300
19545	AT1G32450	11715147	11719988	4841
19546	AT1G72280	27211821	27214688	2867
19547	AT1G53670	20036631	20038261	1630
19548	AT1G31340	11217695	11219618	1923
19549	AT1G54330	20279507	20280952	1445
19550	AT4G37040	17455100	17457357	2257
19551	AT1G66410	24774113	24775984	1871
19552	AT1G68870	25889074	25889734	660
19553	AT1G76952	28914446	28915102	656
19554	AT1G49760	18416474	18420111	3637
19555	AT1G21710	7624320	7626138	1818
19556	AT1G66380	24757298	24758953	1655
19557	AT1G63940	23729875	23733974	4099
19558	AT1G80270	30180907	30183561	2654
19559	AT1G65800	24472873	24476891	4018
19560	AT1G55920	20912116	20913565	1449
19561	AT1G31180	11142461	11144717	2256
19562	AT1G01700	259307	261667	2360
19563	AT1G67740	25394031	25395249	1218
19564	AT1G14150	4839801	4840823	1022
19565	AT1G30490	10796124	10801093	4969
19566	AT1G03490	871874	872906	1032
19567	AT1G48300	17847042	17848338	1296
19568	AT1G08620	2736656	2743881	7225
19569	AT1G22090	7795708	7797425	1717
19570	AT1G10030	3273753	3275953	2200
19571	AT1G13740	4713433	4715407	1974
19572	AT1G12610	4289883	4291017	1134
19573	AT1G62260	22997755	22999829	2074
19574	AT1G02820	623656	624567	911
19575	AT1G52230	19454798	19455668	870
19576	AT1G52340	19489794	19491650	1856
19577	AT1G49120	18173427	18174416	989
19578	AT1G78770	29616919	29621447	4528
19579	AT1G07420	2277555	2280502	2947
19580	AT1G04260	1140278	1141564	1286
19581	AT1G14720	5066525	5068677	2152
19582	AT1G61130	22528853	22531827	2974
19583	AT1G16390	5602786	5604770	1984
19584	AT1G49620	18365336	18366744	1408
19585	AT1G67090	25048158	25049667	1509
19586	AT1G34290	12498000	12498800	800
19587	AT4G23020	12066173	12068624	2451
19588	AT4G24580	12687879	12694656	6777
19589	AT4G37590	17662840	17666736	3896
19590	AT1G20850	7252111	7253747	1636
19591	AT1G55900	20903053	20905853	2800
19592	AT1G73410	27601593	27603317	1724
19593	AT1G48630	17981636	17983377	1741
19594	AT1G22400	7903660	7906969	3309
19595	AT1G15990	5491133	5494192	3059
19596	AT1G22640	8006064	8007465	1401
19597	AT4G18290	10114794	10118652	3858
19598	AT4G14950	8545025	8548086	3061
19599	AT4G31900	15431350	15438678	7328
19600	AT4G13640	7936592	7938705	2113
19601	AT1G79760	30011981	30013495	1514
19602	AT1G74100	27864345	27865694	1349
19603	AT1G80830	30372668	30376072	3404
19604	AT1G01530	192634	193670	1036
19605	AT1G68210	25565983	25569302	3319
19606	AT1G76340	28634881	28636968	2087
19607	AT1G75010	28164828	28170113	5285
19608	AT1G19700	6809585	6813063	3478
19609	AT1G07490	2301380	2302021	641
19610	AT1G79900	30051955	30053936	1981
19611	AT1G12900	4392438	4394454	2016
19612	AT4G37840	17790080	17792198	2118
19613	AT1G42990	16135723	16137463	1740
19614	AT1G17750	6106323	6110120	3797
19615	AT1G12060	4076226	4077230	1004
19616	AT1G69740	26231620	26235043	3423
19617	AT1G06410	1954674	1958866	4192
19618	AT1G02400	486800	489651	2851
19619	AT1G76760	28811685	28813164	1479
19620	AT1G29340	10264043	10266917	2874
19621	AT1G29920	10474656	10475969	1313
19622	AT1G07530	2313581	2316507	2926
19623	AT1G32900	11920390	11923866	3476
19624	AT1G30000	10509156	10512558	3402
19625	AT4G24490	12655059	12658348	3289
19626	AT4G01560	676982	679276	2294
19627	AT1G19150	6612630	6613972	1342
19628	AT1G04860	1369036	1373103	4067
19629	AT1G25145	8818867	8820736	1869
19630	AT1G60170	22192758	22195400	2642
19631	AT1G16380	5598411	5601367	2956
19632	AT1G07320	2248967	2250529	1562
19633	AT1G30400	10727317	10738092	10775
19634	AT1G69780	26258788	26260781	1993
19635	AT1G01020	6788	9130	2342
19636	AT1G27045	9391609	9393188	1579
19637	AT4G20410	11013839	11016590	2751
19638	AT4G05450	2758643	2760912	2269
19639	AT1G02140	403100	404456	1356
19640	AT1G07370	2263037	2264553	1516
19641	AT1G74310	27936508	27940369	3861
19642	AT1G52970	19736482	19737083	601
19643	AT1G05810	1748259	1749526	1267
19644	AT1G16070	5510301	5513980	3679
19645	AT1G80770	30355025	30357988	2963
19646	AT1G07670	2370020	2374607	4587
19647	AT1G47720	17561286	17562934	1648
19648	AT4G27180	13614822	13619312	4490
19649	AT1G76690	28778622	28780483	1861
19650	AT1G61215	22572609	22575583	2974
19651	AT1G05600	1671916	1673923	2007
19652	AT1G25350	8889018	8894306	5288
19653	AT1G27840	9693008	9696546	3538
19654	AT1G63900	23716643	23719337	2694
19655	AT1G66730	24884681	24892046	7365
19656	AT1G10240	3356627	3359853	3226
19657	AT1G78160	29407608	29410484	2876
19658	AT1G64105	23795050	23795642	592
19659	AT1G24590	8714365	8715378	1013
19660	AT1G55940	20922342	20924587	2245
19661	AT1G52410	19520603	19525685	5082
19662	AT1G73250	27544969	27546479	1510
19663	AT1G27500	9551451	9554422	2971
19664	AT1G15910	5465251	5469180	3929
19665	AT1G17210	5879996	5884773	4777
19666	AT4G17530	9773548	9775676	2128
19667	AT1G17880	6152384	6153982	1598
19668	AT1G64810	24086558	24088581	2023
19669	AT1G75270	28250075	28251469	1394
19670	AT1G04100	1059470	1061209	1739
19671	AT1G72260	27198356	27199468	1112
19672	AT1G59650	21919745	21923013	3268
19673	AT1G75540	28365824	28367738	1914
19674	AT4G34740	16574544	16576753	2209
19675	AT4G35010	16667837	16672188	4351
19676	AT1G78360	29481869	29483009	1140
19677	AT1G01480	175706	178406	2700
19678	AT1G01120	57164	59215	2051
19679	AT1G52760	19651172	19652825	1653
19680	AT1G04220	1119699	1122786	3087
19681	AT1G20450	7087903	7089606	1703
19682	AT1G54490	20350109	20356916	6807
19683	AT1G73990	27824355	27829039	4684
19684	AT1G78580	29552340	29560912	8572
19685	AT1G16150	5532298	5535060	2762
19686	AT1G14540	4974021	4975705	1684
19687	AT1G19360	6690399	6692566	2167
19688	AT4G00380	167497	171010	3513
19689	AT1G31812	11410766	11412233	1467
19690	AT1G15700	5402569	5403818	1249
19691	AT1G76990	28932119	28936371	4252
19692	AT1G68740	25812449	25816983	4534
19693	AT1G12680	4319877	4323265	3388
19694	AT1G45145	17074942	17076417	1475
19695	AT1G64220	23833088	23833393	305
19696	AT1G47750	17569256	17570249	993
19697	AT1G21980	7734661	7738772	4111
19698	AT4G18710	10296138	10301228	5090
19699	AT1G05100	1469541	1470881	1340
19700	AT1G56330	21086501	21088554	2053
19701	AT1G49970	18501570	18504654	3084
19702	AT1G72930	27439240	27440464	1224
19703	AT1G70170	26423874	26425356	1482
19704	AT1G09830	3192568	3195044	2476
19705	AT1G68120	25526296	25527105	809
19706	AT1G71230	26852406	26854419	2013
19707	AT1G02335	463754	464981	1227
19708	AT1G07780	2409865	2412777	2912
19709	AT1G70290	26470795	26474833	4038
19710	AT1G22710	8030587	8033156	2569
19711	AT1G06910	2120991	2123801	2810
19712	AT1G74020	27835123	27837443	2320
19713	AT1G76100	28553883	28554930	1047
19714	AT1G73670	27699871	27703449	3578
19715	AT1G11570	3883167	3884129	962
19716	AT1G27360	9500892	9504023	3131
19717	AT1G26355	9117932	9118611	679
19718	AT1G67220	25145587	25150558	4971
19719	AT1G74500	27997919	27998821	902
19720	AT1G23320	8273423	8275350	1927
19721	AT1G02170	411664	413554	1890
19722	AT1G10760	3580830	3590928	10098
19723	AT1G20610	7134659	7137828	3169
19724	AT1G55010	20516916	20517531	615
19725	AT1G26770	9259432	9261313	1881
19726	AT1G10630	3512739	3514824	2085
19727	AT1G03950	1011151	1013365	2214
19728	AT1G48940	18105808	18106455	647
19729	AT1G51680	19158746	19161737	2991
19730	AT1G28420	9979478	9987737	8259
19731	AT1G66040	24583740	24586760	3020
19732	AT1G06140	1864774	1866999	2225
19733	AT1G13250	4528485	4530222	1737
19734	AT1G62180	22975530	22977885	2355
19735	AT1G33960	12346138	12348733	2595
19736	AT1G69920	26334250	26335630	1380
19737	AT1G23020	8149868	8153796	3928
19738	AT1G22590	7981722	7984334	2612
19739	AT1G69380	26081566	26083606	2040
19740	AT1G79380	29860491	29863316	2825
19741	AT1G63910	23719783	23721774	1991
19742	AT1G29910	10472280	10473502	1222
19743	AT1G77300	29039922	29049454	9532
19744	AT1G19910	6913001	6914634	1633
19745	AT1G66750	24894523	24897259	2736
19746	AT1G72970	27452748	27455964	3216
19747	AT1G05055	1448631	1450901	2270
19748	AT1G11720	3951366	3957044	5678
19749	AT1G35520	13082819	13085830	3011
19750	AT1G58260	21605752	21607995	2243
19751	AT1G74230	27914602	27917097	2495
19752	AT1G80420	30235164	30238535	3371
19753	AT1G05470	1607202	1611840	4638
19754	AT1G64230	23833485	23835539	2054
19755	AT1G79200	29794373	29796114	1741
19756	AT1G09180	2965023	2965972	949
19757	AT1G08650	2752124	2753809	1685
19758	AT1G51630	19141823	19144320	2497
19759	AT1G12950	4419714	4422684	2970
19760	AT1G19580	6774683	6777568	2885
19761	AT1G27650	9614551	9616574	2023
19762	AT1G51070	18927810	18929762	1952
19763	AT1G34790	12763902	12765686	1784
19764	AT1G32490	11742006	11749788	7782
19765	AT1G02690	584134	587327	3193
19766	AT1G48030	17716893	17719500	2607
19767	AT1G52520	19565601	19568391	2790
19768	AT1G66340	24734162	24737756	3594
19769	AT1G06530	2001382	2002802	1420
19770	AT1G65650	24415015	24417769	2754
19771	AT1G14860	5124670	5126280	1610
19772	AT1G55570	20757767	20760268	2501
19773	AT1G48420	17895784	17898813	3029
19774	AT1G60050	22121375	22123881	2506
19775	AT1G22220	7846459	7847836	1377
19776	AT1G55610	20779493	20784017	4524
19777	AT1G03410	844436	847683	3247
19778	AT1G13790	4726770	4730425	3655
19779	AT1G77360	29071983	29073729	1746
19780	AT1G44170	16796400	16800321	3921
19781	AT1G16490	5629655	5631088	1433
19782	AT1G67490	25280410	25286749	6339
19783	AT1G71880	27054030	27056464	2434
19784	AT1G22500	7949476	7950900	1424
19785	AT1G16540	5659370	5665488	6118
19786	AT1G60260	22218787	22221433	2646
19787	AT1G15040	5179887	5181402	1515
19788	AT1G19950	6924091	6926741	2650
19789	AT1G75100	28190740	28194068	3328
19790	AT1G05200	1504941	1509152	4211
19791	AT1G51950	19305081	19307518	2437
19792	AT1G75220	28229026	28233134	4108
19793	AT1G61380	22645923	22650072	4149
19794	AT1G74850	28118664	28122577	3913
19795	AT1G13860	4743204	4746956	3752
19796	AT1G60550	22305780	22308289	2509
19797	AT1G53300	19879405	19882895	3490
19798	AT1G54180	20227168	20230237	3069
19799	AT1G48520	17940050	17942864	2814
19800	AT1G61810	22829921	22834728	4807
19801	AT1G53520	19976386	19978048	1662
19802	AT1G32150	11565494	11568645	3151
19803	AT1G62640	23192146	23195103	2957
19804	AT1G11180	3745774	3748557	2783
19805	AT1G59500	21854493	21856614	2121
19806	AT1G18710	6450585	6453263	2678
19807	AT1G48635	17983646	17986292	2646
19808	AT1G80590	30296166	30297224	1058
19809	AT1G64770	24057063	24059621	2558
19810	AT1G78900	29660088	29665078	4990
19811	AT1G12740	4342209	4344875	2666
19812	AT1G25054	8804489	8806361	1872
19813	AT1G67630	25344440	25348406	3966
19814	AT1G60985	22456749	22457326	577
19815	AT1G05460	1601148	1605034	3886
19816	AT1G47210	17300691	17302914	2223
19817	AT1G69690	26216009	26218071	2062
19818	AT1G10560	3484399	3486965	2566
19819	AT1G07640	2353031	2356413	3382
19820	AT1G47500	17432433	17435124	2691
19821	AT1G65740	24452096	24453211	1115
19822	AT1G14380	4918010	4921682	3672
19823	AT1G31770	11374760	11377885	3125
19824	AT1G67140	25100848	25117531	16683
19825	AT1G18370	6319450	6324378	4928
19826	AT1G21360	7481184	7483513	2329
19827	AT1G61120	22523635	22528836	5201
19828	AT1G73880	27784928	27786804	1876
19829	AT1G15360	5283268	5284736	1468
19830	AT1G53720	20056526	20059803	3277
19831	AT1G10360	3395551	3396953	1402
19832	AT1G22780	8067864	8069356	1492
19833	AT1G26560	9178212	9181967	3755
19834	AT1G15050	5181991	5183413	1422
19835	AT1G21860	7671028	7674215	3187
19836	AT1G53910	20134844	20137013	2169
19837	AT1G12520	4267074	4268982	1908
19838	AT1G68830	25872412	25875662	3250
19839	AT1G04690	1313443	1315823	2380
19840	AT1G13710	4702657	4704694	2037
19841	AT1G17770	6120741	6122822	2081
19842	AT1G16030	5501966	5504535	2569
19843	AT1G02560	537740	540127	2387
19844	AT1G53650	20028923	20031619	2696
19845	AT1G05820	1749478	1754036	4558
19846	AT1G10680	3538333	3543925	5592
19847	AT1G58210	21553537	21554778	1241
19848	AT1G33920	12319905	12320870	965
19849	AT1G29900	10467956	10472211	4255
19850	AT1G09810	3180926	3184224	3298
19851	AT1G06870	2108512	2110986	2474
19852	AT1G72630	27344181	27345585	1404
19853	AT1G64670	24030743	24033674	2931
19854	AT1G51660	19154323	19156338	2015
19855	AT1G08065	2511647	2513454	1807
19856	AT1G09780	3165370	3167924	2554
19857	AT1G21390	7489046	7490803	1757
19858	AT1G62390	23084293	23087141	2848
19859	AT1G50030	18522248	18539995	17747
19860	AT1G54170	20221029	20226055	5026
19861	AT1G76310	28627694	28630789	3095
19862	AT1G43850	16616988	16622049	5061
19863	AT1G48020	17716051	17716808	757
19864	AT1G69240	26027882	26030312	2430
19865	AT1G76130	28560629	28564159	3530
19866	AT1G27770	9671632	9676307	4675
19867	AT1G53990	20151016	20152752	1736
19868	AT1G66140	24619830	24622117	2287
19869	AT1G75030	28174187	28175456	1269
19870	AT1G58030	21464001	21468505	4504
19871	AT1G08970	2882491	2884342	1851
19872	AT1G79750	30007288	30011690	4402
19873	AT1G07770	2407411	2409791	2380
19874	AT1G75240	28241011	28242795	1784
19875	AT1G67440	25263757	25265861	2104
19876	AT1G10960	3664187	3665040	853
19877	AT1G69040	25957567	25960401	2834
19878	AT1G53700	20048434	20050294	1860
19879	AT1G05680	1703002	1704838	1836
19880	AT1G78670	29590904	29593544	2640
19881	AT1G51965	19311466	19314195	2729
19882	AT1G64970	24134085	24136109	2024
19883	AT1G01960	330588	337912	7324
19884	AT1G80460	30246683	30249337	2654
19885	AT1G57750	21383812	21385709	1897
19886	AT1G59640	21909070	21911289	2219
19887	AT1G19850	6886669	6891404	4735
19888	AT1G09350	3019639	3021443	1804
19889	AT1G75380	28281195	28284168	2973
19890	AT1G35515	13077890	13080265	2375
19891	AT1G67030	25016402	25017512	1110
19892	AT1G07090	2173952	2175038	1086
19893	AT1G18510	6373265	6374090	825
19894	AT1G72830	27405145	27408221	3076
19895	AT1G51700	19173880	19175228	1348
19896	AT1G02800	613197	616231	3034
19897	AT1G31885	11450315	11452068	1753
19898	AT1G29230	10214681	10216563	1882
19899	AT1G72470	27283628	27285973	2345
19900	AT1G49890	18470046	18473833	3787
19901	AT1G08600	2723677	2733613	9936
19902	AT1G31330	11214676	11216141	1465
19903	AT1G34460	12595110	12602379	7269
19904	AT1G11790	3981153	3985219	4066
19905	AT1G76500	28704963	28706691	1728
19906	AT1G23310	8268385	8272021	3636
19907	AT1G56160	21022384	21023587	1203
19908	AT1G79400	29864992	29867840	2848
19909	AT1G70895	26727555	26729374	1819
19910	AT1G75430	28307893	28309610	1717
19911	AT1G77440	29096020	29098494	2474
19912	AT1G46480	17236524	17238185	1661
19913	AT1G29170	10190137	10195213	5076
19914	AT1G25330	8880267	8882100	1833
19915	AT1G03000	687795	692660	4865
19916	AT1G27630	9611053	9614336	3283
19917	AT1G33720	12220858	12224108	3250
19918	AT1G48480	17918207	17921116	2909
19919	AT1G06970	2137871	2140975	3104
19920	AT1G61570	22718462	22719535	1073
19921	AT1G09090	2932739	2936586	3847
19922	AT1G69500	26123940	26126057	2117
19923	AT1G04130	1073274	1075568	2294
19924	AT1G78540	29540984	29544875	3891
19925	AT1G70610	26621899	26626508	4609
19926	AT1G21640	7588414	7592890	4476
19927	AT1G62800	23253703	23257546	3843
19928	AT1G08960	2879506	2882234	2728
19929	AT1G79860	30041989	30044297	2308
19930	AT1G10550	3479066	3481041	1975
19931	AT1G31860	11434060	11436607	2547
19932	AT1G73500	27639091	27640643	1552
19933	AT1G70140	26412500	26415258	2758
19934	AT1G53320	19890935	19893504	2569
19935	AT1G17220	5885007	5890500	5493
19936	AT1G74160	27885911	27891436	5525
19937	AT1G68725	25809298	25810130	832
19938	AT1G52880	19688708	19690589	1881
19939	AT1G23420	8317297	8319491	2194
19940	AT1G06110	1853059	1855378	2319
19941	AT1G70330	26502909	26504619	1710
19942	AT1G30450	10762708	10769616	6908
19943	AT1G62980	23331563	23333246	1683
19944	AT1G05420	1589973	1591012	1039
19945	AT1G76040	28537593	28540707	3114
19946	AT1G79840	30036956	30041440	4484
19947	AT1G04610	1279351	1281618	2267
19948	AT1G76160	28577842	28581315	3473
19949	AT1G49340	18252050	18264672	12622
19950	AT1G78100	29387672	29389222	1550
19951	AT1G01695	252626	254530	1904
19952	AT1G49710	18391273	18394030	2757
19953	AT1G24070	8516166	8519984	3818
19954	AT1G15380	5290582	5292582	2000
19955	AT1G72320	27228059	27233167	5108
19956	AT1G20260	7016599	7020690	4091
19957	AT1G64080	23784977	23786800	1823
19958	AT1G76950	28906441	28911584	5143
19959	AT1G71100	26814260	26815922	1662
19960	AT1G01610	221642	224351	2709
19961	AT1G17290	5922332	5926400	4068
19962	AT1G74030	27839159	27842132	2973
19963	AT1G66950	24978121	24984619	6498
19964	AT1G05690	1706736	1709360	2624
19965	AT1G07060	2166348	2168397	2049
19966	AT1G47890	17643976	17647107	3131
19967	AT1G08130	2542663	2547946	5283
19968	AT1G54760	20433912	20434397	485
19969	AT1G02900	653604	654457	853
19970	AT1G53165	19813790	19819564	5774
19971	AT1G63930	23727794	23729403	1609
19972	AT1G05890	1779256	1784675	5419
19973	AT1G62380	23082036	23084253	2217
19974	AT1G67830	25431549	25433091	1542
19975	AT1G73165	27508444	27509272	828
19976	AT1G68590	25757404	25758411	1007
19977	AT1G74045	27846012	27846840	828
19978	AT4G24390	12613076	12616238	3162
19979	AT1G13090	4461738	4463469	1731
19980	AT1G78270	29450563	29452417	1854
19981	AT1G75470	28330054	28331300	1246
19982	AT1G12780	4355926	4358894	2968
19983	AT1G47200	17297831	17298829	998
19984	AT1G04510	1226483	1230947	4464
19985	AT1G43790	16575759	16576541	782
19986	AT1G54060	20180610	20182374	1764
19987	AT1G71130	26822517	26823671	1154
19988	AT1G70410	26533824	26538437	4613
19989	AT1G68795	25840626	25841686	1060
19990	AT1G05065	1454606	1455322	716
19991	AT1G03190	775527	780062	4535
19992	AT1G54210	20241226	20242641	1415
19993	AT1G32100	11546160	11548016	1856
19994	AT1G35860	13332047	13334050	2003
19995	AT1G22620	7994166	8002989	8823
19996	AT1G75690	28421730	28423520	1790
19997	AT1G22880	8095449	8097790	2341
19998	AT1G55130	20569573	20572489	2916
19999	AT1G68640	25769576	25772650	3074
20000	AT1G51260	19003219	19005664	2445
20001	AT1G12750	4344943	4348390	3447
20002	AT1G65640	24410851	24413527	2676
20003	AT1G13450	4612731	4615353	2622
20004	AT1G17480	6006413	6008501	2088
20005	AT1G51880	19269817	19274168	4351
20006	AT1G34650	12692995	12697834	4839
20007	AT1G80160	30150897	30152614	1717
20008	AT1G30100	10571310	10573365	2055
20009	AT1G74210	27910314	27912941	2627
20010	AT1G49910	18478951	18481539	2588
20011	AT1G77240	29017958	29019789	1831
20012	AT1G32750	11846247	11856765	10518
20013	AT1G74690	28061159	28064771	3612
20014	AT1G31020	11057105	11059037	1932
20015	AT1G23380	8297241	8302651	5410
20016	AT1G16130	5525293	5528212	2919
20017	AT1G76090	28550202	28551836	1634
20018	AT1G63990	23742842	23745385	2543
20019	AT1G77870	29284963	29286340	1377
20020	AT1G44100	16764392	16767685	3293
20021	AT1G71990	27100210	27102292	2082
20022	AT1G21270	7444749	7448483	3734
20023	AT1G49300	18234679	18237543	2864
20024	AT1G43700	16484231	16486327	2096
20025	AT1G05570	1647575	1659611	12036
20026	AT1G09770	3161832	3165616	3784
20027	AT1G13580	4644521	4647142	2621
20028	AT1G55320	20633096	20636892	3796
20029	AT1G64040	23758241	23760663	2422
20030	AT1G06660	2037311	2040419	3108
20031	AT1G08070	2514150	2516620	2470
20032	AT1G79450	29887616	29890211	2595
20033	AT1G60530	22299797	22301167	1370
20034	AT1G48760	18035967	18039405	3438
20035	AT1G79790	30016671	30018234	1563
20036	AT1G17100	5844646	5845661	1015
20037	AT1G77950	29306824	29311194	4370
20038	AT1G80760	30350539	30352208	1669
20039	AT1G48130	17780429	17781727	1298
20040	AT1G67080	25045151	25047103	1952
20041	AT1G36000	13422554	13423028	474
20042	AT1G65960	24551807	24557730	5923
20043	AT1G44575	16870221	16873427	3206
20044	AT1G19610	6781483	6782216	733
20045	AT1G76080	28547786	28549586	1800
20046	AT1G02510	520498	521668	1170
20047	AT1G51460	19076838	19081451	4613
20048	AT1G74200	27906909	27909358	2449
20049	AT1G65450	24315722	24319092	3370
20050	AT1G58180	21537577	21540038	2461
20051	AT2G31081	13238021	13238628	607
20052	AT1G09540	3086101	3087914	1813
20053	AT1G28220	9860291	9861568	1277
20054	AT1G74650	28041146	28043022	1876
20055	AT1G13270	4544889	4547373	2484
20056	AT1G10070	3288087	3290471	2384
20057	AT1G11610	3906862	3909338	2476
20058	AT1G21750	7645610	7648855	3245
20059	AT1G65930	24538886	24542712	3826
20060	AT1G35530	13089816	13097286	7470
20061	AT1G79820	30022260	30027634	5374
20062	AT1G28290	9889101	9891015	1914
20063	AT1G62580	23173286	23176931	3645
20064	AT1G60625	22333916	22334161	245
20065	AT1G75680	28417052	28419635	2583
20066	AT1G68610	25763459	25764207	748
20067	AT1G66560	24833518	24834801	1283
20068	AT1G78490	29526861	29530669	3808
20069	AT1G77450	29099839	29101759	1920
20070	AT1G23550	8350728	8352791	2063
20071	AT1G35730	13227137	13229931	2794
20072	AT1G50710	18784509	18787802	3293
20073	AT1G09720	3144438	3147303	2865
20074	AT1G12420	4226239	4229211	2972
20075	AT1G65860	24498954	24502776	3822
20076	AT1G67980	25487682	25489312	1630
20077	AT1G67770	25407864	25410165	2301
20078	AT1G80650	30314493	30316002	1509
20079	AT1G35260	12936849	12937787	938
20080	AT1G15000	5168464	5170066	1602
20081	AT1G72360	27241696	27242968	1272
20082	AT1G22770	8061751	8067790	6039
20083	AT1G14410	4928921	4931080	2159
20084	AT1G25470	8944609	8946628	2019
20085	AT1G70490	26563718	26565865	2147
20086	AT1G28670	10074359	10076457	2098
20087	AT1G06225	1905918	1906298	380
20088	AT1G54580	20389347	20391147	1800
20089	AT1G02430	495050	496332	1282
20090	AT1G16060	5508311	5511736	3425
20091	AT1G53310	19883935	19888413	4478
20092	AT1G60810	22388527	22391237	2710
20093	AT1G10950	3659204	3664264	5060
20094	AT1G58330	21641091	21642041	950
20095	AT1G60440	22266416	22269258	2842
20096	AT1G47600	17491731	17494779	3048
20097	AT1G49810	18439945	18442237	2292
20098	AT1G16400	5605044	5607498	2454
20099	AT1G47620	17507893	17509731	1838
20100	AT1G61950	22899389	22902118	2729
20101	AT1G18590	6398531	6400029	1498
20102	AT1G57820	21413981	21418115	4134
20103	AT1G08570	2712694	2714833	2139
20104	AT1G79690	29985046	29990388	5342
20105	AT1G34355	12536310	12541938	5628
20106	AT1G33140	12023225	12024783	1558
20107	AT1G59600	21889639	21892056	2417
20108	AT1G74520	28007961	28009451	1490
20109	AT1G24470	8673914	8676408	2494
20110	AT1G14760	5084315	5085263	948
20111	AT1G19180	6621777	6623668	1891
20112	AT1G14110	4830297	4831915	1618
20113	AT1G65470	24319396	24324091	4695
20114	AT1G09450	3048966	3053163	4197
20115	AT1G51100	18934299	18935299	1000
20116	AT1G58250	21587060	21601740	14680
20117	AT1G50560	18724190	18726272	2082
20118	AT1G19800	6846338	6848128	1790
20119	AT1G53480	19963047	19964712	1665
20120	AT1G24150	8549191	8552086	2895
20121	AT1G59610	21893142	21901086	7944
20122	AT1G65390	24292372	24294740	2368
20123	AT1G71960	27082394	27088248	5854
20124	AT2G13680	5694381	5706442	12061
20125	AT2G43040	17895883	17899556	3673
20126	AT1G32350	11666886	11668690	1804
20127	AT1G17530	6027487	6029115	1628
20128	AT1G45233	17152896	17154843	1947
20129	AT1G17040	5824771	5828266	3495
20130	AT1G32330	11656964	11660471	3507
20131	AT1G01900	310169	313130	2961
20132	AT1G60987	22460365	22461164	799
20133	AT1G13150	4481875	4483751	1876
20134	AT2G47230	19386966	19390234	3268
20135	AT2G45650	18804190	18806586	2396
20136	AT1G66700	24873206	24874766	1560
20137	AT1G06130	1857757	1860938	3181
20138	AT1G71340	26885170	26888364	3194
20139	AT1G69930	26337481	26338818	1337
20140	AT1G24400	8651407	8653915	2508
20141	AT1G26360	9118822	9121227	2405
20142	AT1G49130	18174373	18176389	2016
20143	AT1G02065	365165	367443	2278
20144	AT1G08770	2808760	2809775	1015
20145	AT1G60780	22368953	22372223	3270
20146	AT1G73080	27484240	27488204	3964
20147	AT1G79040	29735952	29737009	1057
20148	AT1G03880	985751	988146	2395
20149	AT1G16340	5587722	5590761	3039
20150	AT2G23170	9863855	9866562	2707
20151	AT2G39180	16344151	16346769	2618
20152	AT1G17810	6130025	6131627	1602
20153	AT1G50610	18742027	18744805	2778
20154	AT1G08920	2867203	2870745	3542
20155	AT1G04020	1036493	1040262	3769
20156	AT1G35230	12917070	12917829	759
20157	AT1G70310	26485238	26487595	2357
20158	AT1G11600	3901950	3903895	1945
20159	AT1G27740	9654475	9656089	1614
20160	AT1G32770	11865229	11867154	1925
20161	AT1G60600	22324437	22327359	2922
20162	AT1G14660	5031943	5036610	4667
20163	AT1G01720	267993	269819	1826
20164	AT1G65670	24421835	24424069	2234
20165	AT2G28350	12113889	12116957	3068
20166	AT4G00630	261246	268097	6851
20167	AT1G30850	10985063	10986295	1232
20168	AT1G53570	19987117	19991214	4097
20169	AT1G70690	26651840	26653643	1803
20170	AT1G60390	22247472	22249721	2249
20171	AT1G29930	10477885	10479114	1229
20172	AT1G63180	23427405	23429652	2247
20173	AT1G22920	8109574	8112061	2487
20174	AT1G26210	9067039	9068207	1168
20175	AT1G49820	18442882	18445350	2468
20176	AT1G50420	18677694	18680300	2606
20177	AT1G05000	1425539	1428869	3330
20178	AT4G28680	14155064	14158869	3805
20179	AT1G60470	22278975	22280593	1618
20180	AT1G54390	20304515	20307110	2595
20181	AT1G55300	20627907	20629692	1785
20182	AT1G64860	24097736	24100970	3234
20183	AT1G79360	29853960	29855872	1912
20184	AT1G26120	9028376	9032327	3951
20185	AT1G11580	3888610	3890824	2214
20186	AT1G54690	20414316	20415287	971
20187	AT1G21450	7508701	7511801	3100
20188	AT1G80710	30333423	30335940	2517
20189	AT1G18400	6331398	6333856	2458
20190	AT1G60960	22445299	22447299	2000
20191	AT1G53470	19958380	19961827	3447
20192	AT1G28270	9882951	9884189	1238
20193	AT1G32130	11558755	11561920	3165
20194	AT1G07360	2260317	2262923	2606
20195	AT1G43620	16425412	16430287	4875
20196	AT1G10500	3460000	3461485	1485
20197	AT1G43170	16266553	16268945	2392
20198	AT1G08140	2551935	2555229	3294
20199	AT1G74740	28079946	28082671	2725
20200	AT1G63450	23531240	23534569	3329
20201	AT1G63680	23614340	23617912	3572
20202	AT1G72300	27217368	27221265	3897
20203	AT1G04050	1045598	1049864	4266
20204	AT1G03470	865895	867733	1838
20205	AT1G62040	22932760	22934549	1789
20206	AT1G13170	4488533	4492667	4134
20207	AT1G61140	22534663	22540933	6270
20208	AT1G35440	13035294	13036037	743
20209	AT4G01820	780646	785340	4694
20210	AT1G76930	28895301	28897120	1819
20211	AT1G58430	21711494	21713103	1609
20212	AT1G66170	24638685	24641494	2809
20213	AT1G20980	7324471	7329441	4970
20214	AT1G15220	5240029	5241541	1512
20215	AT1G27680	9631190	9634597	3407
20216	AT1G71380	26899765	26901976	2211
20217	AT1G64900	24113109	24114984	1875
20218	AT1G48470	17913711	17916101	2390
20219	AT1G75700	28423495	28425112	1617
20220	AT1G60980	22452573	22454140	1567
20221	AT1G07510	2304435	2312399	7964
20222	AT1G68480	25684314	25686195	1881
20223	AT1G70730	26668646	26673166	4520
20224	AT1G14290	4880030	4882265	2235
20225	AT1G01110	51953	54737	2784
20226	AT1G04170	1096882	1099901	3019
20227	AT1G11755	3969681	3971911	2230
20228	AT1G61800	22824414	22826902	2488
20229	AT1G19300	6671095	6672777	1682
20230	AT1G20700	7182558	7184056	1498
20231	AT1G27140	9427804	9428914	1110
20232	AT1G44110	16774765	16777352	2587
20233	AT1G50170	18581998	18583832	1834
20234	AT1G47560	17466535	17473421	6886
20235	AT1G11080	3694328	3698013	3685
20236	AT4G25000	12851795	12853845	2050
20237	AT1G56170	21024482	21025902	1420
20238	AT1G61720	22790966	22792803	1837
20239	AT1G68020	25496928	25500584	3656
20240	AT1G80480	30258005	30260732	2727
20241	AT1G05160	1487378	1491005	3627
20242	AT1G67990	25489455	25490867	1412
20243	AT1G43780	16563811	16567399	3588
20244	AT1G30010	10513151	10516385	3234
20245	AT1G52890	19696923	19698482	1559
20246	AT1G53750	20065394	20068500	3106
20247	AT1G80740	30342394	30347048	4654
20248	AT4G22270	11773221	11776039	2818
20249	AT4G26720	13470030	13472486	2456
20250	AT1G47760	17572414	17573373	959
20251	AT1G45130	17065111	17069269	4158
20252	AT1G75250	28244317	28245581	1264
20253	AT1G02680	580625	582310	1685
20254	AT1G19090	6589835	6592762	2927
20255	AT1G17050	5828915	5831383	2468
20256	AT1G54115	20201806	20204412	2606
20257	AT1G66670	24863734	24865848	2114
20258	AT1G11680	3938422	3940871	2449
20259	AT1G28300	9896867	9899876	3009
20260	AT1G55620	20787074	20791208	4134
20261	AT1G20000	6936898	6937666	768
20262	AT1G28320	9920219	9924488	4269
20263	AT1G10700	3554104	3556544	2440
20264	AT1G32340	11663008	11666120	3112
20265	AT1G60250	22217077	22217832	755
20266	AT1G16910	5785003	5785959	956
20267	AT1G02450	497917	498539	622
20268	AT1G04190	1106354	1108725	2371
20269	AT1G33060	11975307	11978622	3315
20270	AT1G64070	23779927	23783449	3522
20271	AT1G65290	24248727	24250436	1709
20272	AT1G72710	27372197	27376730	4533
20273	AT1G67265	25175558	25176230	672
20274	AT1G01380	147043	148014	971
20275	AT1G11890	4010757	4013104	2347
20276	AT1G04160	1086170	1096510	10340
20277	AT1G55970	20932451	20938352	5901
20278	AT1G24170	8557215	8559066	1851
20279	AT1G72310	27225665	27227545	1880
20280	AT1G05490	1618504	1623489	4985
20281	AT1G17720	6093185	6098443	5258
20282	AT1G27440	9528967	9531489	2522
20283	AT1G12090	4089664	4090857	1193
20284	AT1G58100	21512332	21514189	1857
20285	AT1G33980	12351566	12355173	3607
20286	AT1G79830	30027569	30033907	6338
20287	AT1G61870	22864951	22866666	1715
20288	AT1G75820	28463344	28466971	3627
20289	AT1G08490	2685659	2688658	2999
20290	AT1G69530	26141726	26143538	1812
20291	AT1G09430	3041996	3045541	3545
20292	AT1G78220	29425721	29427181	1460
20293	AT1G06820	2092946	2096784	3838
20294	AT1G56590	21201948	21204856	2908
20295	AT1G62262	23000157	23002096	1939
20296	AT1G65480	24331373	24333999	2626
20297	AT1G28170	9841269	9842435	1166
20298	AT1G12260	4162826	4165928	3102
20299	AT1G05230	1512896	1518900	6004
20300	AT1G51960	19310174	19311683	1509
20301	AT1G13210	4508906	4514010	5104
20302	AT1G01750	275188	276310	1122
20303	AT1G74890	28131447	28133025	1578
20304	AT1G33400	12104708	12109531	4823
20305	AT1G74930	28143851	28145058	1207
20306	AT1G15580	5365512	5366497	985
20307	AT1G12370	4206360	4208999	2639
20308	AT1G56550	21185592	21188369	2777
20309	AT1G21890	7682584	7685662	3078
20310	AT1G22760	8055325	8059060	3735
20311	AT1G31140	11117941	11119785	1844
20312	AT1G03600	898480	899794	1314
20313	AT1G61110	22516602	22518292	1690
20314	AT1G53280	19864726	19867389	2663
20315	AT1G66580	24839090	24840806	1716
20316	AT1G08430	2658602	2661310	2708
20317	AT1G77920	29298243	29300945	2702
20318	AT1G73010	27464528	27466348	1820
20319	AT1G72770	27389948	27393327	3379
20320	AT1G74970	28157386	28159317	1931
20321	AT1G55500	20719473	20722856	3383
20322	AT1G07260	2227594	2229357	1763
20323	AT1G54470	20344698	20348097	3399
20324	AT1G19080	6584241	6586517	2276
20325	AT1G10450	3431764	3438370	6606
20326	AT1G14360	4911093	4913167	2074
20327	AT1G16160	5535766	5538501	2735
20328	AT1G60090	22155559	22158272	2713
20329	AT1G12580	4282794	4285876	3082
20330	AT1G69320	26061774	26062536	762
20331	AT1G12220	4144257	4147939	3682
20332	AT1G30520	10810397	10813779	3382
20333	AT2G47520	19502776	19503702	926
20334	AT1G59510	21859503	21861257	1754
20335	AT1G72520	27308513	27312756	4243
20336	AT1G64030	23752789	23754348	1559
20337	AT1G64990	24139851	24146281	6430
20338	AT1G13080	4459002	4460996	1994
20339	AT1G80240	30171357	30173109	1752
20340	AT1G73177	27516572	27517882	1310
20341	AT1G25425	8922416	8923879	1463
20342	AT1G17190	5875295	5876620	1325
20343	AT1G74670	28053030	28054149	1119
20344	AT1G55190	20588397	20589199	802
20345	AT1G59830	22020377	22022503	2126
20346	AT1G74090	27862814	27864193	1379
20347	AT1G62200	22980934	22984422	3488
20348	AT1G14280	4877506	4879307	1801
20349	AT1G76560	28728206	28728976	770
20350	AT1G75840	28475649	28477802	2153
20351	AT1G19350	6688463	6691216	2753
20352	AT1G29300	10247707	10249704	1997
20353	AT1G76420	28671806	28674045	2239
20354	AT1G69600	26182156	26183546	1390
20355	AT1G54040	20170715	20173949	3234
20356	AT1G14400	4926486	4928812	2326
20357	AT1G62540	23151634	23155728	4094
20358	AT1G62960	23318187	23320427	2240
20359	AT1G17180	5872024	5873124	1100
20360	AT1G23090	8184925	8189234	4309
20361	AT1G17870	6149939	6152222	2283
20362	AT1G08640	2748361	2751620	3259
20363	AT1G58080	21504314	21507679	3365
20364	AT1G23360	8295078	8296941	1863
20365	AT1G29390	10286067	10288103	2036
20366	AT1G51940	19295820	19299169	3349
20367	AT1G79310	29833839	29835728	1889
20368	AT1G26600	9191503	9192590	1087
20369	AT1G19780	6833669	6836633	2964
20370	AT1G13420	4604688	4606067	1379
20371	AT1G59750	21979289	21984433	5144
20372	AT1G07390	2269622	2274901	5279
20373	AT1G55180	20585008	20587723	2715
20374	AT1G02230	434965	436922	1957
20375	AT1G13280	4547388	4548894	1506
20376	AT1G58190	21540584	21548119	7535
20377	AT1G09860	3204016	3205411	1395
20378	AT1G10830	3605512	3607580	2068
20379	AT1G64520	23956269	23958461	2192
20380	AT1G26340	9113864	9114977	1113
20381	AT1G56450	21141633	21144458	2825
20382	AT1G09570	3095160	3100819	5659
20383	AT1G26960	9355827	9357502	1675
20384	AT1G75080	28185504	28188075	2571
20385	AT1G52040	19350314	19352791	2477
20386	AT1G09970	3252098	3255782	3684
20387	AT2G19560	8465690	8469145	3455
20388	AT1G79330	29838551	29840317	1766
20389	AT1G23870	8432179	8435656	3477
20390	AT1G68150	25543949	25545791	1842
20391	AT1G50200	18591194	18598569	7375
20392	AT1G76060	28543100	28543850	750
20393	AT1G10470	3441988	3444360	2372
20394	AT1G17470	6002888	6006410	3522
20395	AT1G55810	20860507	20864287	3780
20396	AT1G03060	712440	727553	15113
20397	AT1G34130	12429846	12433236	3390
20398	AT1G03110	749246	751976	2730
20399	AT1G32870	11911631	11913947	2316
20400	AT1G23860	8427257	8429498	2241
20401	AT1G49660	18378634	18379901	1267
20402	AT1G14320	4888114	4889704	1590
20403	AT1G32560	11774484	11775442	958
20404	AT1G12710	4326739	4328616	1877
20405	AT1G55670	20802670	20803449	779
20406	AT1G66470	24795214	24797015	1801
20407	AT1G52280	19467815	19469586	1771
20408	AT1G52940	19716402	19723725	7323
20409	AT1G47250	17319119	17321202	2083
20410	AT1G68000	25490911	25493077	2166
20411	AT1G55150	20574474	20577351	2877
20412	AT1G24793	8767562	8769571	2009
20413	AT1G63780	23664830	23667372	2542
20414	AT1G08680	2762584	2768967	6383
20415	AT1G80310	30194618	30196554	1936
20416	AT1G66550	24828502	24829660	1158
20417	AT1G01560	202103	204440	2337
20418	AT1G77410	29088657	29093264	4607
20419	AT1G29962	10496730	10497287	557
20420	AT1G63020	23354685	23362589	7904
20421	AT1G68530	25712414	25715024	2610
20422	AT1G22450	7925121	7927345	2224
20423	AT1G03970	1018058	1019247	1189
20424	AT1G76730	28802753	28804858	2105
20425	AT1G34180	12448543	12451287	2744
20426	AT2G35500	14913937	14916668	2731
20427	AT2G02710	758693	761064	2371
20428	AT1G06160	1882907	1883992	1085
20429	AT1G14740	5075179	5077981	2802
20430	AT1G48930	18101643	18104768	3125
20431	AT1G04270	1141558	1143130	1572
20432	AT1G43190	16275108	16278742	3634
20433	AT1G03870	982381	983544	1163
20434	AT1G16710	5713794	5722614	8820
20435	AT1G32080	11537242	11539896	2654
20436	AT1G21100	7386762	7388512	1750
20437	AT1G73150	27503973	27506406	2433
20438	AT1G07010	2152798	2155269	2471
20439	AT1G20930	7292389	7294746	2357
20440	AT2G26020	11089123	11089805	682
20441	AT1G05530	1636249	1637914	1665
20442	AT1G61566	22717060	22717610	550
20443	AT1G70830	26709889	26711587	1698
20444	AT1G78320	29467412	29468394	982
20445	AT1G52920	19709275	19711081	1806
20446	AT2G46530	19104632	19108486	3854
20447	AT2G03120	937383	940551	3168
20448	AT2G38080	15934244	15937616	3372
20449	AT2G25630	10908360	10909880	1520
20450	AT2G29730	12703469	12705206	1737
20451	AT2G27960	11910569	11911802	1233
20452	AT2G18870	8167471	8168668	1197
20453	AT2G37550	15755078	15757601	2523
20454	AT2G15530	6772714	6777985	5271
20455	AT2G26900	11474752	11478142	3390
20456	AT2G42590	17731830	17733982	2152
20457	AT2G34680	14616601	14629207	12606
20458	AT2G38310	16049918	16051356	1438
20459	AT2G19580	8472134	8475153	3019
20460	AT2G38230	16011233	16012515	1282
20461	AT2G05180	1875390	1876794	1404
20462	AT2G23430	9976590	9978090	1500
20463	AT2G41220	17177539	17188836	11297
20464	AT2G19820	8553543	8554040	497
20465	AT2G16970	7369452	7375688	6236
20466	AT2G17980	7824166	7826623	2457
20467	AT2G43750	18129435	18132638	3203
20468	AT2G39330	16419483	16422158	2675
20469	AT4G13870	8023237	8025592	2355
20470	AT2G19690	8503217	8504924	1707
20471	AT2G18328	7964326	7964995	669
20472	AT2G15080	6533261	6537002	3741
20473	AT2G33130	14046388	14047063	675
20474	AT2G27920	11885571	11889176	3605
20475	AT2G37678	15801418	15802793	1375
20476	AT2G45240	18655760	18659111	3351
20477	AT2G05520	2025991	2027283	1292
20478	AT5G50800	20665068	20667312	2244
20479	AT2G41420	17266470	17268200	1730
20480	AT2G46225	18981911	18984292	2381
20481	AT2G34430	14524607	14525918	1311
20482	AT2G40210	16793213	16794328	1115
20483	AT2G45950	18904324	18908121	3797
20484	AT2G37260	15644811	15647076	2265
20485	AT2G02300	606182	607919	1737
20486	AT5G39510	15821293	15823840	2547
20487	AT5G39830	15942764	15945897	3133
20488	AT2G35635	14980891	14982500	1609
20489	AT2G28405	12153138	12154126	988
20490	AT2G18170	7907774	7910040	2266
20491	AT2G42010	17532813	17538628	5815
20492	AT2G38860	16232859	16235367	2508
20493	AT2G16130	7002172	7004235	2063
20494	AT2G26990	11519388	11522616	3228
20495	AT2G03840	1173092	1174176	1084
20496	AT2G37025	15549052	15552160	3108
20497	AT2G02820	803656	807895	4239
20498	AT2G31230	13306431	13307572	1141
20499	AT2G38290	16039430	16042521	3091
20500	AT2G38940	16257157	16260253	3096
20501	AT2G03530	1071453	1074016	2563
20502	AT5G52320	21244723	21246774	2051
20503	AT2G19330	8372861	8374453	1592
20504	AT2G24260	10319213	10322423	3210
20505	AT2G18350	7971017	7972396	1379
20506	AT2G26330	11208080	11214662	6582
20507	AT2G14120	5953940	5960263	6323
20508	AT2G28250	12042348	12046616	4268
20509	AT2G21910	9341431	9343220	1789
20510	AT2G40160	16777323	16779408	2085
20511	AT2G22470	9538127	9538963	836
20512	AT2G01940	432195	435100	2905
20513	AT2G47730	19556326	19559485	3159
20514	AT2G20300	8755852	8760298	4446
20515	AT5G56740	22952767	22955739	2972
20516	AT5G62600	25122803	25132716	9913
20517	AT2G02310	608586	610283	1697
20518	AT2G43400	18021109	18025292	4183
20519	AT2G24590	10449631	10451184	1553
20520	AT2G28420	12157613	12158807	1194
20521	AT2G28355	12119285	12120512	1227
20522	AT2G40900	17063098	17065813	2715
20523	AT2G39140	16330129	16333405	3276
20524	AT2G46440	19061688	19064937	3249
20525	AT2G05117	1838592	1839014	422
20526	AT2G40890	17058053	17060652	2599
20527	AT5G59420	23961567	23964874	3307
20528	AT5G07780	2479514	2482850	3336
20529	AT2G45130	18606410	18607853	1443
20530	AT2G34390	14514487	14515988	1501
20531	AT2G41520	17317467	17323056	5589
20532	AT2G38910	16244906	16247855	2949
20533	AT2G36060	15142653	15144221	1568
20534	AT2G32950	13977881	13983609	5728
20535	AT2G45310	18682081	18684042	1961
20536	AT2G12480	5069544	5072656	3112
20537	AT2G46860	19253670	19255328	1658
20538	AT5G55200	22394550	22396572	2022
20539	AT5G05860	1765390	1767510	2120
20540	AT2G37330	15669131	15670187	1056
20541	AT2G40750	17000419	17002528	2109
20542	AT2G22680	9645270	9647655	2385
20543	AT2G40330	16844588	16846194	1606
20544	AT2G17470	7584372	7588127	3755
20545	AT2G19990	8629857	8630688	831
20546	AT2G02540	683625	685496	1871
20547	AT5G08710	2834649	2838214	3565
20548	AT5G10490	3300192	3304784	4592
20549	AT2G05100	1822990	1824480	1490
20550	AT2G35720	15016656	15020111	3455
20551	AT2G03720	1132120	1133379	1259
20552	AT2G31980	13609093	13609955	862
20553	AT2G47810	19582658	19583618	960
20554	AT2G03170	961308	961771	463
20555	AT2G42440	17668701	17669836	1135
20556	AT2G45580	18782231	18784530	2299
20557	AT2G01830	362983	369707	6724
20558	AT2G02450	647538	650820	3282
20559	AT2G02790	787885	791289	3404
20560	AT5G19460	6562749	6565720	2971
20561	AT5G11920	3839316	3842409	3093
20562	AT2G34520	14547708	14548784	1076
20563	AT2G18080	7857139	7859983	2844
20564	AT2G20680	8920447	8923227	2780
20565	AT2G29080	12489627	12493329	3702
20566	AT2G46280	19003158	19005732	2574
20567	AT2G26640	11329719	11331858	2139
20568	AT2G14210	6018558	6023863	5305
20569	AT2G26530	11282663	11284272	1609
20570	AT2G41860	17467282	17470157	2875
20571	AT2G28520	12209800	12216077	6277
20572	AT2G39760	16583003	16586260	3257
20573	AT2G27145	11600169	11600764	595
20574	AT2G44440	18336400	18339275	2875
20575	AT2G29900	12749743	12751146	1403
20576	AT2G18915	8194512	8197483	2971
20577	AT2G30440	12972682	12975542	2860
20578	AT5G67280	26842114	26845294	3180
20579	AT5G02150	424291	426378	2087
20580	AT2G02930	851156	852321	1165
20581	AT2G13790	5741592	5746833	5241
20582	AT2G17480	7590295	7594195	3900
20583	AT2G17750	7709192	7711151	1959
20584	AT2G13800	5753103	5757353	4250
20585	AT2G27300	11680276	11681971	1695
20586	AT2G26320	11205389	11206287	898
20587	AT2G44110	18245357	18248459	3102
20588	AT2G36420	15286121	15289107	2986
20589	AT2G06200	2426176	2427355	1179
20590	AT2G33580	14219481	14222254	2773
20591	AT2G19490	8441520	8444233	2713
20592	AT2G35320	14866832	14868881	2049
20593	AT2G29890	12744116	12749596	5480
20594	AT5G22420	7429769	7432825	3056
20595	AT2G30870	13141290	13142676	1386
20596	AT2G47400	19446730	19447642	912
20597	AT2G24190	10283621	10285098	1477
20598	AT2G20750	8940833	8942706	1873
20599	AT2G01170	102156	104574	2418
20600	AT2G33270	14103515	14105524	2009
20601	AT5G22060	7303506	7305870	2364
20602	AT2G43820	18152078	18153908	1830
20603	AT2G22560	9585549	9589366	3817
20604	AT2G39800	16598072	16603319	5247
20605	AT2G43510	18066960	18067860	900
20606	AT2G43010	17886101	17889087	2986
20607	AT2G28760	12336045	12339217	3172
20608	AT2G27970	11912151	11913425	1274
20609	AT2G36400	15270088	15273115	3027
20610	AT2G35270	14856664	14858134	1470
20611	AT5G22940	7676662	7679200	2538
20612	AT5G39340	15748731	15750891	2160
20613	AT2G46330	19018264	19019364	1100
20614	AT2G02140	544647	545564	917
20615	AT2G30130	12868461	12870045	1584
20616	AT2G13650	5687316	5690795	3479
20617	AT2G27035	11535518	11536485	967
20618	AT2G38760	16200944	16202669	1725
20619	AT2G24630	10471196	10474610	3414
20620	AT2G35610	14947343	14951372	4029
20621	AT5G07320	2309863	2312346	2483
20622	AT5G53520	21743366	21746061	2695
20623	AT2G47910	19614564	19615769	1205
20624	AT2G23640	10057542	10059108	1566
20625	AT2G04350	1515634	1519308	3674
20626	AT2G38360	16069386	16070664	1278
20627	AT2G28305	12081023	12084678	3655
20628	AT2G04660	1624630	1629259	4629
20629	AT2G39700	16543832	16545746	1914
20630	AT2G04425	1536975	1537504	529
20631	AT2G22410	9509016	9511231	2215
20632	AT2G34630	14578444	14581856	3412
20633	AT2G03590	1094702	1096976	2274
20634	AT2G32680	13859769	13862614	2845
20635	AT2G19900	8591808	8595559	3751
20636	AT2G14580	6225351	6226227	876
20637	AT2G18050	7845923	7847031	1108
20638	AT2G05940	2287238	2289636	2398
20639	AT2G45400	18703772	18706401	2629
20640	AT2G03760	1149295	1150663	1368
20641	AT2G22170	9426796	9428170	1374
20642	AT2G26480	11263889	11265855	1966
20643	AT2G01470	211913	214473	2560
20644	AT2G19800	8530865	8533779	2914
20645	AT2G34960	14743997	14746124	2127
20646	AT2G35240	14844896	14846359	1463
20647	AT2G28070	11955873	11959994	4121
20648	AT2G02580	701932	703798	1866
20649	AT2G25820	11014789	11015838	1049
20650	AT2G28740	12329345	12330059	714
20651	AT2G28560	12235875	12239146	3271
20652	AT2G21140	9060561	9062093	1532
20653	AT2G47130	19349348	19350650	1302
20654	AT2G45830	18865923	18868542	2619
20655	AT2G19070	8260038	8261985	1947
20656	AT2G36890	15485619	15487451	1832
20657	AT2G33740	14269461	14271723	2262
20658	AT2G14750	6313883	6316047	2164
20659	AT2G32540	13814543	13818410	3867
20660	AT2G35960	15106940	15108086	1146
20661	AT2G46720	19197330	19200442	3112
20662	AT2G35670	14992565	14996756	4191
20663	AT2G45470	18742477	18744322	1845
20664	AT2G14540	6197663	6199406	1743
20665	AT2G27510	11757955	11759588	1633
20666	AT2G02180	560695	563367	2672
20667	AT2G39570	16507882	16510264	2382
20668	AT2G04030	1281754	1286144	4390
20669	AT2G45110	18599498	18601339	1841
20670	AT2G39050	16303295	16305633	2338
20671	AT2G39770	16588556	16591032	2476
20672	AT2G29690	12693734	12697091	3357
20673	AT2G24180	10281718	10283735	2017
20674	AT2G13100	5389594	5392151	2557
20675	AT2G44745	18447203	18449093	1890
20676	AT2G22480	9545283	9548640	3357
20677	AT2G20850	8975313	8979437	4124
20678	AT2G22800	9704632	9706217	1585
20679	AT2G02120	538250	539123	873
20680	AT2G37770	15834766	15837001	2235
20681	AT2G40340	16848160	16850494	2334
20682	AT2G03620	1100325	1103495	3170
20683	AT2G47220	19383743	19386954	3211
20684	AT2G24050	10225225	10228698	3473
20685	AT2G42380	17646857	17649062	2205
20686	AT2G39030	16298110	16299205	1095
20687	AT2G30920	13157089	13160886	3797
20688	AT2G34790	14673840	14677398	3558
20689	AT2G26670	11341548	11343693	2145
20690	AT2G34770	14665667	14668250	2583
20691	AT2G28610	12262013	12263595	1582
20692	AT2G43790	18138246	18140988	2742
20693	AT5G26910	9465849	9470403	4554
20694	AT5G06960	2154746	2157719	2973
20695	AT5G62190	24980268	24984044	3776
20696	AT2G44080	18236789	18238173	1384
20697	AT2G29720	12700401	12702443	2042
20698	AT2G28260	12049443	12052643	3200
20699	AT2G29640	12671206	12673334	2128
20700	AT2G03340	1014350	1017222	2872
20701	AT2G19640	8491192	8492920	1728
20702	AT2G01340	163954	165290	1336
20703	AT2G47040	19327853	19330197	2344
20704	AT2G30770	13109909	13111988	2079
20705	AT2G28630	12274468	12277417	2949
20706	AT2G01950	440624	444324	3700
20707	AT2G18300	7952404	7954785	2381
20708	AT2G38020	15909908	15914711	4803
20709	AT2G40880	17057388	17058122	734
20710	AT2G29125	12523276	12524193	917
20711	AT2G45980	18917272	18919198	1926
20712	AT2G20130	8690293	8692490	2197
20713	AT2G31680	13473594	13475085	1491
20714	AT2G03670	1117485	1120458	2973
20715	AT2G45450	18733275	18734341	1066
20716	AT2G20770	8945243	8947310	2067
20717	AT2G21050	9034056	9036636	2580
20718	AT2G44560	18391753	18393729	1976
20719	AT2G31300	13345977	13350004	4027
20720	AT2G36190	15174624	15178086	3462
20721	AT2G13560	5649928	5655320	5392
20722	AT2G47620	19531939	19534471	2532
20723	AT2G19590	8475276	8477733	2457
20724	AT2G25940	11063301	11066184	2883
20725	AT2G27170	11609073	11617496	8423
20726	AT2G32930	13965714	13968957	3243
20727	AT2G23240	9895680	9896347	667
20728	AT2G03880	1181512	1183703	2191
20729	AT2G15230	6612480	6615457	2977
20730	AT2G26660	11338752	11340950	2198
20731	AT2G37790	15838692	15840945	2253
20732	AT2G29120	12511246	12515947	4701
20733	AT2G17220	7487646	7490199	2553
20734	AT2G45760	18846944	18847835	891
20735	AT2G17820	7742870	7748502	5632
20736	AT2G16070	6983846	6985620	1774
20737	AT2G31910	13570107	13574632	4525
20738	AT2G30750	13099486	13101371	1885
20739	AT2G37010	15541389	15546285	4896
20740	AT2G12550	5114804	5118753	3949
20741	AT2G26820	11437689	11442379	4690
20742	AT2G21490	9205990	9207125	1135
20743	AT4G10115	6311969	6312588	619
20744	AT2G45960	18910081	18911982	1901
20745	AT2G46410	19049021	19050369	1348
20746	AT2G25160	10708993	10711281	2288
20747	AT2G19830	8557646	8559808	2162
20748	AT2G01290	148919	150585	1666
20749	AT2G27150	11601727	11608450	6723
20750	AT2G47260	19404802	19407098	2296
20751	AT2G17640	7668078	7670495	2417
20752	AT2G41700	17382890	17396301	13411
20753	AT2G18130	7879308	7883935	4627
20754	AT2G24450	10392787	10393976	1189
20755	AT2G35060	14775041	14779106	4065
20756	AT2G34925	14733975	14734714	739
20757	AT2G33100	14036319	14040544	4225
20758	AT2G20530	8841972	8844022	2050
20759	AT2G41720	17403603	17407325	3722
20760	AT2G33880	14341355	14343796	2441
20761	AT2G35780	15037579	15040298	2719
20762	AT2G31020	13201350	13204948	3598
20763	AT2G01570	255247	257568	2321
20764	AT2G26590	11310957	11315524	4567
20765	AT2G36740	15406622	15409912	3290
20766	AT2G38130	15978377	15980763	2386
20767	AT2G07340	3045523	3046904	1381
20768	AT2G38195	16002263	16006654	4391
20769	AT2G35020	14756511	14760709	4198
20770	AT2G43060	17909007	17910210	1203
20771	AT2G16770	7279366	7281499	2133
20772	AT2G28550	12225656	12228624	2968
20773	AT2G18880	8172189	8178995	6806
20774	AT2G16430	7120372	7123079	2707
20775	AT4G24000	12461907	12465675	3768
20776	AT4G29273	14425441	14425857	416
20777	AT2G41180	17165191	17166110	919
20778	AT2G27120	11581214	11594397	13183
20779	AT2G17690	7682162	7684083	1921
20780	AT2G16400	7101269	7103928	2659
20781	AT2G38060	15922518	15925895	3377
20782	AT2G17800	7739787	7742280	2493
20783	AT2G37430	15706285	15707224	939
20784	AT2G33700	14253212	14256003	2791
20785	AT2G20840	8971696	8974555	2859
20786	AT2G16060	6982531	6983777	1246
20787	AT2G44620	18414201	18415335	1134
20788	AT2G30170	12879663	12881587	1924
20789	AT2G14050	5909100	5914374	5274
20790	AT2G38140	15980848	15981612	764
20791	AT2G37760	15831656	15833921	2265
20792	AT2G47770	19568464	19569507	1043
20793	AT2G07050	2924360	2930751	6391
20794	AT2G02220	583797	587401	3604
20795	AT2G14820	6358256	6361528	3272
20796	AT2G46980	19299492	19304271	4779
20797	AT2G20140	8692567	8695111	2544
20798	AT2G02340	616088	617322	1234
20799	AT2G43080	17915448	17918826	3378
20800	AT2G46505	19089486	19090776	1290
20801	AT2G32890	13952716	13954115	1399
20802	AT2G23130	9844134	9845385	1251
20803	AT2G34880	14711880	14716634	4754
20804	AT2G22310	9476578	9478959	2381
20805	AT2G32300	13722362	13723641	1279
20806	AT2G38530	16128176	16129399	1223
20807	AT2G31082	13241345	13241856	511
20808	AT2G20430	8808414	8810200	1786
20809	AT2G26310	11201303	11204170	2867
20810	AT2G03830	1171136	1172427	1291
20811	AT2G05840	2234019	2236470	2451
20812	AT2G04630	1618791	1620379	1588
20813	AT2G36750	15410376	15412064	1688
20814	AT2G32440	13774588	13778026	3438
20815	AT2G17770	7722825	7724323	1498
20816	AT2G39010	16291280	16294101	2821
20817	AT2G17310	7531194	7532412	1218
20818	AT2G01140	94727	96863	2136
20819	AT2G19950	8615971	8621774	5803
20820	AT2G43360	18010676	18013252	2576
20821	AT2G44520	18379527	18381959	2432
20822	AT2G01620	278124	279296	1172
20823	AT2G46070	18945937	18948067	2130
20824	AT2G21890	9331058	9332646	1588
20825	AT2G34870	14710754	14711470	716
20826	AT2G16740	7267722	7269055	1333
20827	AT2G14560	6213617	6215932	2315
20828	AT2G30010	12805667	12809386	3719
20829	AT2G44810	18478374	18480457	2083
20830	AT2G02010	474108	476997	2889
20831	AT2G39460	16474149	16476141	1992
20832	AT2G29400	12613014	12615414	2400
20833	AT2G23096	9834766	9836309	1543
20834	AT2G45350	18694816	18696691	1875
20835	AT2G24540	10426342	10427683	1341
20836	AT2G37410	15697810	15699354	1544
20837	AT2G43100	17920647	17921844	1197
20838	AT2G38120	15972876	15977180	4304
20839	AT2G36840	15451520	15453819	2299
20840	AT2G24740	10529690	10531957	2267
20841	AT2G32410	13757593	13761152	3559
20842	AT2G39435	16464414	16467033	2619
20843	AT2G17380	7552992	7555163	2171
20844	AT2G26430	11243128	11246058	2930
20845	AT2G29050	12477966	12480374	2408
20846	AT2G39730	16570746	16573692	2946
20847	AT2G02990	873506	874886	1380
20848	AT2G10535	4082851	4083168	317
20849	AT2G36900	15490560	15492822	2262
20850	AT2G30370	12940349	12942829	2480
20851	AT2G28470	12168840	12173991	5151
20852	AT2G33040	14018610	14021185	2575
20853	AT2G32860	13940187	13943883	3696
20854	AT2G32720	13875812	13878710	2898
20855	AT2G37170	15613368	15615022	1654
20856	AT2G39340	16423541	16430108	6567
20857	AT2G29570	12649906	12651753	1847
20858	AT2G40380	16864446	16865587	1141
20859	AT2G46710	19191247	19195093	3846
20860	AT2G46110	18954570	18956582	2012
20861	AT2G46660	19153328	19155579	2251
20862	AT2G39720	16566586	16568960	2374
20863	AT2G01280	145676	149394	3718
20864	AT2G14670	6274606	6276317	1711
20865	AT2G18990	8238495	8240018	1523
20866	AT2G20660	8909467	8909772	305
20867	AT2G46820	19243348	19245141	1793
20868	AT2G23420	9971603	9975207	3604
20869	AT2G47420	19457374	19458924	1550
20870	AT2G02080	518079	521737	3658
20871	AT2G26080	11109003	11114291	5288
20872	AT2G23410	9966127	9967788	1661
20873	AT2G39090	16312657	16317390	4733
20874	AT2G45280	18670009	18672469	2460
20875	AT2G35620	14960851	14965497	4646
20876	AT2G23670	10063155	10063863	708
20877	AT2G15400	6712895	6714609	1714
20878	AT4G26500	13381714	13383641	1927
20879	AT4G36380	17187528	17192507	4979
20880	AT2G41240	17198037	17199454	1417
20881	AT2G29700	12697226	12698291	1065
20882	AT2G43330	18000822	18004195	3373
20883	AT2G20208	8720790	8721423	633
20884	AT2G21060	9036766	9037782	1016
20885	AT2G44610	18411424	18414153	2729
20886	AT2G23470	9998982	10001509	2527
20887	AT2G26770	11403979	11408421	4442
20888	AT2G20900	8989275	8993275	4000
20889	AT2G25000	10629662	10631413	1751
20890	AT2G41210	17173374	17176866	3492
20891	AT5G20980	7122800	7128412	5612
20892	AT5G04370	1231609	1234147	2538
20893	AT2G01735	324365	326094	1729
20894	AT2G42570	17717332	17720366	3034
20895	AT2G45200	18637335	18640039	2704
20896	AT2G34440	14526671	14527734	1063
20897	AT2G39380	16447006	16449083	2077
20898	AT2G37640	15787523	15790139	2616
20899	AT2G46570	19126272	19129069	2797
20900	AT2G40000	16700490	16702336	1846
20901	AT2G01905	410321	416000	5679
20902	AT2G47270	19411430	19412328	898
20903	AT2G37740	15827416	15828784	1368
20904	AT2G46430	19057999	19061492	3493
20905	AT2G23010	9798757	9802676	3919
20906	AT2G28850	12383480	12385051	1571
20907	AT2G33330	14122806	14125526	2720
20908	AT2G47980	19631207	19636978	5771
20909	AT2G01180	106621	108829	2208
20910	AT2G41460	17285470	17289023	3553
20911	AT2G33770	14277558	14283113	5555
20912	AT2G18470	8005003	8008681	3678
20913	AT2G03890	1185458	1188681	3223
20914	AT2G42500	17697626	17701417	3791
20915	AT2G26170	11140809	11143360	2551
20916	AT2G19810	8550253	8551979	1726
20917	AT2G47650	19538609	19541585	2976
20918	AT2G29950	12767585	12768437	852
20919	AT2G24210	10294286	10297597	3311
20920	AT5G21326	7217244	7222021	4777
20921	AT2G47990	19636867	19638678	1811
20922	AT2G19510	8453200	8453713	513
20923	AT2G32670	13857877	13859774	1897
20924	AT2G32180	13672250	13673256	1006
20925	AT2G27600	11780896	11783992	3096
20926	AT2G44050	18224213	18226233	2020
20927	AT5G14950	4837071	4842067	4996
20928	AT5G63970	25606771	25609306	2535
20929	AT5G20320	6859212	6869307	10095
20930	AT2G42210	17590069	17591860	1791
20931	AT2G45640	18799528	18801471	1943
20932	AT2G39660	16531527	16533986	2459
20933	AT2G26870	11456926	11459481	2555
20934	AT2G36880	15479281	15481412	2131
20935	AT2G35690	14999726	15003073	3347
20936	AT2G02280	600491	601439	948
20937	AT2G35890	15066614	15069359	2745
20938	AT2G27250	11664978	11665797	819
20939	AT2G37630	15781232	15783480	2248
20940	AT2G38460	16103164	16106208	3044
20941	AT2G36000	15117015	15119043	2028
20942	AT2G17420	7564240	7566601	2361
20943	AT2G20700	8924894	8925804	910
20944	AT5G62165	24964646	24968607	3961
20945	AT2G02250	594484	595869	1385
20946	AT2G35650	14985470	14988362	2892
20947	AT2G37180	15617635	15619155	1520
20948	AT2G36760	15412967	15414594	1627
20949	AT2G32460	13782107	13784483	2376
20950	AT2G29410	12616378	12617987	1609
20951	AT5G10550	3332995	3334913	1918
20952	AT5G06170	1869791	1871719	1928
20953	AT2G36790	15420173	15421866	1693
20954	AT2G33570	14216771	14219252	2481
20955	AT2G15620	6810395	6812941	2546
20956	AT2G25850	11025345	11030808	5463
20957	AT2G39930	16665851	16672494	6643
20958	AT2G34710	14639323	14644355	5032
20959	AT2G18500	8026957	8028273	1316
20960	AT2G32370	13740878	13746286	5408
20961	AT2G13540	5636884	5643066	6182
20962	AT2G36390	15264211	15270092	5881
20963	AT2G21470	9198569	9202487	3918
20964	AT2G24710	10516780	10520684	3904
20965	AT2G37090	15587394	15589369	1975
20966	AT2G25600	10894253	10898672	4419
20967	AT2G27370	11708429	11710128	1699
20968	AT2G06005	2332317	2336257	3940
20969	AT2G27880	11871378	11876989	5611
20970	AT5G23660	7971647	7973995	2348
20971	AT2G46990	19307714	19309071	1357
20972	AT2G15370	6697918	6699836	1918
20973	AT2G06010	2336702	2338902	2200
20974	AT2G46130	18957212	18957925	713
20975	AT2G33460	14174144	14175965	1821
20976	AT2G25680	10933005	10934604	1599
20977	AT2G37210	15623928	15627032	3104
20978	AT2G40410	16873345	16875692	2347
20979	AT2G18960	8221514	8227622	6108
20980	AT2G19760	8516658	8518194	1536
20981	AT2G24200	10286806	10289685	2879
20982	AT2G44590	18403682	18407103	3421
20983	AT2G25080	10667898	10670127	2229
20984	AT2G34490	14535506	14537556	2050
20985	AT2G36610	15349211	15350290	1079
20986	AT2G37080	15581386	15585302	3916
20987	AT2G02090	523223	527068	3845
20988	AT2G33210	14074767	14078772	4005
20989	AT2G24940	10609417	10609900	483
20990	AT2G24520	10414963	10420029	5066
20991	AT2G01880	391421	394184	2763
20992	AT2G36870	15472607	15474828	2221
20993	AT2G32590	13829290	13833342	4052
20994	AT2G22250	9457786	9460919	3133
20995	AT2G20160	8699511	8700186	675
20996	AT2G31510	13416551	13421571	5020
20997	AT2G31470	13407380	13408720	1340
20998	AT2G16120	6996727	6998441	1714
20999	AT2G32010	13624751	13629255	4504
21000	AT2G29490	12631341	12632538	1197
21001	AT2G42530	17708593	17710433	1840
21002	AT2G13820	5774089	5776342	2253
21003	AT2G23050	9810525	9812662	2137
21004	AT2G46090	18950802	18953275	2473
21005	AT2G06510	2584984	2587686	2702
21006	AT2G40850	17051085	17053754	2669
21007	AT2G30140	12871984	12873866	1882
21008	AT2G36800	15423172	15425129	1957
21009	AT2G35340	14872265	14879739	7474
21010	AT2G20310	8761180	8763372	2192
21011	AT2G13810	5768417	5772266	3849
21012	AT2G42410	17657824	17658976	1152
21013	AT2G24270	10326918	10330048	3130
21014	AT2G13370	5544054	5556560	12506
21015	AT2G34180	14430761	14432482	1721
21016	AT2G47160	19357420	19361328	3908
21017	AT2G42840	17826071	17827648	1577
21018	AT2G46240	18986133	18990220	4087
21019	AT2G45190	18628252	18630779	2527
21020	AT2G38750	16196265	16198832	2567
21021	AT2G46880	19264573	19266456	1883
21022	AT2G37570	15761295	15763451	2156
21023	AT2G28180	12010994	12013739	2745
21024	AT2G27470	11744981	11746455	1474
21025	AT2G43070	17910523	17915009	4486
21026	AT2G31450	13401132	13404222	3090
21027	AT2G17180	7476662	7477683	1021
21028	AT2G04560	1590182	1592703	2521
21029	AT2G33480	14180978	14182439	1461
21030	AT2G03800	1156593	1159138	2545
21031	AT2G26890	11462067	11474371	12304
21032	AT2G42880	17840168	17844380	4212
21033	AT2G30290	12912519	12915915	3396
21034	AT2G34900	14723013	14725684	2671
21035	AT2G34830	14693696	14696803	3107
21036	AT2G01750	328025	332872	4847
21037	AT2G31830	13532483	13537800	5317
21038	AT2G01850	385171	387478	2307
21039	AT2G46740	19205157	19207608	2451
21040	AT2G17260	7504748	7508394	3646
21041	AT2G45680	18820242	18821889	1647
21042	AT2G34555	14556988	14558857	1869
21043	AT2G42600	17734302	17739167	4865
21044	AT2G41740	17410672	17417820	7148
21045	AT2G17390	7555586	7558064	2478
21046	AT2G03680	1120787	1122055	1268
21047	AT2G07690	3522984	3527500	4516
21048	AT2G48110	19673293	19679711	6418
21049	AT2G38960	16265286	16268334	3048
21050	AT2G20585	8865016	8866791	1775
21051	AT2G42580	17728479	17731836	3357
21052	AT2G43570	18076166	18077517	1351
21053	AT2G03870	1179971	1181512	1541
21054	AT2G18390	7988165	7989525	1360
21055	AT2G47580	19517187	19518913	1726
21056	AT2G22450	9530365	9533066	2701
21057	AT2G26580	11303455	11307010	3555
21058	AT2G23220	9884550	9886752	2202
21059	AT2G35190	14830626	14833417	2791
21060	AT2G22010	9363109	9369461	6352
21061	AT2G36985	15534739	15535304	565
21062	AT2G41850	17461655	17464242	2587
21063	AT2G41100	17137037	17139700	2663
21064	AT2G31750	13497118	13500228	3110
21065	AT2G41490	17301572	17304211	2639
21066	AT2G20860	8979554	8981923	2369
21067	AT2G42620	17756069	17758468	2399
21068	AT2G41680	17376155	17379059	2904
21069	AT2G19020	8246160	8246510	350
21070	AT2G23560	10029060	10030443	1383
21071	AT2G01918	424060	425810	1750
21072	AT2G40080	16734294	16734953	659
21073	AT2G32530	13809019	13813572	4553
21074	AT2G46340	19022154	19027528	5374
21075	AT2G23610	10044179	10046982	2803
21076	AT2G29450	12624403	12625790	1387
21077	AT2G47060	19332825	19335163	2338
21078	AT2G21240	9101277	9103141	1864
21079	AT2G02500	670461	673327	2866
21080	AT2G35770	15034037	15036556	2519
21081	AT2G02390	628730	631165	2435
21082	AT2G20810	8957793	8959780	1987
21083	AT2G14365	6088292	6088813	521
21084	AT2G41110	17140183	17141431	1248
21085	AT2G38470	16108235	16110766	2531
21086	AT2G47930	19616975	19617681	706
21087	AT2G25470	10838294	10842016	3722
21088	AT2G27860	11864277	11866998	2721
21089	AT2G02810	801527	803521	1994
21090	AT2G36660	15361321	15364398	3077
21091	AT2G05900	2256970	2257908	938
21092	AT2G31530	13427011	13430632	3621
21093	AT2G36460	15296613	15298754	2141
21094	AT2G31180	13286681	13288380	1699
21095	AT2G43290	17991052	17992047	995
21096	AT2G39970	16683832	16686815	2983
21097	AT2G21170	9070734	9074470	3736
21098	AT5G45550	18462107	18465097	2990
21099	AT5G16270	5316197	5322700	6503
21100	AT2G39060	16306491	16308362	1871
21101	AT2G38770	16202942	16210428	7486
21102	AT2G46610	19136566	19138762	2196
21103	AT2G20340	8779667	8782789	3122
21104	AT2G01730	320433	323963	3530
21105	AT2G35110	14795715	14803971	8256
21106	AT2G44150	18258569	18261542	2973
21107	AT2G40670	16969673	16972113	2440
21108	AT2G18700	8108898	8112010	3112
21109	AT2G38560	16134543	16136695	2152
21110	AT2G20180	8704024	8707009	2985
21111	AT2G29980	12781524	12785190	3666
21112	AT2G46310	19011462	19013018	1556
21113	AT2G32960	13987669	13990994	3325
21114	AT2G03710	1129229	1131838	2609
21115	AT2G23260	9899927	9901439	1512
21116	AT2G25180	10724301	10727272	2971
21117	AT2G24100	10244745	10246994	2249
21118	AT2G29750	12709721	12711725	2004
21119	AT2G33110	14041014	14043389	2375
21120	AT2G41690	17381647	17382851	1204
21121	AT2G02147	546596	547156	560
21122	AT2G17090	7434919	7437314	2395
21123	AT2G39220	16374881	16377168	2287
21124	AT2G22920	9753631	9757600	3969
21125	AT2G29440	12619630	12621231	1601
21126	AT2G45440	18730840	18733119	2279
21127	AT2G27070	11556392	11560215	3823
21128	AT2G42540	17710441	17712330	1889
21129	AT2G34720	14649706	14651709	2003
21130	AT5G47990	19434758	19436749	1991
21131	AT2G39120	16321721	16322957	1236
21132	AT2G21790	9293261	9297861	4600
21133	AT2G02950	854077	856725	2648
21134	AT2G41280	17209697	17210423	726
21135	AT2G04780	1676717	1678455	1738
21136	AT2G31070	13220478	13222642	2164
21137	AT2G33290	14108529	14112464	3935
21138	AT2G33240	14086584	14097285	10701
21139	AT2G32765	13894771	13895700	929
21140	AT2G42120	17563133	17566237	3104
21141	AT2G19670	8499000	8501294	2294
21142	AT2G39190	16349968	16356097	6129
21143	AT2G25660	10915307	10927702	12395
21144	AT2G14282	6049928	6050428	500
21145	AT2G22125	9406059	9414578	8519
21146	AT2G02240	592160	593724	1564
21147	AT2G44690	18429121	18430882	1761
21148	AT2G32690	13863635	13864710	1075
21149	AT2G19770	8519485	8521275	1790
21150	AT2G48150	19687831	19689229	1398
21151	AT2G45150	18613305	18615770	2465
21152	AT2G30420	12960847	12962162	1315
21153	AT2G39550	16501571	16504379	2808
21154	AT2G28890	12405391	12408239	2848
21155	AT2G34470	14530735	14532505	1770
21156	AT2G40830	17042623	17044915	2292
21157	AT2G22140	9414557	9418711	4154
21158	AT2G24850	10582074	10585216	3142
21159	AT2G31320	13353748	13359750	6002
21160	AT2G18730	8118736	8121947	3211
21161	AT2G24120	10248851	10254641	5790
21162	AT2G27020	11528230	11531178	2948
21163	AT2G42870	17836416	17837618	1202
21164	ATCG00330	36938	37240	302
21165	AT2G39470	16476198	16477843	1645
21166	AT2G41530	17323367	17325732	2365
21167	AT2G23150	9856149	9858778	2629
21168	AT2G19450	8426117	8429853	3736
21169	AT2G18280	7945998	7948468	2470
21170	AT2G46680	19165274	19166967	1693
21171	AT2G29960	12767610	12770668	3058
21172	AT2G29740	12706627	12708367	1740
21173	AT2G17620	7664055	7666522	2467
21174	AT2G37710	15814531	15817088	2557
21175	AT2G45000	18564017	18567892	3875
21176	AT2G31570	13437974	13439923	1949
21177	AT2G20260	8736734	8737767	1033
21178	AT2G41560	17332050	17337492	5442
21179	AT2G01520	235925	237253	1328
21180	AT2G41230	17194748	17195697	949
21181	AT2G46750	19207991	19211021	3030
21182	AT2G36120	15165213	15166536	1323
21183	AT2G28500	12186274	12188293	2019
21184	AT2G15660	6824242	6825576	1334
21185	AT2G22850	9731279	9733612	2333
21186	AT2G44350	18316278	18320789	4511
21187	AT2G36620	15350268	15352013	1745
21188	AT2G46020	18922533	18932055	9522
21189	AT2G01660	290573	292688	2115
21190	AT2G04040	1334270	1336550	2280
21191	AT2G30590	13033418	13035797	2379
21192	AT2G38050	15921136	15922321	1185
21193	AT2G36380	15257418	15263808	6390
21194	AT2G21950	9353174	9354645	1471
21195	AT2G23770	10119973	10122479	2506
21196	AT2G31430	13396042	13397283	1241
21197	AT2G01590	266559	267926	1367
21198	AT2G20825	8965556	8967243	1687
21199	AT2G35510	14916690	14920482	3792
21200	AT2G03070	905513	909272	3759
21201	AT2G27190	11621222	11623618	2396
21202	AT2G27760	11824772	11827609	2837
21203	AT2G02760	773645	775902	2257
21204	AT2G16780	7281374	7283686	2312
21205	AT2G26420	11238958	11242963	4005
21206	AT2G23930	10182251	10183370	1119
21207	AT4G10767	6627020	6627522	502
21208	AT2G31310	13352917	13353672	755
21209	AT2G18230	7931923	7934353	2430
21210	AT2G24090	10241875	10243674	1799
21211	AT2G40370	16857959	16860779	2820
21212	AT2G29990	12793320	12796085	2765
21213	AT2G29530	12640800	12642387	1587
21214	AT2G35550	14929243	14930898	1655
21215	AT2G32270	13704068	13706928	2860
21216	AT2G15680	6830995	6831641	646
21217	AT2G21650	9259511	9260697	1186
21218	AT2G19520	8455756	8459642	3886
21219	AT2G32940	13971916	13977521	5605
21220	AT2G38320	16055289	16058014	2725
21221	AT2G19480	8438393	8441501	3108
21222	AT2G47430	19459045	19464087	5042
21223	AT2G35035	14763178	14765079	1901
21224	AT2G38110	15952496	15955752	3256
21225	AT2G28160	12004658	12006276	1618
21226	AT2G39370	16443996	16445408	1412
21227	AT2G25840	11021692	11025451	3759
21228	AT2G27220	11637106	11639809	2703
21229	AT2G27010	11526168	11527854	1686
21230	AT2G29045	12476372	12477107	735
21231	AT2G26400	11231770	11233388	1618
21232	AT2G46970	19295431	19297858	2427
21233	AT2G02320	610428	611843	1415
21234	AT2G42430	17663353	17665337	1984
21235	AT2G30395	12954174	12955288	1114
21236	AT2G27810	11852078	11856335	4257
21237	AT2G24570	10437353	10439469	2116
21238	AT2G04450	1543320	1545535	2215
21239	AT2G30340	12931172	12932828	1656
21240	AT2G20880	8985959	8987302	1343
21241	AT2G30070	12834821	12838655	3834
21242	AT2G26260	11178064	11183278	5214
21243	AT2G26070	11105605	11107188	1583
21244	AT2G32800	13916440	13919179	2739
21245	AT2G47450	19472573	19474387	1814
21246	AT2G23140	9845410	9849379	3969
21247	AT2G45050	18582697	18584127	1430
21248	AT2G16910	7331721	7334254	2533
21249	AT2G17430	7568018	7570912	2894
21250	AT2G39350	16430085	16432751	2666
21251	AT2G39820	16618226	16619750	1524
21252	AT2G14890	6399405	6401149	1744
21253	AT2G13570	5655391	5656518	1127
21254	AT2G46390	19042301	19043234	933
21255	AT2G07680	3514668	3522658	7990
21256	AT2G40300	16831109	16833294	2185
21257	AT2G25295	10769877	10770485	608
21258	AT2G45070	18586974	18588452	1478
21259	AT2G29550	12643917	12646057	2140
21260	AT2G43650	18099236	18103438	4202
21261	AT2G16090	6986830	6990080	3250
21262	AT2G45480	18745249	18747634	2385
21263	AT2G03190	964214	964901	687
21264	AT2G26300	11196996	11201102	4106
21265	AT2G26560	11293702	11295918	2216
21266	AT2G43950	18200316	18202786	2470
21267	AT2G26880	11459906	11461099	1193
21268	AT2G44450	18340602	18343927	3325
21269	AT2G07771	3239693	3240463	770
21270	AT2G45550	18773517	18775797	2280
21271	AT2G33990	14360255	14362511	2256
21272	AT2G43810	18149197	18151295	2098
21273	AT2G31060	13213100	13218724	5624
21274	AT2G17130	7460814	7462607	1793
21275	AT2G40690	16973992	16976534	2542
21276	AT2G17250	7499472	7503195	3723
21277	AT2G42400	17654170	17656863	2693
21278	AT2G31953	13583376	13584020	644
21279	AT2G45790	18855675	18858018	2343
21280	AT4G25240	12930231	12933895	3664
21281	AT2G31760	13508493	13510390	1897
21282	AT2G43840	18157529	18159231	1702
21283	AT2G38340	16067396	16068615	1219
21284	AT2G16720	7255473	7256831	1358
21285	ATMG00450	119381	119701	320
21286	AT2G18030	7840037	7841823	1786
21287	AT2G02070	505375	510781	5406
21288	AT2G01350	165141	167259	2118
21289	AT2G31340	13361502	13365800	4298
21290	AT2G35940	15088762	15092415	3653
21291	AT2G18060	7847967	7851606	3639
21292	AT2G43980	18208253	18211644	3391
21293	AT2G43410	18025247	18031255	6008
21294	AT2G23290	9904506	9906032	1526
21295	AT2G01910	416021	420661	4640
21296	AT2G37860	15856528	15858986	2458
21297	AT2G24640	10475153	10479454	4301
21298	AT2G17440	7570989	7573878	2889
21299	AT2G04550	1588193	1590166	1973
21300	AT2G31880	13554870	13556977	2107
21301	AT2G25344	10795064	10796150	1086
21302	AT2G01110	83260	85258	1998
21303	AT2G19430	8415046	8417994	2948
21304	AT2G17900	7773220	7776825	3605
21305	AT2G19620	8485991	8488963	2972
21306	AT2G18290	7948306	7950329	2023
21307	AT2G45660	18807505	18811125	3620
21308	AT2G45170	18624264	18625791	1527
21309	AT2G33530	14197646	14200674	3028
21310	AT2G02150	549827	552856	3029
21311	AT2G31770	13511579	13513550	1971
21312	AT2G19720	8510020	8511395	1375
21313	AT2G14610	6241640	6242541	901
21314	AT2G16500	7150514	7153430	2916
21315	AT2G26930	11491707	11494290	2583
21316	AT2G03090	916806	918671	1865
21317	AT2G36305	15214386	15216613	2227
21318	AT2G47030	19324134	19326484	2350
21319	ATMG00200	55767	56090	323
21320	AT2G22430	9525988	9527845	1857
21321	AT2G20000	8631959	8637300	5341
21322	AT2G46800	19235374	19239577	4203
21323	AT2G19045	8251612	8252071	459
21324	AT2G33450	14173579	14174656	1077
21325	AT2G29350	12600914	12602556	1642
21326	AT2G28700	12317166	12318790	1624
21327	AT2G29330	12594536	12596438	1902
21328	AT2G44740	18441828	18443405	1577
21329	AT2G01430	187608	190369	2761
21330	AT2G28900	12414108	12415661	1553
21331	AT2G31085	13254152	13254859	707
21332	AT2G38280	16033292	16038972	5680
21333	AT2G29480	12630198	12631321	1123
21334	AT2G39890	16655577	16658412	2835
21335	AT2G32740	13886794	13888330	1536
21336	AT2G29420	12617936	12618899	963
21337	AT2G33560	14213601	14216054	2453
21338	AT2G21070	9040852	9043651	2799
21339	AT2G33870	14337198	14338385	1187
21340	AT2G17950	7808871	7810811	1940
21341	AT2G45430	18727504	18729272	1768
21342	AT2G20815	8959255	8962149	2894
21343	AT2G25685	10937527	10938113	586
21344	AT2G22980	9778759	9783310	4551
21345	AT2G31870	13549861	13553844	3983
21346	AT2G02350	617414	619138	1724
21347	AT2G04890	1720361	1722604	2243
21348	AT2G40475	16906899	16908152	1253
21349	AT2G01150	100484	101566	1082
21350	AT2G33380	14144831	14146555	1724
21351	AT2G18790	8139756	8144461	4705
21352	AT2G05630	2082894	2084905	2011
21353	AT2G39900	16658468	16660443	1975
21354	AT2G18450	7997344	8000825	3481
21355	AT2G29470	12628422	12629640	1218
21356	AT2G30500	12998105	13000825	2720
21357	AT2G38720	16188047	16192102	4055
21358	AT2G47170	19366596	19368840	2244
21359	AT2G43130	17929607	17931027	1420
21360	AT2G20890	8987584	8989416	1832
21361	AT2G17450	7576388	7577846	1458
21362	AT2G37060	15575996	15577916	1920
21363	AT2G38440	16095235	16101221	5986
21364	AT2G18550	8049371	8051316	1945
21365	AT2G01890	396756	399338	2582
21366	AT2G46210	18977344	18979309	1965
21367	AT2G40220	16796247	16797585	1338
21368	AT2G16440	7126279	7130729	4450
21369	AT2G30490	12993625	12996012	2387
21370	AT2G37040	15557367	15560755	3388
21371	AT2G22570	9589435	9590932	1497
21372	AT2G22830	9723615	9726384	2769
21373	AT2G02850	826299	827994	1695
21374	AT2G18020	7837067	7838476	1409
21375	AT2G35010	14754234	14756323	2089
21376	ATMG00540	150783	151151	368
21377	AT2G17870	7763528	7765276	1748
21378	AT2G28290	12056213	12073279	17066
21379	AT2G27100	11572397	11576658	4261
21380	AT2G18510	8030960	8033619	2659
21381	AT2G30950	13174279	13177223	2944
21382	AT2G25170	10713807	10724106	10299
21383	AT2G27690	11809279	11811280	2001
21384	AT2G36270	15204659	15207636	2977
21385	AT2G22970	9774749	9778561	3812
21386	AT2G46590	19132925	19135383	2458
21387	AT2G16570	7180142	7182287	2145
21388	AT2G36850	15454671	15469964	15293
21389	AT2G20520	8840557	8841565	1008
21390	AT2G33860	14325206	14328978	3772
21391	AT2G37720	15818082	15821311	3229
21392	AT2G32480	13788517	13790077	1560
21393	AT2G39080	16309798	16312622	2824
21394	AT2G13360	5538740	5541479	2739
21395	AT2G47110	19344635	19345345	710
21396	AT2G31190	13291191	13293799	2608
21397	AT2G44460	18346306	18350026	3720
21398	AT2G18380	7982556	7984126	1570
21399	AT2G23000	9792166	9796408	4242
21400	AT2G29140	12530838	12535457	4619
21401	AT2G40840	17044932	17051062	6130
21402	AT2G45800	18857941	18859278	1337
21403	AT2G38270	16031185	16033169	1984
21404	AT2G25060	10662190	10663103	913
21405	AT2G38170	15989083	15993326	4243
21406	AT2G15820	6888540	6891409	2869
21407	AT2G28840	12378272	12380809	2537
21408	AT2G45160	18617862	18620451	2589
21409	AT2G32260	13697457	13700648	3191
21410	AT2G46840	19248971	19249909	938
21411	AT2G42280	17611185	17613660	2475
21412	AT2G22040	9374438	9376260	1822
21413	AT2G44910	18517656	18519731	2075
21414	AT2G47180	19368798	19370478	1680
21415	AT2G06210	2428903	2436687	7784
21416	AT2G16700	7244500	7246069	1569
21417	AT2G33750	14271674	14273457	1783
21418	AT2G26060	11102223	11105364	3141
21419	AT2G02380	626842	628676	1834
21420	AT2G37560	15758601	15761262	2661
21421	AT2G47700	19552314	19554647	2333
21422	AT2G30330	12928660	12929863	1203
21423	AT2G01450	199491	203126	3635
21424	AT2G32900	13953665	13957748	4083
21425	AT2G39250	16388691	16391176	2485
21426	AT2G05335	1942520	1943101	581
21427	AT2G26950	11500721	11502136	1415
21428	AT2G30575	13020356	13024218	3862
21429	AT2G36010	15119516	15123184	3668
21430	AT2G44470	18354186	18358679	4493
21431	AT2G05850	2242545	2244851	2306
21432	AT2G47920	19615777	19616904	1127
21433	AT2G44490	18364652	18367835	3183
21434	AT2G42000	17529243	17530443	1200
21435	AT2G31650	13455272	13462431	7159
21436	AT2G29390	12610508	12612937	2429
21437	AT2G22860	9737583	9738384	801
21438	AT2G31260	13321833	13327496	5663
21439	AT2G40150	16775424	16777243	1819
21440	AT2G37280	15650169	15656657	6488
21441	AT2G47860	19599686	19602312	2626
21442	AT2G46400	19043411	19044955	1544
21443	AT2G18460	8001234	8002998	1764
21444	AT2G13600	5671396	5673622	2226
21445	AT2G31380	13381767	13383470	1703
21446	AT2G22540	9579647	9583901	4254
21447	AT2G33020	14013797	14016516	2719
21448	AT2G22330	9488413	9491404	2991
21449	AT2G34070	14387194	14390339	3145
21450	AT2G05620	2080647	2081859	1212
21451	AT2G17230	7494536	7496292	1756
21452	AT2G25140	10697629	10702203	4574
21453	AT2G32920	13962213	13965531	3318
21454	AT2G41660	17367492	17369206	1714
21455	AT2G05440	1993038	1994177	1139
21456	AT2G26010	11087280	11088001	721
21457	AT2G15290	6642300	6644055	1755
21458	AT2G28640	12284281	12286842	2561
21459	AT2G35160	14822774	14826194	3420
21460	AT2G16640	7211059	7215617	4558
21461	AT2G46950	19289087	19291632	2545
21462	AT2G19110	8278789	8286561	7772
21463	AT2G34920	14728027	14731255	3228
21464	AT2G35600	14940774	14945357	4583
21465	AT2G40320	16840081	16842404	2323
21466	AT2G41340	17228733	17231082	2349
21467	AT2G15390	6709116	6711156	2040
21468	AT2G45690	18823167	18825763	2596
21469	AT2G25240	10751656	10753380	1724
21470	AT2G17780	7724406	7727503	3097
21471	AT2G34980	14748877	14749878	1001
21472	AT2G34780	14668440	14673904	5464
21473	AT2G32990	14003128	14006065	2937
21474	AT2G28340	12103672	12106262	2590
21475	AT2G47760	19564795	19568438	3643
21476	AT2G14260	6041146	6043974	2828
21477	AT2G22000	9362113	9363203	1090
21478	AT2G47900	19610923	19613325	2402
21479	AT2G06983	2888894	2890172	1278
21480	AT2G43910	18184409	18187358	2949
21481	AT2G36230	15193694	15195558	1864
21482	AT2G19570	8470244	8471644	1400
21483	AT2G35370	14891041	14892298	1257
21484	AT2G42800	17807906	17810265	2359
21485	AT2G39200	16356041	16359943	3902
21486	AT2G26540	11287308	11290361	3053
21487	AT2G22190	9433616	9436658	3042
21488	AT2G46270	19000180	19003403	3223
21489	AT2G36310	15224497	15227276	2779
21490	AT2G35210	14836062	14838151	2089
21491	AT2G45410	18712220	18713211	991
21492	AT2G37920	15868340	15870071	1731
21493	AT2G32100	13647699	13649002	1303
21494	AT2G42820	17817244	17818545	1301
21495	AT2G05990	2322215	2325197	2982
21496	AT2G30200	12882948	12885776	2828
21497	AT2G34570	14562892	14564782	1890
21498	AT2G02360	619323	620793	1470
21499	AT2G31960	13588522	13600430	11908
21500	AT2G15480	6758430	6763501	5071
21501	AT2G30410	12958116	12960768	2652
21502	AT2G40730	16989836	16996308	6472
21503	AT2G35980	15110492	15111539	1047
21504	AT2G29380	12608675	12610350	1675
21505	AT2G45740	18839435	18841403	1968
21506	AT2G06925	2842020	2843386	1366
21507	AT2G25340	10792664	10793832	1168
21508	AT2G25580	10888009	10890671	2662
21509	AT2G47490	19486842	19489732	2890
21510	AT2G37620	15778941	15781561	2620
21511	AT2G06530	2588523	2590531	2008
21512	AT2G46760	19212881	19215210	2329
21513	AT2G20800	8953057	8955831	2774
21514	AT2G30980	13182025	13185973	3948
21515	AT2G45510	18753023	18755172	2149
21516	AT2G22640	9622997	9624335	1338
21517	AT2G46960	19292035	19294375	2340
21518	AT2G40790	17022952	17024301	1349
21519	AT2G20020	8644369	8647291	2922
21520	AT2G36490	15307907	15314807	6900
21521	AT2G42790	17802841	17806073	3232
21522	AT2G01500	224156	226234	2078
21523	AT2G27820	11856571	11858288	1717
21524	AT2G21750	9283367	9283774	407
21525	AT2G03520	1069491	1071421	1930
21526	AT2G02230	589945	591689	1744
21527	AT2G28910	12415668	12417615	1947
21528	AT2G41880	17474527	17477311	2784
21529	AT2G46870	19260906	19262533	1627
21530	AT2G01120	85401	88399	2998
21531	AT2G26550	11291148	11293575	2427
21532	AT2G29130	12524827	12527803	2976
21533	AT2G18800	8144881	8146477	1596
21534	AT2G26460	11254932	11259070	4138
21535	AT2G15090	6542166	6544118	1952
21536	AT2G21270	9107546	9110275	2729
21537	AT2G25700	10948747	10949626	879
21538	AT2G37460	15726338	15729170	2832
21539	AT2G33030	14017684	14018340	656
21540	AT2G14935	6431471	6431826	355
21541	AT2G22670	9636346	9638761	2415
21542	AT2G20290	8742885	8752315	9430
21543	AT2G41260	17206452	17207698	1246
21544	AT2G26250	11170416	11173278	2862
21545	AT2G30080	12838620	12840252	1632
21546	AT2G38670	16168712	16171918	3206
21547	AT2G38400	16083645	16086453	2808
21548	AT2G30250	12903208	12905338	2130
21549	AT2G26910	11481326	11488270	6944
21550	AT2G23180	9874907	9876711	1804
21551	AT2G45970	18912095	18914739	2644
21552	AT2G34640	14581835	14584797	2962
21553	AT2G27110	11576668	11580817	4149
21554	AT2G20875	8982863	8983814	951
21555	AT2G40970	17097550	17098731	1181
21556	AT2G47600	19524117	19527580	3463
21557	AT2G24720	10522548	10526059	3511
21558	AT2G35100	14793567	14795701	2134
21559	AT2G26150	11135624	11137792	2168
21560	AT2G15970	6949851	6951192	1341
21561	AT2G37380	15686650	15688013	1363
21562	AT2G01670	296365	298215	1850
21563	AT2G18260	7941778	7943388	1610
21564	AT2G21770	9284391	9289744	5353
21565	AT2G37450	15722480	15725062	2582
21566	AT2G06850	2763449	2765743	2294
21567	AT2G28930	12424303	12426674	2371
21568	AT2G18120	7876544	7878072	1528
21569	AT2G34500	14539373	14541617	2244
21570	AT2G17520	7617151	7621129	3978
21571	AT2G39810	16612777	16618122	5345
21572	AT2G25900	11041331	11043256	1925
21573	AT2G30570	13019028	13020311	1283
21574	AT2G21940	9350543	9353231	2688
21575	AT2G45140	18610806	18613302	2496
21576	AT2G31160	13277710	13279498	1788
21577	AT2G48140	19686333	19687664	1331
21578	AT2G33800	14300672	14302496	1824
21579	AT2G24610	10456879	10460571	3692
21580	AT2G11000	4341105	4347974	6869
21581	AT2G44190	18272119	18274679	2560
21582	AT2G31350	13368070	13371097	3027
21583	AT2G26040	11094258	11095542	1284
21584	AT2G25810	11012499	11014171	1672
21585	AT2G06990	2894904	2902020	7116
21586	AT2G03600	1096984	1098826	1842
21587	AT2G31400	13386954	13390854	3900
21588	AT2G35860	15059763	15062122	2359
21589	AT2G03160	959645	960247	602
21590	AT2G44750	18451426	18452875	1449
21591	AT2G22055	9379465	9380114	649
21592	AT2G45890	18883377	18885729	2352
21593	AT2G04270	1474679	1480586	5907
21594	AT2G18040	7841940	7843942	2002
21595	AT2G03220	970245	972416	2171
21596	AT2G21730	9279931	9282178	2247
21597	AT2G39830	16619743	16624150	4407
21598	AT2G42680	17774832	17776320	1488
21599	AT2G14620	6244772	6246279	1507
21600	AT2G26350	11217142	11220541	3399
21601	AT2G39705	16556801	16558268	1467
21602	AT2G35950	15104716	15106119	1403
21603	AT2G44550	18389381	18391142	1761
21604	AT2G47590	19521774	19524095	2321
21605	AT2G26760	11401118	11403433	2315
21606	AT2G41370	17237727	17240609	2882
21607	AT2G37940	15876717	15880103	3386
21608	AT2G34420	14522524	14523568	1044
21609	AT2G30280	12909551	12912416	2865
21610	AT2G38650	16161455	16165876	4421
21611	AT2G16920	7334226	7339350	5124
21612	AT2G23340	9937792	9938997	1205
21613	AT2G01420	180033	183764	3731
21614	AT2G33340	14126141	14131224	5083
21615	AT2G23630	10052365	10055427	3062
21616	AT2G02955	859441	862076	2635
21617	AT2G35150	14817047	14818211	1164
21618	AT2G02980	868359	870432	2073
21619	AT2G48120	19679730	19681546	1816
21620	AT2G21970	9356983	9357967	984
21621	AT2G14920	6418199	6419236	1037
21622	AT2G47300	19418443	19422241	3798
21623	AT2G46510	19090953	19093373	2420
21624	AT2G33790	14293561	14295353	1792
21625	AT2G16600	7200423	7201755	1332
21626	AT2G32610	13836117	13839640	3523
21627	AT2G35520	14921473	14923025	1552
21628	AT2G23990	10206665	10207985	1320
21629	AT2G43680	18108119	18111831	3712
21630	AT2G05210	1890684	1894514	3830
21631	AT2G20510	8836018	8838710	2692
21632	AT2G36020	15123120	15125588	2468
21633	AT2G21590	9238296	9242481	4185
21634	AT2G28110	11977865	11980003	2138
21635	AT2G35700	15005064	15006034	970
21636	AT2G01200	117969	120095	2126
21637	AT2G36640	15356830	15358619	1789
21638	AT2G45770	18851088	18853741	2653
21639	AT2G42250	17600075	17601849	1774
21640	AT2G30790	13118937	13120199	1262
21641	AT2G42890	17849819	17854553	4734
21642	AT2G30860	13138882	13140392	1510
21643	AT2G40180	16782366	16784147	1781
21644	AT2G29100	12501092	12504944	3852
21645	AT2G40060	16726424	16728207	1783
21646	AT2G23190	9877058	9879007	1949
21647	AT2G22840	9728480	9731301	2821
21648	AT2G25110	10684118	10686347	2229
21649	AT2G38810	16219220	16220928	1708
21650	AT2G44840	18495215	18496327	1112
21651	AT2G23350	9942915	9946347	3432
21652	AT2G40100	16745628	16747424	1796
21653	AT2G32390	13748280	13752281	4001
21654	AT2G19170	8313671	8318596	4925
21655	AT2G13620	5677908	5680801	2893
21656	AT2G43430	18035349	18038334	2985
21657	AT2G46450	19065536	19069569	4033
21658	AT2G18710	8112084	8114485	2401
21659	AT2G47750	19560127	19563960	3833
21660	AT2G46080	18948116	18950120	2004
21661	AT2G20960	9006610	9009794	3184
21662	AT2G32230	13679529	13682333	2804
21663	AT2G17040	7406911	7408393	1482
21664	AT2G23380	9955092	9960386	5294
21665	AT2G37360	15673410	15675920	2510
21666	AT2G33600	14226668	14228742	2074
21667	AT2G30400	12956445	12957807	1362
21668	AT2G29760	12712879	12715852	2973
21669	AT2G46030	18932019	18934138	2119
21670	AT2G45490	18747509	18749215	1706
21671	AT2G22240	9451605	9454300	2695
21672	AT2G31900	13560370	13570469	10099
21673	AT2G40740	16997078	16999499	2421
21674	AT2G25230	10747211	10748467	1256
21675	AT2G22300	9471219	9476646	5427
21676	AT2G41140	17150095	17153693	3598
21677	AT2G23580	10033043	10034327	1284
21678	AT2G17550	7634126	7637832	3706
21679	AT2G17200	7481881	7485240	3359
21680	AT2G41997	17110760	17111255	495
21681	AT2G24840	10581069	10582015	946
21682	AT2G43710	18119873	18122889	3016
21683	AT2G44790	18461863	18463533	1670
21684	AT2G04025	1276683	1277761	1078
21685	AT2G28100	11974663	11976600	1937
21686	AT2G31890	13556500	13559880	3380
21687	AT2G27000	11523287	11525140	1853
21688	AT2G37270	15647677	15649471	1794
21689	AT2G18160	7898012	7899242	1230
21690	AT2G05380	1966610	1968142	1532
21691	AT2G04530	1576694	1578962	2268
21692	AT2G31270	13328862	13331831	2969
21693	AT2G04880	1717833	1720526	2693
21694	AT2G42260	17601872	17603705	1833
21695	AT2G21740	9281986	9282387	401
21696	AT3G18715	6440817	6441585	768
21697	AT2G42740	17791692	17793142	1450
21698	AT2G22770	9684562	9686613	2051
21699	AT2G43900	18178588	18184089	5501
21700	AT2G26290	11191978	11194431	2453
21701	AT2G28380	12133732	12136241	2509
21702	AT2G33810	14305001	14306072	1071
21703	AT2G45080	18591628	18592729	1101
21704	AT2G47800	19574666	19580615	5949
21705	AT2G01770	334663	336462	1799
21706	AT3G07970	2540913	2543613	2700
21707	AT2G47190	19375985	19377543	1558
21708	AT2G30910	13152789	13157107	4318
21709	AT2G16390	7097280	7101351	4071
21710	AT2G42160	17574641	17577495	2854
21711	AT2G47840	19594187	19595001	814
21712	AT2G12465	5055415	5055880	465
21713	AT2G30970	13178829	13182050	3221
21714	AT2G01190	114926	117750	2824
21715	AT2G27530	11763217	11764935	1718
21716	AT2G22950	9766058	9769957	3899
21717	AT2G45570	18779321	18781973	2652
21718	AT2G20240	8727626	8730525	2899
21719	AT2G40470	16902038	16904032	1994
21720	AT2G27550	11773187	11774746	1559
21721	AT2G30580	13025911	13030661	4750
21722	AT2G36050	15135568	15137012	1444
21723	AT2G27230	11650358	11654143	3785
21724	AT2G30880	13142665	13146060	3395
21725	AT2G37250	15641906	15644143	2237
21726	AT2G30432	12968565	12970240	1675
21727	AT2G23740	10097265	10103398	6133
21728	AT2G03150	951888	959236	7348
21729	AT2G44650	18419370	18421110	1740
21730	AT2G26960	11506065	11507426	1361
21731	AT2G28860	12388168	12389891	1723
21732	AT2G23030	9803492	9806731	3239
21733	AT2G02000	469370	472070	2700
21734	AT2G20630	8896912	8899898	2986
21735	AT2G38620	16152473	16154086	1613
21736	AT2G32700	13866721	13872246	5525
21737	AT2G14740	6308683	6312726	4043
21738	AT2G41540	17325846	17329235	3389
21739	AT4G13075	7624629	7625261	632
21740	AT2G26740	11392849	11394363	1514
21741	AT2G31500	13413738	13416602	2864
21742	AT2G33080	14031998	14034433	2435
21743	AT2G02860	828279	832619	4340
21744	AT2G36990	15537225	15540139	2914
21745	AT2G33610	14228972	14231408	2436
21746	AT2G29540	12642503	12644330	1827
21747	AT2G29630	12666935	12671055	4120
21748	AT2G34660	14602470	14612565	10095
21749	AT2G31280	13338818	13343710	4892
21750	AT2G44540	18386219	18388110	1891
21751	AT2G39480	16477792	16485039	7247
21752	AT4G35290	16789531	16793685	4154
21753	AT2G03050	899690	900999	1309
21754	AT2G17790	7733563	7739675	6112
21755	AT2G04240	1461548	1462944	1396
21756	AT2G28950	12431338	12433796	2458
21757	AT2G02740	769334	771235	1901
21758	AT2G15430	6733534	6735819	2285
21759	AT2G17730	7703805	7705831	2026
21760	AT2G06520	2587729	2588448	719
21761	AT2G30424	12962984	12965723	2739
21762	AT3G03850	983057	983768	711
21763	AT2G21620	9248525	9250311	1786
21764	AT2G01490	221013	223809	2796
21765	AT2G17890	7769521	7772782	3261
21766	AT2G29110	12506795	12510624	3829
21767	AT2G15890	6920369	6922161	1792
21768	AT2G20990	9014470	9018099	3629
21769	AT2G45560	18776015	18778676	2661
21770	AT2G44180	18269211	18271941	2730
21771	AT2G40940	17084321	17087326	3005
21772	AT2G44950	18542175	18548652	6477
21773	AT2G42610	17747781	17750524	2743
21774	AT2G37925	15870077	15870754	677
21775	AT2G46770	19220725	19222916	2191
21776	AT2G01530	239669	240687	1018
21777	AT2G14100	5934483	5936371	1888
21778	AT2G46260	18995645	18998672	3027
21779	AT2G11520	4618545	4621722	3177
21780	AT2G32510	13798561	13800099	1538
21781	AT2G40140	16771997	16774734	2737
21782	AT2G29090	12494826	12499723	4897
21783	AT2G46790	19232607	19235179	2572
21784	AT2G03450	1041388	1043667	2279
21785	AT2G45420	18718348	18720729	2381
21786	AT2G40090	16737466	16740486	3020
21787	AT2G47460	19476326	19479597	3271
21788	AT2G31970	13600431	13609104	8673
21789	AT2G39450	16471560	16474060	2500
21790	AT2G33233	14083030	14083614	584
21791	AT2G16850	7301334	7303509	2175
21792	AT2G26980	11514600	11518734	4134
21793	AT2G36590	15343006	15345673	2667
21794	AT2G27040	11536502	11542391	5889
21795	AT2G35300	14862779	14863412	633
21796	AT2G21800	9298078	9301926	3848
21797	AT2G36910	15501726	15507501	5775
21798	AT2G43050	17902370	17904443	2073
21799	AT2G30260	12905345	12907665	2320
21800	AT2G31030	13206004	13207815	1811
21801	AT2G27350	11699548	11704303	4755
21802	AT2G38880	16238401	16240883	2482
21803	AT2G26140	11131578	11135465	3887
21804	AT2G26975	11512727	11513695	968
21805	AT2G39780	16591117	16593775	2658
21806	AT2G23590	10034484	10036048	1564
21807	AT2G41350	17231206	17233912	2706
21808	AT2G45330	18685898	18688061	2163
21809	AT2G39840	16627216	16629412	2196
21810	AT2G24150	10265271	10267607	2336
21811	AT2G34690	14629986	14632082	2096
21812	AT2G24790	10566836	10568145	1309
21813	AT3G07740	2469783	2473095	3312
21814	AT3G48670	18030669	18034065	3396
21815	AT2G21320	9126263	9127987	1724
21816	AT2G19860	8570607	8574067	3460
21817	AT2G35800	15043973	15048611	4638
21818	AT2G38490	16113909	16115204	1295
21819	AT2G30360	12936968	12938834	1866
21820	AT2G42200	17587169	17589671	2502
21821	AT2G25930	11058944	11063324	4380
21822	AT2G01390	172176	174137	1961
21823	AT2G26700	11368474	11371124	2650
21824	AT2G25490	10847375	10850797	3422
21825	AT2G23800	10131485	10132779	1294
21826	AT3G11270	3528801	3531724	2923
21827	AT3G09150	2803528	2805922	2394
21828	AT2G48070	19662715	19664465	1750
21829	AT2G29650	12673099	12676092	2993
21830	AT2G28170	12006371	12009956	3585
21831	AT2G29560	12646560	12650184	3624
21832	AT2G21150	9065154	9068228	3074
21833	AT2G44480	18359663	18363346	3683
21834	AT2G23510	10011481	10013533	2052
21835	AT2G31083	13252076	13252914	838
21836	AT2G27210	11629777	11636803	7026
21837	AT2G24070	10231300	10235494	4194
21838	AT2G24220	10300032	10301787	1755
21839	AT2G15535	6778191	6778879	688
21840	AT4G01750	756348	758725	2377
21841	AT4G36480	17217909	17221625	3716
21842	AT2G42090	17556744	17558369	1625
21843	AT2G43020	17891503	17894635	3132
21844	AT2G43970	18205235	18208218	2983
21845	AT2G45880	18878518	18882995	4477
21846	AT2G01270	139309	142560	3251
21847	AT2G18650	8086572	8088302	1730
21848	AT2G38210	16006749	16007722	973
21849	AT2G33775	14288323	14289313	990
21850	AT4G25720	13099812	13102594	2782
21851	AT4G36350	17173737	17175857	2120
21852	AT2G35930	15082855	15084559	1704
21853	AT2G34825	14691376	14691912	536
21854	AT2G01980	457002	463408	6406
21855	AT2G46480	19076362	19078540	2178
21856	AT2G41290	17210428	17213179	2751
21857	AT2G36450	15294303	15294857	554
21858	AT2G43920	18189004	18191348	2344
21859	AT2G44570	18394196	18396337	2141
21860	AT2G26410	11234267	11236995	2728
21861	AT2G26710	11380463	11383821	3358
21862	AT2G43350	18008482	18010614	2132
21863	AT2G46500	19086492	19089229	2737
21864	AT2G02800	795515	799591	4076
21865	AT2G36250	15197369	15200603	3234
21866	AT2G15350	6688122	6689819	1697
21867	AT4G24460	12642844	12645501	2657
21868	AT2G15570	6791104	6792978	1874
21869	AT2G42070	17549091	17551364	2273
21870	AT2G41940	17507343	17508616	1273
21871	AT2G34860	14708243	14710267	2024
21872	AT2G28670	12300265	12302358	2093
21873	AT2G14720	6300488	6304445	3957
21874	AT2G30040	12821569	12823169	1600
21875	AT2G21600	9242782	9244945	2163
21876	AT2G03440	1039088	1040184	1096
21877	AT2G30110	12852329	12857727	5398
21878	AT2G40540	16930555	16934669	4114
21879	AT4G13260	7721487	7724070	2583
21880	AT2G01930	427114	428900	1786
21881	AT2G29680	12689171	12693121	3950
21882	AT2G24010	10214574	10217739	3165
21883	AT2G41510	17314412	17317354	2942
21884	AT2G03480	1050706	1054613	3907
21885	AT2G22490	9553797	9556167	2370
21886	AT2G28830	12368220	12370420	2200
21887	AT2G23600	10041820	10043840	2020
21888	AT2G02470	652564	654985	2421
21889	AT2G02480	660655	665635	4980
21890	AT2G39880	16647711	16649527	1816
21891	AT2G35990	15112084	15116776	4692
21892	AT2G22870	9739408	9741700	2292
21893	AT2G33120	14043400	14045695	2295
21894	AT2G21880	9324633	9326426	1793
21895	AT2G26650	11331850	11336738	4888
21896	AT2G21330	9128122	9130619	2497
21897	AT2G28800	12356321	12359568	3247
21898	AT2G01505	228577	229899	1322
21899	AT2G04430	1538472	1541375	2903
21900	AT2G44680	18426481	18428397	1916
21901	AT2G01960	450379	451910	1531
21902	AT2G23080	9827104	9829537	2433
21903	AT2G05710	2141329	2146678	5349
21904	AT2G35230	14842291	14844465	2174
21905	AT2G25540	10866822	10872243	5421
21906	AT2G40550	16934621	16938272	3651
21907	AT2G17720	7697311	7699630	2319
21908	AT2G21400	9158310	9159732	1422
21909	AT2G17570	7643925	7646274	2349
21910	AT2G28210	12029666	12033096	3430
21911	AT2G31250	13319621	13321597	1976
21912	AT2G39290	16407135	16409156	2021
21913	AT2G40170	16779552	16780368	816
21914	AT2G16485	7136845	7145424	8579
21915	AT2G22121	9397864	9398259	395
21916	AT2G43520	18068425	18069416	991
21917	AT2G27990	11921350	11924748	3398
21918	AT2G35000	14751541	14753319	1778
21919	AT2G15310	6653663	6655501	1838
21920	AT2G13610	5673688	5675995	2307
21921	AT2G07681	3287529	3292366	4837
21922	AT2G30390	12950954	12954148	3194
21923	AT2G25710	10952547	10955411	2864
21924	AT2G34410	14518344	14522622	4278
21925	AT2G17265	7508473	7509887	1414
21926	AT2G05070	1799234	1800472	1238
21927	AT2G42810	17811935	17816772	4837
21928	AT2G34220	14450536	14453856	3320
21929	AT2G33230	14080319	14081971	1652
21930	AT2G36830	15445294	15446621	1327
21931	AT2G41300	17214219	17216292	2073
21932	AT2G04160	1401268	1407827	6559
21933	AT2G24000	10209421	10214042	4621
21934	AT2G19600	8478970	8483854	4884
21935	AT2G17560	7642117	7643739	1622
21936	AT2G43190	17955953	17958226	2273
21937	AT4G14040	8100349	8103094	2745
21938	AT2G17120	7458930	7460819	1889
21939	AT2G47240	19392497	19397907	5410
21940	AT2G06255	2457573	2459940	2367
21941	AT2G14170	5977272	5981899	4627
21942	AT2G23810	10135605	10137595	1990
21943	AT2G32400	13752263	13756893	4630
21944	AT2G20490	8831681	8832929	1248
21945	AT2G41900	17490271	17493922	3651
21946	AT2G29460	12626478	12627891	1413
21947	AT2G31200	13293953	13295410	1457
21948	AT2G23980	10201104	10205422	4318
21949	AT2G38540	16130290	16131240	950
21950	AT2G44270	18297878	18300304	2426
21951	AT2G46650	19151481	19152739	1258
21952	AT2G38040	15917032	15921170	4138
21953	AT2G41430	17269158	17270542	1384
21954	AT2G47000	19309643	19315343	5700
21955	AT2G33385	14147382	14149902	2520
21956	AT2G33310	14113025	14116089	3064
21957	AT2G22090	9388260	9390575	2315
21958	AT2G34600	14573030	14573952	922
21959	AT2G31170	13282355	13285678	3323
21960	AT2G14960	6451319	6453797	2478
21961	AT2G23570	10031565	10032691	1126
21962	AT2G44160	18262189	18265346	3157
21963	AT2G36070	15144795	15148223	3428
21964	AT2G36100	15159591	15160799	1208
21965	AT2G12940	5317475	5319090	1615
21966	AT2G01860	388055	389918	1863
21967	AT2G39310	16414034	16416845	2811
21968	AT2G18660	8089411	8091736	2325
21969	AT2G31305	13350369	13351490	1121
21970	AT2G21870	9320190	9322867	2677
21971	ATMG00940	251403	251897	494
21972	AT2G47140	19350672	19352088	1416
21973	AT2G32835	13931166	13931453	287
21974	AT2G17700	7685354	7689445	4091
21975	AT2G32980	13997325	13999949	2624
21976	AT2G01760	332902	334760	1858
21977	AT2G40190	16785173	16787590	2417
21978	AT2G33060	14025483	14028261	2778
21979	AT2G23250	9897809	9899125	1316
21980	AT2G02130	539898	540707	809
21981	AT2G22910	9749857	9753103	3246
21982	ATMG00720	209499	209822	323
21983	AT2G15490	6761635	6763500	1865
21984	AT2G19470	8433542	8436602	3060
21985	AT2G02560	689784	697707	7923
21986	AT2G32810	13919127	13925421	6294
21987	AT2G37590	15769086	15770805	1719
21988	AT2G45210	18641563	18642739	1176
21989	AT2G21660	9265084	9266557	1473
21990	AT2G11810	4743162	4746813	3651
21991	AT2G26180	11143290	11145103	1813
21992	AT2G37970	15890869	15891704	835
21993	AT2G02100	528179	529186	1007
21994	AT2G22475	9541128	9545038	3910
21995	AT2G23760	10107707	10113327	5620
21996	AT2G33050	14021728	14024398	2670
21997	AT2G43000	17880457	17882636	2179
21998	AT2G29190	12543812	12548563	4751
21999	AT2G41010	17113798	17115047	1249
22000	AT2G18250	7939822	7941696	1874
22001	AT2G20120	8687330	8690214	2884
22002	AT2G24820	10574942	10576938	1996
22003	AT2G32620	13840687	13844425	3738
22004	AT2G36080	15148259	15151634	3375
22005	AT2G19040	8249877	8250208	331
22006	AT2G23660	10060065	10061822	1757
22007	AT2G24430	10383497	10386625	3128
22008	AT2G29200	12548931	12553711	4780
22009	AT2G31660	13464294	13471867	7573
22010	AT2G27030	11531967	11534358	2391
22011	AT2G26000	11081156	11085382	4226
22012	AT2G23320	9924886	9926372	1486
22013	AT2G45900	18885751	18889178	3427
22014	AT2G28190	12014412	12016569	2157
22015	AT2G41500	17304130	17307426	3296
22016	AT2G23550	10026992	10028814	1822
22017	AT2G22290	9466389	9467948	1559
22018	AT2G04032	1289832	1291444	1612
22019	AT2G15050	6518749	6521549	2800
22020	AT2G24762	10559173	10560239	1066
22021	AT2G42830	17820114	17824013	3899
22022	AT2G33820	14306293	14308367	2074
22023	AT2G46180	18967269	18971409	4140
22024	AT2G18640	8083518	8084960	1442
22025	AT2G01650	284509	286529	2020
22026	AT2G17370	7549702	7552260	2558
22027	AT2G27490	11748015	11750488	2473
22028	AT2G22780	9689295	9692154	2859
22029	AT2G46830	19245591	19248915	3324
22030	AT3G18710	6434082	6436046	1964
22031	AT3G54820	20301759	20304309	2550
22032	AT3G18370	6305444	6310684	5240
22033	AT3G46230	16984118	16984867	749
22034	AT3G25717	9375102	9375671	569
22035	AT3G22840	8084405	8085669	1264
22036	AT3G28080	10451403	10455323	3920
22037	AT3G50700	18840411	18843053	2642
22038	AT3G47340	17437840	17441431	3591
22039	AT3G48330	17892738	17894162	1424
22040	AT3G46440	17089013	17092065	3052
22041	AT3G15170	5109782	5111608	1826
22042	AT3G13080	4195770	4201734	5964
22043	AT3G08580	2605435	2607895	2460
22044	AT3G44110	15868631	15871256	2625
22045	AT3G16830	5731519	5737854	6335
22046	AT3G51310	19044331	19049454	5123
22047	AT3G63120	23322359	23324283	1924
22048	AT3G53420	19803473	19805730	2257
22049	AT3G24495	8912343	8918288	5945
22050	AT3G50060	18557607	18559326	1719
22051	AT3G46790	17231681	17234045	2364
22052	AT3G49700	18434449	18436141	1692
22053	AT3G04060	1053360	1055196	1836
22054	AT3G50870	18910947	18912608	1661
22055	AT3G08510	2582362	2585898	3536
22056	AT3G63470	23438396	23441060	2664
22057	AT3G24660	9003569	9005943	2374
22058	AT3G16000	5430758	5433851	3093
22059	AT3G57080	21125725	21128075	2350
22060	AT3G25905	9486168	9486924	756
22061	AT3G05200	1476960	1478850	1890
22062	AT3G56070	20806566	20808168	1602
22063	AT3G02780	602401	605506	3105
22064	AT3G61050	22597216	22601412	4196
22065	AT3G54850	20321353	20324020	2667
22066	AT3G45170	16537538	16538305	767
22067	AT3G55380	20531069	20533285	2216
22068	AT3G51910	19265141	19266806	1665
22069	AT3G50440	18717392	18718396	1004
22070	AT3G44560	16151123	16154607	3484
22071	AT3G48360	17907767	17910738	2971
22072	AT3G48310	17887996	17889942	1946
22073	AT5G14345	4626175	4626782	607
22074	AT3G02180	404432	405713	1281
22075	AT3G17420	5959174	5962289	3115
22076	AT3G13620	4450745	4452653	1908
22077	AT3G05960	1783388	1785495	2107
22078	AT3G63530	23456055	23458732	2677
22079	AT3G61990	22957054	22959018	1964
22080	AT3G20500	7157900	7160446	2546
22081	AT3G05660	1648843	1652149	3306
22082	AT3G57510	21283338	21285941	2603
22083	AT3G02230	415389	417723	2334
22084	AT3G10710	3352077	3354375	2298
22085	AT3G46590	17152460	17156240	3780
22086	AT3G10450	3249513	3252582	3069
22087	AT3G48100	17758427	17760950	2523
22088	AT3G58350	21591409	21592962	1553
22089	AT3G28930	10959641	10961461	1820
22090	AT3G08700	2643144	2644775	1631
22091	AT3G12300	3921419	3923155	1736
22092	AT3G16430	5581568	5583258	1690
22093	AT3G50670	18826160	18829684	3524
22094	AT3G54870	20330680	20336866	6186
22095	AT3G07960	2534776	2538374	3598
22096	AT3G12360	3934000	3936758	2758
22097	AT5G06230	1884928	1887175	2247
22098	ATMG01250	310514	310882	368
22099	AT3G15360	5188241	5189836	1595
22100	AT3G24160	8726056	8729427	3371
22101	AT3G61710	22839232	22842446	3214
22102	AT3G22380	7912905	7919707	6802
22103	AT3G33520	14093656	14095588	1932
22104	AT3G05140	1435617	1438539	2922
22105	AT3G44910	16392064	16394579	2515
22106	AT3G13380	4346330	4350939	4609
22107	AT3G61140	22626167	22630141	3974
22108	AT3G27460	10159221	10162323	3102
22109	AT3G28210	10520443	10521796	1353
22110	AT3G27380	10129610	10132882	3272
22111	AT3G55100	20420279	20423114	2835
22112	AT3G14650	4922131	4924694	2563
22113	AT3G14270	4753705	4761456	7751
22114	AT3G09920	3038780	3044989	6209
22115	AT3G54900	20341357	20342464	1107
22116	AT3G16500	5612203	5614803	2600
22117	AT3G20670	7229390	7230146	756
22118	ATMG00490	130817	131140	323
22119	AT3G25730	9396272	9397766	1494
22120	AT3G23800	8581446	8583987	2541
22121	AT3G48680	18034935	18037041	2106
22122	AT3G05010	1389371	1391675	2304
22123	AT3G01840	296582	298648	2066
22124	AT3G08690	2641012	2642919	1907
22125	AT3G54300	20108207	20110883	2676
22126	AT3G21060	7377391	7380213	2822
22127	AT3G22420	7946408	7949177	2769
22128	AT3G62130	23004788	23007006	2218
22129	AT3G05880	1755497	1756924	1427
22130	AT3G57140	21150242	21153636	3394
22131	AT3G58970	21789332	21791476	2144
22132	AT3G18290	6273966	6280562	6596
22133	AT3G02150	390720	392767	2047
22134	AT3G61740	22850811	22857016	6205
22135	AT3G18140	6212585	6214804	2219
22136	AT3G07040	2225855	2229555	3700
22137	AT3G49580	18374908	18375940	1032
22138	AT3G50770	18873911	18874836	925
22139	AT3G07680	2455239	2456918	1679
22140	AT3G22320	7890803	7892349	1546
22141	AT3G29160	11128620	11132105	3485
22142	AT3G09660	2961233	2966231	4998
22143	AT3G04090	1071984	1074244	2260
22144	AT3G11940	3777824	3779545	1721
22145	AT3G23070	8203393	8207419	4026
22146	AT3G20470	7140294	7141353	1059
22147	AT3G16490	5603848	5605765	1917
22148	ATMG01050	272944	273423	479
22149	AT3G23630	8488695	8490266	1571
22150	AT3G01550	216805	219136	2331
22151	AT3G52090	19317737	19319123	1386
22152	AT3G03740	936878	941670	4792
22153	AT3G58010	21475805	21478187	2382
22154	AT3G08970	2737297	2740549	3252
22155	AT3G53900	19956590	19959075	2485
22156	AT3G21055	7376432	7377226	794
22157	AT3G50530	18753337	18757145	3808
22158	AT3G47930	17684322	17687661	3339
22159	AT3G51780	19206768	19208648	1880
22160	AT3G54010	20000821	20005280	4459
22161	AT3G24270	8796541	8797031	490
22162	AT3G22780	8048802	8052504	3702
22163	AT3G02730	588266	589693	1427
22164	AT3G45600	16733755	16735951	2196
22165	AT3G46010	16909217	16910845	1628
22166	AT3G12203	3891160	3894631	3471
22167	AT3G04570	1230746	1232451	1705
22168	AT3G28917	10924708	10925813	1105
22169	AT3G19960	6948774	6957726	8952
22170	AT3G21070	7380191	7384163	3972
22171	AT3G57670	21370757	21373591	2834
22172	AT3G20560	7182013	7186567	4554
22173	AT3G30842	12593810	12600432	6622
22174	AT3G16240	5505360	5507050	1690
22175	AT3G61780	22867420	22871612	4192
22176	AT3G01320	106294	113679	7385
22177	AT3G01680	251868	255513	3645
22178	AT3G62440	23096104	23097726	1622
22179	AT3G26790	9853828	9856212	2384
22180	AT3G49470	18340934	18342644	1710
22181	AT3G05750	1703850	1707730	3880
22182	AT3G12070	3844772	3847586	2814
22183	AT3G44900	16388724	16391582	2858
22184	AT3G04630	1258519	1260871	2352
22185	AT3G46560	17138476	17139582	1106
22186	AT3G01970	325952	327412	1460
22187	AT3G10700	3346509	3351170	4661
22188	AT3G48700	18038648	18039879	1231
22189	AT3G09090	2782698	2787930	5232
22190	AT3G26810	9867652	9870782	3130
22191	AT3G26120	9546259	9549453	3194
22192	AT3G27190	10039198	10043066	3868
22193	AT3G06400	1940907	1946980	6073
22194	AT3G54826	20310269	20311854	1585
22195	AT3G01500	194426	198664	4238
22196	AT3G08040	2566196	2569700	3504
22197	AT3G03860	992074	994697	2623
22198	AT3G63300	23384988	23387842	2854
22199	AT3G52590	19505379	19506932	1553
22200	AT3G02050	350613	354345	3732
22201	AT3G61910	22929006	22930456	1450
22202	AT3G29670	11527756	11529420	1664
22203	AT3G47640	17567126	17569394	2268
22204	AT3G24340	8831935	8835829	3894
22205	AT3G50950	18935674	18938799	3125
22206	AT3G54920	20344785	20348659	3874
22207	AT3G18200	6234509	6236139	1630
22208	AT3G43860	15706954	15709989	3035
22209	AT3G10360	3210884	3215621	4737
22210	AT3G23920	8641181	8644449	3268
22211	AT3G10560	3299893	3301704	1811
22212	AT3G19180	6632637	6637292	4655
22213	AT3G20865	7308504	7308962	458
22214	AT3G58840	21757073	21758969	1896
22215	AT3G10985	3442237	3443680	1443
22216	AT3G01480	188321	190892	2571
22217	AT3G16920	5776264	5778052	1788
22218	AT3G44735	16291147	16292464	1317
22219	AT3G01390	149940	151572	1632
22220	AT3G59030	21819040	21821440	2400
22221	AT3G60350	22306488	22311244	4756
22222	AT3G49570	18372404	18373147	743
22223	AT3G62770	23218610	23221243	2633
22224	AT3G23830	8606429	8608297	1868
22225	AT3G28300	10565674	10567634	1960
22226	AT3G54030	20010927	20013766	2839
22227	AT3G19830	6884711	6890441	5730
22228	AT3G43810	15663000	15666469	3469
22229	AT3G22425	7951023	7953223	2200
22230	AT3G03780	956862	961032	4170
22231	AT3G54110	20038670	20041210	2540
22232	AT3G01020	5104	6149	1045
22233	AT3G28910	10911132	10913190	2058
22234	AT3G14415	4818251	4821013	2762
22235	AT3G17611	6024795	6026556	1761
22236	AT3G02470	508886	511561	2675
22237	AT3G54050	20016837	20018822	1985
22238	AT3G07050	2229355	2232361	3006
22239	AT3G45960	16892702	16894153	1451
22240	AT3G63310	23387718	23389038	1320
22241	AT3G13222	4250958	4254278	3320
22242	AT3G20110	7021263	7023299	2036
22243	AT3G55280	20500234	20501738	1504
22244	AT3G22900	8115065	8116253	1188
22245	AT3G45290	16617398	16621370	3972
22246	AT3G14680	4934330	4936644	2314
22247	AT3G56660	20986109	20988320	2211
22248	AT3G51880	19246936	19249200	2264
22249	AT3G23580	8459838	8462815	2977
22250	AT3G18035	6168963	6172005	3042
22251	AT3G26060	9524590	9526501	1911
22252	AT3G26150	9565627	9567226	1599
22253	AT3G53540	19846647	19851045	4398
22254	AT3G16570	5644593	5646557	1964
22255	AT3G14400	4811486	4815515	4029
22256	AT3G52970	19641278	19643282	2004
22257	AT3G21260	7463834	7465975	2141
22258	AT3G03690	911178	913824	2646
22259	AT3G18110	6204429	6209801	5372
22260	AT3G03120	717143	719449	2306
22261	AT3G12920	4121789	4123582	1793
22262	AT3G02040	348167	350010	1843
22263	AT3G09650	2958676	2961299	2623
22264	AT3G49360	18303007	18304466	1459
22265	AT3G15840	5356587	5358596	2009
22266	AT3G50000	18534450	18537073	2623
22267	AT3G19420	6731329	6735623	4294
22268	AT3G60030	22165580	22169984	4404
22269	AT3G25440	9223956	9225774	1818
22270	AT3G29810	11728024	11730350	2326
22271	AT3G46613	17165791	17166399	608
22272	AT3G10410	3235290	3238267	2977
22273	AT3G58710	21714911	21716916	2005
22274	AT3G59810	22096469	22097966	1497
22275	AT3G20910	7326355	7328581	2226
22276	AT3G29100	11075651	11077572	1921
22277	AT3G58810	21749966	21752141	2175
22278	AT3G07980	2543603	2551360	7757
22279	AT3G26932	9929996	9932249	2253
22280	AT3G18130	6210878	6212551	1673
22281	AT3G55460	20560802	20563885	3083
22282	AT3G06730	2124155	2126156	2001
22283	AT3G60010	22162914	22163601	687
22284	AT3G02800	606285	607907	1622
22285	AT3G47620	17558793	17561259	2466
22286	AT3G59990	22155705	22158954	3249
22287	AT3G20970	7348157	7350341	2184
22288	AT3G61190	22650159	22651636	1477
22289	AT3G06290	1898877	1907448	8571
22290	AT5G48953	19847642	19848284	642
22291	AT3G48580	18007098	18008535	1437
22292	AT3G50740	18855043	18857040	1997
22293	AT3G60100	22192730	22196447	3717
22294	AT3G17440	5969564	5972572	3008
22295	AT3G12145	3874487	3876302	1815
22296	AT3G01080	25355	27712	2357
22297	AT3G60190	22244169	22247976	3807
22298	AT3G17790	6089381	6091231	1850
22299	AT3G49250	18255960	18260998	5038
22300	AT3G07770	2478887	2484282	5395
22301	AT3G17040	5808666	5812780	4114
22302	AT3G23110	8222364	8224871	2507
22303	AT3G25655	9337431	9338075	644
22304	AT3G57560	21310825	21312378	1553
22305	AT3G20320	7087445	7089927	2482
22306	AT3G61630	22804998	22806527	1529
22307	AT3G58750	21724306	21728137	3831
22308	AT3G20600	7194771	7195769	998
22309	AT3G48231	17858234	17858874	640
22310	AT3G61150	22630331	22635155	4824
22311	AT3G11540	3631887	3638100	6213
22312	AT3G44490	16097479	16098599	1120
22313	AT3G10140	3134873	3137417	2544
22314	AT3G14080	4667308	4669194	1886
22315	AT3G02990	673428	676428	3000
22316	AT3G20400	7114347	7114766	419
22317	AT3G14020	4641930	4644571	2641
22318	AT3G02885	637921	639242	1321
22319	AT3G23100	8220682	8226400	5718
22320	AT3G19050	6577724	6590253	12529
22321	AT3G05720	1687583	1691821	4238
22322	AT3G05930	1770337	1771409	1072
22323	AT3G07060	2232534	2237141	4607
22324	AT3G20550	7174436	7178020	3584
22325	AT3G51820	19215930	19219128	3198
22326	AT3G52930	19626748	19629204	2456
22327	AT3G53120	19690571	19692578	2007
22328	AT3G59220	21893812	21895789	1977
22329	AT5G21120	7181926	7184365	2439
22330	AT5G40850	16365900	16369316	3416
22331	AT3G15370	5190554	5192197	1643
22332	AT3G11430	3595694	3597952	2258
22333	AT3G48300	17885465	17887272	1807
22334	AT3G04290	1133320	1136397	3077
22335	AT3G54140	20045603	20048745	3142
22336	AT3G02720	586224	588365	2141
22337	AT3G03540	846221	848297	2076
22338	AT3G24520	8941066	8942874	1808
22339	AT3G60840	22477573	22480980	3407
22340	AT3G44350	16022575	16024519	1944
22341	AT3G23010	8174341	8176911	2570
22342	AT3G57390	21233472	21235978	2506
22343	AT3G17390	5952187	5954091	1904
22344	AT3G60120	22205931	22209156	3225
22345	AT3G21820	7688434	7691567	3133
22346	AT3G27160	10017321	10019442	2121
22347	AT3G63260	23372878	23375405	2527
22348	AT3G26180	9578032	9580113	2081
22349	AT3G27925	10365652	10369013	3361
22350	AT3G51960	19282390	19284210	1820
22351	AT3G09520	2923518	2925889	2371
22352	AT3G12610	4006346	4008018	1672
22353	AT3G15050	5066879	5068013	1134
22354	AT3G25540	9274335	9276685	2350
22355	AT3G23590	8467398	8473627	6229
22356	AT3G45610	16739247	16740546	1299
22357	AT3G13290	4297282	4303634	6352
22358	AT3G63088	23313004	23313388	384
22359	AT3G18750	6454013	6457613	3600
22360	AT3G46620	17178601	17180559	1958
22361	AT3G25520	9269277	9271465	2188
22362	AT3G27720	10271876	10273621	1745
22363	AT3G56970	21084035	21085245	1210
22364	AT3G13710	4490628	4493831	3203
22365	AT3G50240	18623254	18628914	5660
22366	AT3G54700	20248214	20250948	2734
22367	AT3G24503	8919560	8923296	3736
22368	AT3G24310	8811011	8812483	1472
22369	AT3G57300	21199150	21207893	8743
22370	AT3G23410	8382672	8386181	3509
22371	AT3G25170	9165667	9166820	1153
22372	AT3G08720	2648372	2651231	2859
22373	AT3G55515	20590263	20591401	1138
22374	AT3G45590	16732540	16733854	1314
22375	AT3G26640	9793179	9794874	1695
22376	AT3G05020	1391632	1392954	1322
22377	AT3G02920	651572	654487	2915
22378	AT3G14550	4884563	4887487	2924
22379	AT3G22370	7906521	7908746	2225
22380	AT3G50260	18634546	18635514	968
22381	AT3G52880	19601167	19604597	3430
22382	AT3G09400	2891040	2893629	2589
22383	AT3G54320	20114488	20118745	4257
22384	AT3G22960	8139185	8142052	2867
22385	AT3G23810	8587622	8589754	2132
22386	AT3G44300	15983199	15985535	2336
22387	AT3G59550	21997052	22000737	3685
22388	AT3G10690	3339392	3346360	6968
22389	AT3G26290	9632608	9634822	2214
22390	AT3G48590	18008593	18010018	1425
22391	AT3G19490	6754615	6758285	3670
22392	AT3G48280	17879542	17881388	1846
22393	AT3G04420	1172687	1174508	1821
22394	AT3G11650	3675953	3677279	1326
22395	AT3G03950	1021146	1024015	2869
22396	AT3G22942	8134077	8136204	2127
22397	AT3G29770	11648096	11650980	2884
22398	AT3G16130	5466246	5468774	2528
22399	AT3G44680	16226519	16230009	3490
22400	AT3G24890	9097391	9099073	1682
22401	AT3G61230	22664425	22665690	1265
22402	AT3G58170	21542359	21544084	1725
22403	AT3G04070	1061300	1063234	1934
22404	AT3G12060	3843088	3845511	2423
22405	AT3G52850	19587756	19591947	4191
22406	AT3G09820	3011780	3014944	3164
22407	AT3G30720	12349047	12349933	886
22408	AT3G23220	8287942	8288602	660
22409	AT3G20580	7187699	7190648	2949
22410	AT3G13200	4242100	4244173	2073
22411	AT3G50960	18938697	18940428	1731
22412	AT3G10220	3161706	3164231	2525
22413	AT3G44540	16123426	16128030	4604
22414	AT3G44340	16011547	16020336	8789
22415	AT3G13920	4592248	4595080	2832
22416	AT3G45300	16621452	16625043	3591
22417	AT3G59600	22016376	22018361	1985
22418	AT3G48000	17716864	17720169	3305
22419	AT3G60570	22391153	22392708	1555
22420	AT3G11220	3513350	3516447	3097
22421	AT3G26210	9592727	9595283	2556
22422	AT3G06540	2034913	2037791	2878
22423	AT3G24320	8822924	8829728	6804
22424	AT3G56170	20842145	20844537	2392
22425	AT3G08900	2708086	2709949	1863
22426	AT3G61470	22745514	22747444	1930
22427	AT3G16785	5710889	5719192	8303
22428	AT3G11440	3602036	3605172	3136
22429	AT3G12380	3938183	3941935	3752
22430	AT3G17700	6048814	6052675	3861
22431	AT3G53030	19662195	19664553	2358
22432	AT3G22330	7892508	7895499	2991
22433	AT3G23380	8373375	8375098	1723
22434	AT3G49600	18380417	18387239	6822
22435	AT3G18485	6341918	6343178	1260
22436	AT3G48780	18089020	18093252	4232
22437	AT3G25010	9110057	9112936	2879
22438	AT3G52115	19326035	19328379	2344
22439	AT3G10500	3271217	3274176	2959
22440	AT3G44920	16396925	16399924	2999
22441	AT3G55130	20433839	20436453	2614
22442	AT3G25040	9124270	9126377	2107
22443	AT3G54350	20122017	20126981	4964
22444	AT3G61600	22795422	22798324	2902
22445	AT3G54340	20119140	20121314	2174
22446	AT3G13470	4389215	4393015	3800
22447	AT3G24515	8934408	8936298	1890
22448	AT3G17470	5979814	5982145	2331
22449	AT3G03340	786205	790152	3947
22450	AT3G16730	5695321	5699167	3846
22451	AT3G08560	2600091	2601907	1816
22452	AT3G30530	12139438	12140293	855
22453	AT3G06740	2126312	2127467	1155
22454	AT3G57860	21426285	21428340	2055
22455	AT3G10730	3358288	3360702	2414
22456	AT3G46520	17128211	17131466	3255
22457	AT3G12520	3967816	3972135	4319
22458	AT3G54560	20196140	20197726	1586
22459	AT3G42960	15018695	15019685	990
22460	AT3G54650	20225730	20229214	3484
22461	AT3G52820	19573916	19577141	3225
22462	AT3G27000	9952479	9955982	3503
22463	AT3G58680	21707247	21708972	1725
22464	AT3G03050	686981	691911	4930
22465	AT3G06860	2161735	2166357	4622
22466	AT3G26660	9797129	9797620	491
22467	AT3G18518	6360135	6360532	397
22468	AT3G11700	3698658	3701514	2856
22469	AT3G17630	6028688	6031986	3298
22470	AT3G53290	19758157	19759603	1446
22471	AT3G12240	3902254	3904992	2738
22472	AT3G62300	23054004	23057283	3279
22473	AT3G03480	828235	829926	1691
22474	AT3G54260	20084971	20086967	1996
22475	AT3G60130	22210026	22213882	3856
22476	AT3G47600	17539289	17541307	2018
22477	AT3G46330	17020718	17025069	4351
22478	AT3G04670	1266056	1268378	2322
22479	AT3G10572	3304225	3306504	2279
22480	AT3G04720	1285425	1286760	1335
22481	AT3G21110	7402477	7405674	3197
22482	AT3G19170	6625377	6632164	6787
22483	AT3G15790	5342712	5344715	2003
22484	AT3G11170	3499537	3502452	2915
22485	AT3G46510	17123731	17126897	3166
22486	AT3G05380	1539527	1546469	6942
22487	AT3G19150	6616330	6617951	1621
22488	AT3G24350	8837542	8839702	2160
22489	AT3G10340	3203988	3208135	4147
22490	AT3G23130	8242256	8243372	1116
22491	AT3G09530	2926042	2928569	2527
22492	AT3G01460	173190	182454	9264
22493	AT3G18820	6484068	6486264	2196
22494	AT3G60220	22254563	22256177	1614
22495	AT3G13750	4510965	4516478	5513
22496	AT3G07160	2264862	2279916	15054
22497	AT3G06020	1813164	1814363	1199
22498	AT3G53750	19915257	19917775	2518
22499	AT3G10570	3301887	3303982	2095
22500	AT3G23890	8624636	8631392	6756
22501	AT3G23030	8180646	8182095	1449
22502	AT3G13640	4458389	4461844	3455
22503	AT3G12500	3962136	3963984	1848
22504	AT3G51800	19210914	19213776	2862
22505	AT3G10110	3116110	3117894	1784
22506	AT3G26500	9707912	9710100	2188
22507	AT3G20520	7162766	7165864	3098
22508	AT3G12120	3860251	3863250	2999
22509	AT3G63110	23317971	23319636	1665
22510	AT3G30725	12352472	12353033	561
22511	AT3G62690	23185348	23186720	1372
22512	AT3G21250	7457433	7463644	6211
22513	AT3G47870	17659680	17661354	1674
22514	AT3G51740	19188844	19192161	3317
22515	AT3G17730	6064272	6066180	1908
22516	AT3G48720	18046144	18049474	3330
22517	AT3G61380	22708482	22712077	3595
22518	AT3G12550	3978005	3981881	3876
22519	AT3G58790	21742071	21746324	4253
22520	AT3G54670	20235506	20244046	8540
22521	AT3G61580	22786022	22787972	1950
22522	AT3G58100	21515170	21517739	2569
22523	AT3G60900	22499292	22501239	1947
22524	AT3G17320	5915427	5916656	1229
22525	AT3G57660	21353497	21363201	9704
22526	AT3G13530	4411688	4423000	11312
22527	AT3G05870	1753289	1755631	2342
22528	AT3G06430	1956409	1958304	1895
22529	AT3G26710	9813223	9814752	1529
22530	AT3G12530	3972180	3974440	2260
22531	AT3G22200	7835144	7839061	3917
22532	AT3G29360	11267007	11269356	2349
22533	AT3G04770	1309273	1311129	1856
22534	AT3G59900	22129505	22130472	967
22535	AT3G18070	6187267	6190180	2913
22536	AT3G24010	8675905	8678286	2381
22537	AT3G01470	182396	184403	2007
22538	AT3G24800	9055509	9058020	2511
22539	AT3G13300	4303822	4310275	6453
22540	AT3G28415	10647123	10651540	4417
22541	AT3G21200	7436026	7438011	1985
22542	AT3G50470	18728935	18730497	1562
22543	AT3G27080	9984947	9986738	1791
22544	AT3G47730	17594060	17599083	5023
22545	AT3G16980	5794392	5795827	1435
22546	AT3G27580	10217417	10220061	2644
22547	AT3G25585	9295175	9298746	3571
22548	AT3G13730	4497893	4500920	3027
22549	AT3G57260	21188397	21189967	1570
22550	AT3G12230	3899364	3901879	2515
22551	AT3G24050	8685739	8687726	1987
22552	AT3G28920	10940305	10941833	1528
22553	AT3G22590	8003898	8005902	2004
22554	AT3G21420	7541384	7543560	2176
22555	AT3G14930	5020461	5023146	2685
22556	AT3G12250	3905423	3908983	3560
22557	AT3G11750	3714762	3716018	1256
22558	AT3G59700	22052121	22054394	2273
22559	AT3G42473	14607080	14607971	891
22560	AT3G50480	18733021	18734420	1399
22561	AT3G26830	9887917	9889791	1874
22562	AT3G53020	19660488	19662025	1537
22563	AT3G51240	19025192	19026872	1680
22564	AT3G55530	20595126	20597603	2477
22565	AT3G61220	22662849	22664493	1644
22566	AT3G50830	18893739	18895587	1848
22567	AT3G23150	8254559	8257888	3329
22568	AT3G59380	21944170	21946007	1837
22569	AT3G43440	15367546	15370157	2611
22570	AT3G22300	7885637	7886876	1239
22571	AT3G11900	3758452	3760751	2299
22572	AT3G25220	9182616	9184679	2063
22573	AT3G28290	10547441	10549401	1960
22574	AT3G47350	17446818	17450742	3924
22575	AT3G54170	20056664	20059583	2919
22576	AT3G53060	19670166	19670423	257
22577	AT3G63520	23452808	23456078	3270
22578	AT3G14980	5039812	5045525	5713
22579	AT3G24550	8960095	8963568	3473
22580	AT3G55210	20465095	20466419	1324
22581	AT3G57240	21181642	21183144	1502
22582	AT3G14230	4737120	4739298	2178
22583	AT3G60970	22557282	22561716	4434
22584	AT3G47220	17387883	17390960	3077
22585	AT3G53230	19723350	19727128	3778
22586	AT3G53305	19763618	19765268	1650
22587	AT3G16260	5509344	5513245	3901
22588	AT3G03800	969050	971691	2641
22589	AT3G12890	4099199	4100534	1335
22590	AT3G45870	16867033	16868926	1893
22591	AT3G52380	19421397	19423097	1700
22592	AT3G16150	5471735	5473360	1625
22593	AT3G26410	9669415	9671348	1933
22594	AT3G55610	20624020	20629295	5275
22595	AT3G25740	9397784	9399805	2021
22596	AT3G20190	7044711	7047423	2712
22597	AT3G25265	9202692	9203671	979
22598	AT3G09810	3008499	3011465	2966
22599	AT3G58460	21623179	21626701	3522
22600	AT3G54720	20254639	20257916	3277
22601	AT3G15000	5050195	5052455	2260
22602	AT3G47750	17606359	17611065	4706
22603	AT3G16250	5506931	5508414	1483
22604	AT3G01640	239333	241492	2159
22605	AT3G13390	4350936	4353396	2460
22606	AT3G60460	22342321	22343576	1255
22607	AT3G04880	1346273	1347377	1104
22608	AT3G27620	10229045	10230707	1662
22609	AT3G26160	9568280	9569886	1606
22610	AT3G51895	19251287	19255922	4635
22611	AT3G60360	22312258	22314427	2169
22612	AT3G13850	4559619	4561020	1401
22613	AT3G50460	18727666	18728810	1144
22614	AT3G07220	2297886	2299572	1686
22615	AT3G60720	22441771	22443876	2105
22616	AT3G21840	7695228	7695936	708
22617	AT3G46100	16928158	16931053	2895
22618	AT3G54230	20073028	20080384	7356
22619	AT3G27840	10323354	10323950	596
22620	AT3G02580	546739	548846	2107
22621	AT3G57270	21191237	21193189	1952
22622	AT3G29020	11008079	11009456	1377
22623	AT3G57130	21147558	21150238	2680
22624	AT3G48930	18140771	18142281	1510
22625	AT3G05310	1510160	1513301	3141
22626	AT3G26190	9583465	9585109	1644
22627	AT3G04943	1368248	1368678	430
22628	AT3G55005	20383896	20386452	2556
22629	AT3G10640	3323271	3325085	1814
22630	AT3G04870	1342455	1346387	3932
22631	AT3G09640	2956156	2958330	2174
22632	AT3G57690	21384146	21384605	459
22633	AT3G48750	18071454	18074641	3187
22634	AT3G63080	23309737	23311397	1660
22635	AT3G16857	5755714	5759443	3729
22636	AT3G25165	9163340	9163938	598
22637	AT3G22310	7887276	7890153	2877
22638	AT3G24540	8952800	8955648	2848
22639	AT3G56190	20845674	20848695	3021
22640	AT3G60500	22353845	22356849	3004
22641	AT3G21880	7706257	7708346	2089
22642	AT3G19553	6790731	6792988	2257
22643	AT3G15390	5196522	5200394	3872
22644	AT3G58160	21534064	21542127	8063
22645	AT3G63420	23417249	23419024	1775
22646	AT3G63160	23333399	23334034	635
22647	AT3G29250	11193389	11195171	1782
22648	AT3G21350	7517070	7518777	1707
22649	AT3G66658	2094998	2099250	4252
22650	AT3G17690	6045002	6048529	3527
22651	AT3G17590	6017166	6019724	2558
22652	AT3G59760	22071948	22075453	3505
22653	AT3G49780	18465318	18467224	1906
22654	AT3G20050	6998159	7002435	4276
22655	AT3G23250	8309209	8310910	1701
22656	AT3G29035	11033665	11035308	1643
22657	AT3G62150	23008653	23014030	5377
22658	AT3G25780	9409160	9411090	1930
22659	AT3G58070	21506572	21507739	1167
22660	AT3G17465	5977722	5979694	1972
22661	AT3G14810	4970944	4974534	3590
22662	AT3G14590	4904270	4908067	3797
22663	AT3G61890	22914154	22915393	1239
22664	AT3G22190	7830905	7834135	3230
22665	AT3G20880	7313538	7315883	2345
22666	AT3G30180	11810726	11813883	3157
22667	AT3G25800	9422476	9426049	3573
22668	AT3G26220	9595930	9597927	1997
22669	AT3G06030	1818732	1822858	4126
22670	AT3G03090	700433	704828	4395
22671	AT3G49170	18226827	18229610	2783
22672	AT3G26618	9788231	9790451	2220
22673	AT3G26520	9722443	9723904	1461
22674	AT3G60020	22164630	22165376	746
22675	AT3G08550	2596023	2599898	3875
22676	AT3G16100	5459162	5460816	1654
22677	AT3G20070	7004672	7006941	2269
22678	AT3G10370	3216339	3219270	2931
22679	AT3G50660	18813949	18817405	3456
22680	AT3G28070	10447845	10451064	3219
22681	AT3G04380	1161366	1164977	3611
22682	AT3G14362	4793678	4794417	739
22683	AT3G26600	9769634	9772122	2488
22684	AT3G53610	19876232	19878792	2560
22685	AT3G61172	22641713	22642182	469
22686	AT3G60160	22223264	22229487	6223
22687	AT3G09270	2848183	2849686	1503
22688	AT3G45780	16816721	16824210	7489
22689	AT3G27430	10152458	10155447	2989
22690	AT3G23727	8544798	8545613	815
22691	AT3G07630	2435408	2437989	2581
22692	AT3G53232	19730774	19731519	745
22693	AT3G23560	8453903	8456708	2805
22694	AT3G04910	1354536	1358235	3699
22695	AT3G19710	6846969	6849582	2613
22696	AT3G53920	19960789	19963980	3191
22697	AT3G21865	7701003	7703504	2501
22698	AT3G19270	6673689	6676521	2832
22699	AT3G62610	23154630	23156585	1955
22700	AT3G19700	6843662	6847275	3613
22701	AT3G03490	830116	831997	1881
22702	AT3G25110	9146271	9148525	2254
22703	AT3G14300	4766905	4769936	3031
22704	AT3G04430	1175506	1176986	1480
22705	AT3G52940	19630077	19633328	3251
22706	AT3G04110	1077236	1080504	3268
22707	AT3G07560	2411321	2413587	2266
22708	AT3G53500	19834240	19837088	2848
22709	AT3G20480	7151387	7153464	2077
22710	AT3G52190	19353867	19357261	3394
22711	AT3G27280	10076809	10078608	1799
22712	AT3G61110	22611521	22612905	1384
22713	AT3G25860	9460433	9463013	2580
22714	AT3G53760	19917788	19922512	4724
22715	AT3G05330	1518857	1521909	3052
22716	AT3G02520	526293	528388	2095
22717	AT3G62230	23031531	23033146	1615
22718	AT3G58650	21696072	21699998	3926
22719	AT3G55360	20520930	20523098	2168
22720	AT3G19860	6903757	6906207	2450
22721	AT3G05630	1635194	1640357	5163
22722	AT3G24560	8963770	8966616	2846
22723	AT3G16380	5558445	5561126	2681
22724	AT3G27060	9979841	9981620	1779
22725	AT3G28380	10623699	10628201	4502
22726	AT3G12570	3988590	3991079	2489
22727	AT3G20770	7260429	7263384	2955
22728	AT3G06930	2185129	2189434	4305
22729	AT3G25820	9439146	9442774	3628
22730	AT3G54770	20273672	20276016	2344
22731	AT3G48170	17785854	17790026	4172
22732	AT3G22460	7963855	7965907	2052
22733	AT3G16690	5684317	5686544	2227
22734	AT3G61620	22801215	22804104	2889
22735	AT3G28730	10784888	10788729	3841
22736	AT3G59410	21948851	21959410	10559
22737	AT3G05240	1493684	1495381	1697
22738	AT3G20210	7052347	7054743	2396
22739	AT3G06190	1874169	1876946	2777
22740	AT3G02020	337712	343912	6200
22741	AT3G49240	18255961	18258203	2242
22742	AT3G49680	18422542	18425758	3216
22743	AT3G50930	18929526	18932181	2655
22744	AT3G02680	576308	579562	3254
22745	AT3G27310	10087106	10089260	2154
22746	AT3G56960	21079957	21084420	4463
22747	AT3G14610	4912324	4914672	2348
22748	AT3G51850	19232358	19235891	3533
22749	AT3G04710	1276668	1281170	4502
22750	AT3G56950	21078297	21079925	1628
22751	AT3G19160	6621988	6623278	1290
22752	AT3G50510	18744887	18746045	1158
22753	AT3G12600	4004469	4006330	1861
22754	AT3G26740	9827682	9828917	1235
22755	AT3G21270	7474544	7475903	1359
22756	AT3G50890	18916014	18917386	1372
22757	AT3G20100	7018826	7020901	2075
22758	AT3G24650	8997370	9001185	3815
22759	AT3G47700	17583601	17586707	3106
22760	AT3G55040	20398538	20400346	1808
22761	AT3G27785	10288603	10290934	2331
22762	AT3G61175	22642983	22643309	326
22763	AT3G07800	2489387	2491180	1793
22764	AT3G19820	6879524	6882315	2791
22765	AT3G04240	1113914	1120933	7019
22766	AT3G22480	7967989	7969705	1716
22767	ATMG01230	308932	309369	437
22768	AT3G21890	7708833	7709933	1100
22769	AT3G62420	23091586	23092850	1264
22770	AT3G46290	17012500	17015885	3385
22771	AT3G57040	21109059	21111567	2508
22772	AT3G18380	6310712	6313406	2694
22773	AT3G02570	543346	545602	2256
22774	AT3G06050	1825999	1827917	1918
22775	AT3G01530	210119	211804	1685
22776	AT3G15950	5397541	5402653	5112
22777	AT3G05420	1561671	1567336	5665
22778	AT3G52300	19396424	19398444	2020
22779	AT3G24500	8918267	8919683	1416
22780	AT3G21280	7477930	7482125	4195
22781	AT3G52450	19440617	19442427	1810
22782	AT3G05710	1684946	1687664	2718
22783	AT3G53780	19924538	19927026	2488
22784	AT3G59010	21802770	21805335	2565
22785	AT3G12990	4156054	4158004	1950
22786	AT3G05090	1417893	1423673	5780
22787	AT3G48160	17783331	17786160	2829
22788	AT3G14310	4771833	4775258	3425
22789	AT3G10850	3397549	3399761	2212
22790	AT3G03190	734892	735987	1095
22791	AT3G25420	9217832	9220836	3004
22792	AT3G12480	3957763	3960472	2709
22793	AT3G51790	19209515	19210849	1334
22794	AT3G18440	6328027	6330816	2789
22795	AT3G50980	18941925	18942940	1015
22796	AT3G27070	9982959	9984808	1849
22797	AT3G01070	19409	20806	1397
22798	AT3G17300	5907212	5909003	1791
22799	AT3G60000	22160815	22162867	2052
22800	AT3G16540	5626290	5628857	2567
22801	AT3G57050	21111700	21114737	3037
22802	AT3G47710	17590544	17591670	1126
22803	AT3G53000	19653910	19656135	2225
22804	AT3G06060	1827922	1830469	2547
22805	AT3G51300	19042858	19044393	1535
22806	AT3G23210	8283003	8285081	2078
22807	AT3G55110	20424550	20427384	2834
22808	AT3G04735	1292359	1292753	394
22809	AT3G16390	5562400	5564574	2174
22810	AT3G15540	5264001	5265695	1694
22811	AT3G23805	8586359	8587271	912
22812	AT3G22990	8163941	8166350	2409
22813	AT3G03530	842499	845096	2597
22814	AT3G49260	18262290	18266021	3731
22815	AT3G06960	2194208	2196581	2373
22816	AT3G09370	2879353	2882396	3043
22817	AT3G18990	6548127	6552055	3928
22818	AT3G24090	8697685	8701052	3367
22819	AT3G55270	20496081	20500019	3938
22820	AT3G47360	17450852	17452949	2097
22821	AT3G09790	3003862	3006250	2388
22822	AT3G12220	3896207	3899019	2812
22823	AT3G21560	7595680	7597607	1927
22824	AT3G44530	16115498	16121534	6036
22825	AT3G13682	4478873	4481767	2894
22826	AT3G59820	22097979	22102224	4245
22827	AT3G03720	925556	930002	4446
22828	AT3G25230	9188096	9191630	3534
22829	AT3G26270	9627562	9629200	1638
22830	AT3G53300	19760475	19762357	1882
22831	AT3G17310	5908934	5913345	4411
22832	AT3G02260	430877	448680	17803
22833	AT3G55440	20553403	20556560	3157
22834	AT3G15210	5121303	5122562	1259
22835	AT3G63030	23295285	23296626	1341
22836	AT3G15580	5273526	5275095	1569
22837	AT3G61850	22895268	22897732	2464
22838	AT3G19580	6802903	6804296	1393
22839	AT3G04260	1122948	1127581	4633
22840	AT3G01650	241739	245284	3545
22841	AT3G54640	20223034	20225523	2489
22842	AT3G17510	5988924	5993001	4077
22843	AT3G51600	19138338	19139423	1085
22844	AT3G24590	8970632	8972464	1832
22845	AT3G21640	7618851	7621477	2626
22846	AT3G02550	536500	538126	1626
22847	AT3G07020	2217622	2221956	4334
22848	AT3G14350	4782757	4787243	4486
22849	AT3G21870	7703799	7704958	1159
22850	AT3G63140	23326867	23328789	1922
22851	AT3G18910	6521569	6523061	1492
22852	AT3G53620	19880504	19883743	3239
22853	AT3G06483	1990349	1992864	2515
22854	AT3G13784	4528362	4530713	2351
22855	AT3G61460	22741511	22742772	1261
22856	AT3G62210	23026601	23028335	1734
22857	AT3G56110	20820135	20823106	2971
22858	AT3G59360	21935278	21940365	5087
22859	AT3G47460	17486490	17493395	6905
22860	AT3G59690	22048557	22051673	3116
22861	AT3G42880	14954363	14957031	2668
22862	AT3G56860	21048727	21052320	3593
22863	AT3G63200	23345754	23347672	1918
22864	AT3G04690	1273057	1276945	3888
22865	AT3G11397	3576017	3578082	2065
22866	AT3G01600	229075	231517	2442
22867	AT3G18650	6417344	6418504	1160
22868	AT3G53530	19845097	19846820	1723
22869	AT3G51030	18950918	18952109	1191
22870	AT3G03220	742354	744315	1961
22871	AT3G47060	17332926	17336966	4040
22872	AT3G26125	9551812	9553602	1790
22873	AT3G17880	6123341	6126281	2940
22874	AT3G63500	23446230	23450284	4054
22875	AT3G42670	14755798	14760629	4831
22876	AT3G49750	18450422	18451659	1237
22877	AT3G58190	21548484	21549572	1088
22878	AT3G10600	3313953	3317340	3387
22879	AT3G07990	2552394	2554921	2527
22880	AT3G15020	5055741	5058249	2508
22881	AT3G61530	22771405	22773790	2385
22882	AT3G16810	5723222	5727664	4442
22883	AT3G23635	8497679	8498390	711
22884	AT3G26980	9945756	9948084	2328
22885	AT3G10280	3180064	3181611	1547
22886	AT3G21240	7454269	7457404	3135
22887	AT3G45130	16512170	16517781	5611
22888	AT3G56800	21034534	21036166	1632
22889	AT3G26650	9794862	9797045	2183
22890	AT3G53150	19697607	19699392	1785
22891	AT3G55880	20736508	20738967	2459
22892	AT3G26300	9638954	9640918	1964
22893	AT3G43700	15601754	15603898	2144
22894	AT3G44250	15948505	15950245	1740
22895	AT3G20290	7074764	7079014	4250
22896	AT3G30775	12448636	12451556	2920
22897	AT3G10620	3320163	3321724	1561
22898	AT3G29090	11073646	11075478	1832
22899	AT3G55980	20776220	20778952	2732
22900	AT3G25530	9271515	9273751	2236
22901	AT3G16950	5786298	5790536	4238
22902	AT3G05820	1732988	1735765	2777
22903	AT3G01440	168408	169662	1254
22904	AT3G47450	17483068	17486347	3279
22905	AT3G04730	1288155	1290891	2736
22906	AT3G01900	312241	314120	1879
22907	AT3G54990	20373718	20376522	2804
22908	AT3G22890	8112614	8115024	2410
22909	AT3G53410	19800951	19802328	1377
22910	AT3G46970	17301394	17306633	5239
22911	AT3G16170	5475855	5480349	4494
22912	AT3G07360	2354640	2356884	2244
22913	AT3G20310	7084727	7086894	2167
22914	AT3G16640	5669317	5670842	1525
22915	AT3G22640	8011724	8013941	2217
22916	AT3G26320	9644319	9646093	1774
22917	AT3G16720	5692607	5694181	1574
22918	AT3G12490	3960401	3961920	1519
22919	AT3G21190	7432193	7434743	2550
22920	AT3G20080	7007869	7013694	5825
22921	AT3G44260	15952008	15953346	1338
22922	AT3G01370	139011	143782	4771
22923	AT3G15150	5101844	5104159	2315
22924	AT3G29400	11297180	11299695	2515
22925	AT3G62880	23244614	23246066	1452
22926	AT3G18890	6510982	6515108	4126
22927	AT3G53450	19812977	19815666	2689
22928	AT3G52280	19388970	19391424	2454
22929	AT3G49380	18311760	18313621	1861
22930	AT3G47960	17697942	17700923	2981
22931	AT3G48290	17882465	17884515	2050
22932	AT3G15060	5069104	5070540	1436
22933	AT3G27170	10023931	10027198	3267
22934	AT3G60870	22492811	22494253	1442
22935	AT3G47500	17503883	17506124	2241
22936	AT3G50310	18648075	18649521	1446
22937	AT3G28007	10408073	10409977	1904
22938	AT3G12700	4036945	4039185	2240
22939	AT3G56690	20993649	20998695	5046
22940	AT3G14225	4734553	4735993	1440
22941	AT3G07100	2245164	2250796	5632
22942	AT3G15820	5350814	5353752	2938
22943	AT3G58850	21759350	21760390	1040
22944	AT3G45240	16570478	16573762	3284
22945	AT3G44200	15906348	15912040	5692
22946	AT3G48500	17962080	17965723	3643
22947	AT3G14050	4650714	4654046	3332
22948	AT3G49760	18455231	18456125	894
22949	AT3G62600	23150779	23153649	2870
22950	AT3G05970	1786279	1791887	5608
22951	AT3G04460	1186440	1189508	3068
22952	AT3G05030	1393142	1397627	4485
22953	AT3G51920	19267951	19269658	1707
22954	AT3G13050	4176392	4179081	2689
22955	AT3G20250	7058871	7063372	4501
22956	AT3G56620	20972488	20974625	2137
22957	AT3G10490	3267825	3271202	3377
22958	AT3G28360	10611024	10616361	5337
22959	AT3G27940	10373251	10376480	3229
22960	AT3G29030	11011262	11013451	2189
22961	AT3G16360	5554197	5555789	1592
22962	AT3G03760	943557	944834	1277
22963	AT3G09390	2889406	2890574	1168
22964	AT3G48530	17987378	17989763	2385
22965	AT3G28470	10674508	10675724	1216
22966	AT3G61182	22647724	22648168	444
22967	AT3G17650	6034109	6037349	3240
22968	AT3G27260	10067529	10072760	5231
22969	AT3G60620	22406313	22408747	2434
22970	AT3G21090	7391286	7395096	3810
22971	AT3G54090	20028052	20030055	2003
22972	AT3G22120	7794758	7796460	1702
22973	AT3G04400	1167250	1168723	1473
22974	AT3G11660	3678595	3679943	1348
22975	AT3G02850	619678	623739	4061
22976	AT3G51420	19083980	19086300	2320
22977	AT3G18030	6167640	6168966	1326
22978	AT3G19140	6614910	6615335	425
22979	AT3G05370	1535950	1538870	2920
22980	AT3G50820	18890874	18892508	1634
22981	AT3G47470	17493343	17495033	1690
22982	AT3G02970	668998	670567	1569
22983	AT3G55340	20515630	20518059	2429
22984	AT3G57180	21163545	21166138	2593
22985	AT3G04370	1159409	1161338	1929
22986	AT3G53510	19837148	19839983	2835
22987	AT3G54220	20069987	20072878	2891
22988	AT3G11080	3470304	3473685	3381
22989	AT3G05520	1598449	1601437	2988
22990	AT3G02310	464279	467151	2872
22991	AT3G55770	20703171	20705341	2170
22992	AT3G15352	5179358	5180665	1307
22993	AT3G20935	7334179	7336013	1834
22994	AT3G22360	7904097	7905576	1479
22995	AT3G48730	18049571	18051778	2207
22996	AT3G43790	15655319	15660126	4807
22997	AT3G05210	1479339	1482042	2703
22998	AT3G24170	8729354	8734624	5270
22999	AT3G12680	4025076	4029140	4064
23000	AT3G14690	4937172	4939871	2699
23001	AT3G54620	20217854	20220497	2643
23002	AT3G48520	17974853	17976774	1921
23003	AT3G07420	2373913	2376975	3062
23004	AT3G13460	4384563	4388592	4029
23005	AT3G11260	3527280	3528440	1160
23006	AT3G54490	20173605	20175462	1857
23007	AT3G28455	10669725	10671645	1920
23008	AT3G10150	3137362	3139169	1807
23009	AT3G52340	19406853	19409457	2604
23010	AT3G28340	10588947	10590685	1738
23011	AT3G21830	7693481	7693939	458
23012	AT3G53720	19905591	19910244	4653
23013	AT3G48990	18158565	18161486	2921
23014	AT3G03380	799500	808540	9040
23015	AT3G50080	18572624	18574548	1924
23016	AT3G17360	5935880	5946540	10660
23017	AT3G02410	489670	494958	5288
23018	AT3G11340	3556554	3558361	1807
23019	AT3G66656	2091262	2091798	536
23020	AT3G21700	7644265	7646640	2375
23021	AT3G02000	332275	333072	797
23022	AT3G30260	11908870	11913166	4296
23023	AT3G03660	889166	892229	3063
23024	AT3G11050	3463477	3465506	2029
23025	AT3G47690	17581096	17583586	2490
23026	AT3G52000	19293010	19294881	1871
23027	AT3G02540	532808	536414	3606
23028	AT3G01100	34658	38660	4002
23029	AT3G52910	19615977	19618507	2530
23030	AT3G05690	1676504	1679061	2557
23031	AT3G12660	4019060	4019827	767
23032	AT3G25710	9369499	9371487	1988
23033	AT3G44660	16214964	16215785	821
23034	AT3G60240	22261648	22268496	6848
23035	AT3G52840	19581049	19586354	5305
23036	AT3G60640	22415751	22417548	1797
23037	AT3G24620	8980400	8982903	2503
23038	AT3G07490	2391122	2391908	786
23039	AT3G48740	18052466	18054832	2366
23040	AT3G63170	23334574	23336081	1507
23041	AT3G60600	22400110	22402724	2614
23042	AT3G62100	22995686	22996809	1123
23043	AT3G53280	19755689	19757613	1924
23044	AT3G50750	18861749	18863397	1648
23045	AT3G46940	17288134	17289006	872
23046	AT3G12720	4043288	4044715	1427
23047	AT3G56850	21046234	21048614	2380
23048	AT3G14090	4669197	4671796	2599
23049	AT3G08940	2717557	2718923	1366
23050	AT3G49940	18514266	18516131	1865
23051	AT3G10520	3276163	3277930	1767
23052	AT3G13360	4338250	4340446	2196
23053	AT3G27890	10350595	10352033	1438
23054	AT3G26090	9532613	9535629	3016
23055	AT3G19510	6762761	6766597	3836
23056	AT3G46820	17241702	17244281	2579
23057	AT3G49860	18491084	18492241	1157
23058	AT3G11710	3702048	3705716	3668
23059	AT3G24220	8761419	8763303	1884
23060	AT3G20740	7248809	7252452	3643
23061	AT3G54660	20229637	20233211	3574
23062	AT3G15400	5201622	5203197	1575
23063	AT3G06010	1802141	1807530	5389
23064	AT3G47300	17428443	17429623	1180
23065	AT3G04945	1369114	1369532	418
23066	AT3G07390	2365301	2366496	1195
23067	AT3G27830	10318455	10319920	1465
23068	AT3G18740	6453303	6454018	715
23069	AT3G61060	22602816	22604582	1766
23070	AT3G10000	3076781	3079188	2407
23071	AT3G61650	22812082	22815216	3134
23072	AT3G15030	5061681	5064152	2471
23073	AT3G42790	14877890	14879792	1902
23074	AT3G53340	19774318	19776289	1971
23075	AT3G20475	7143418	7151047	7629
23076	AT3G46040	16914525	16915837	1312
23077	AT3G11090	3474922	3475848	926
23078	AT3G57520	21288742	21293171	4429
23079	AT3G18970	6543318	6545432	2114
23080	AT3G21760	7667027	7668724	1697
23081	AT3G18220	6247900	6250007	2107
23082	AT3G29370	11278375	11279214	839
23083	AT3G53800	19930798	19932961	2163
23084	AT3G59770	22078972	22086236	7264
23085	AT3G25500	9251093	9255083	3990
23086	AT3G48270	17876571	17878173	1602
23087	AT3G20960	7345261	7347210	1949
23088	AT3G25250	9195334	9197126	1792
23089	AT3G23120	8227222	8229619	2397
23090	AT3G09560	2934592	2939511	4919
23091	AT3G15620	5293256	5296811	3555
23092	AT3G61730	22848427	22850475	2048
23093	AT3G22231	7845823	7846833	1010
23094	AT3G18160	6220567	6223073	2506
23095	AT3G61120	22618259	22620529	2270
23096	AT3G06260	1892964	1895091	2127
23097	AT3G06820	2150823	2156073	5250
23098	AT3G27710	10269206	10271065	1859
23099	AT3G44460	16079432	16081906	2474
23100	AT3G45150	16531179	16531676	497
23101	AT3G55370	20527063	20529331	2268
23102	AT3G55400	20535631	20539138	3507
23103	AT3G60890	22496875	22498099	1224
23104	AT3G13490	4395663	4399350	3687
23105	AT3G46460	17095706	17097465	1759
23106	AT3G11570	3645022	3647542	2520
23107	AT3G11550	3638178	3639348	1170
23108	AT3G45890	16871578	16874367	2789
23109	AT3G20420	7119191	7121023	1832
23110	AT3G46980	17306599	17310068	3469
23111	AT3G45000	16460103	16461407	1304
23112	AT3G51680	19173484	19174739	1255
23113	AT3G14770	4957334	4959704	2370
23114	AT3G45060	16477561	16479559	1998
23115	AT3G63060	23300290	23301865	1575
23116	AT3G04680	1269722	1273004	3282
23117	AT3G21520	7581959	7582793	834
23118	AT3G14450	4849539	4851678	2139
23119	AT3G22830	8078789	8081059	2270
23120	AT3G09710	2976572	2979784	3212
23121	AT3G17205	5873051	5881655	8604
23122	AT3G25140	9154508	9157012	2504
23123	AT3G14440	4831286	4834015	2729
23124	AT3G15990	5426987	5430897	3910
23125	AT3G27503	10185765	10186537	772
23126	AT3G19570	6797471	6801835	4364
23127	AT3G51590	19135619	19136675	1056
23128	AT3G27440	10155438	10158215	2777
23129	AT3G12140	3868089	3871763	3674
23130	AT3G51040	18952073	18953801	1728
23131	AT3G23140	8250519	8251483	964
23132	AT3G47780	17624340	17629285	4945
23133	AT3G13060	4180154	4183975	3821
23134	AT3G48610	18011475	18014204	2729
23135	AT3G27690	10255906	10257489	1583
23136	AT3G01090	31145	34670	3525
23137	AT3G42640	14724103	14728327	4224
23138	AT3G58780	21738160	21742517	4357
23139	AT3G01700	258879	259631	752
23140	AT3G03650	884133	886410	2277
23141	AT3G56630	20978901	20980772	1871
23142	AT3G05650	1644882	1648742	3860
23143	AT3G10230	3164075	3166038	1963
23144	AT3G11200	3507996	3510658	2662
23145	AT3G52290	19393768	19396411	2643
23146	AT3G18040	6174239	6178534	4295
23147	AT3G15095	5081780	5084240	2460
23148	AT3G55010	20386597	20388860	2263
23149	AT3G27530	10193477	10200046	6569
23150	AT3G06120	1846442	1848259	1817
23151	AT3G20090	7015796	7018651	2855
23152	AT3G55330	20513739	20515392	1653
23153	AT3G55850	20721602	20725893	4291
23154	AT3G55500	20574752	20576249	1497
23155	AT3G49290	18272283	18275442	3159
23156	AT3G49620	18393747	18397050	3303
23157	AT3G24280	8798934	8799482	548
23158	AT3G55510	20578922	20582505	3583
23159	AT3G27010	9957376	9958945	1569
23160	AT3G54380	20133893	20137007	3114
23161	AT3G61860	22900050	22902395	2345
23162	AT3G17930	6142125	6143310	1185
23163	AT3G46740	17215813	17219411	3598
23164	AT3G02110	370668	373805	3137
23165	AT3G07130	2255710	2258204	2494
23166	AT3G24300	8805519	8807460	1941
23167	AT3G43600	15511832	15517545	5713
23168	AT3G19670	6827986	6837505	9519
23169	AT3G06140	1856682	1858946	2264
23170	AT3G57150	21153815	21156075	2260
23171	AT3G47740	17600521	17605128	4607
23172	AT3G43160	15166561	15168225	1664
23173	AT3G47420	17472297	17475274	2977
23174	AT3G02875	631824	634074	2250
23175	AT3G56940	21076505	21078443	1938
23176	AT3G17330	5916940	5920281	3341
23177	AT3G24810	9060836	9062003	1167
23178	AT3G02140	385237	387051	1814
23179	AT3G23000	8172479	8174142	1663
23180	AT3G27670	10245112	10253308	8196
23181	AT3G11980	3814231	3817117	2886
23182	AT3G59400	21948501	21949796	1295
23183	AT3G46090	16925881	16926883	1002
23184	AT3G08500	2576444	2578276	1832
23185	AT3G05290	1505831	1507835	2004
23186	AT3G56040	20792477	20797670	5193
23187	AT3G21160	7413776	7418484	4708
23188	AT3G18690	6429534	6430517	983
23189	AT3G12670	4019031	4024357	5326
23190	AT3G48560	18001283	18003749	2466
23191	AT3G57650	21349383	21353193	3810
23192	AT3G48430	17935256	17940792	5536
23193	AT3G13810	4544364	4547513	3149
23194	AT3G20660	7225037	7228797	3760
23195	AT3G54890	20339504	20341176	1672
23196	AT3G10480	3264194	3267695	3501
23197	AT3G19090	6601279	6604010	2731
23198	AT3G60830	22473983	22476445	2462
23199	AT3G28857	10855623	10856787	1164
23200	AT3G54430	20146626	20148221	1595
23201	AT3G62670	23176556	23178294	1738
23202	AT3G07430	2379128	2380429	1301
23203	AT3G50110	18580609	18584813	4204
23204	AT3G43300	15233845	15245281	11436
23205	AT3G56090	20813904	20816035	2131
23206	AT3G16860	5759375	5762264	2889
23207	AT3G22630	8009540	8010862	1322
23208	AT3G17600	6019973	6021147	1174
23209	AT3G06985	2205377	2205800	423
23210	AT3G06490	2003393	2006727	3334
23211	AT3G26690	9804253	9805781	1528
23212	AT3G09210	2825142	2826922	1780
23213	AT3G20840	7300444	7303693	3249
23214	AT3G17609	6023844	6024710	866
23215	AT3G16030	5439311	5442997	3686
23216	AT3G45100	16504314	16507415	3101
23217	AT3G13110	4214399	4216302	1903
23218	AT3G18000	6154363	6157552	3189
23219	AT3G07410	2372317	2373556	1239
23220	AT3G22170	7821997	7826196	4199
23221	AT3G10940	3422034	3423455	1421
23222	AT3G08590	2608308	2611555	3247
23223	AT3G56650	20984635	20986308	1673
23224	AT3G20440	7123182	7130477	7295
23225	AT3G20997	7362743	7363081	338
23226	AT3G22820	8073258	8074178	920
23227	AT3G16470	5595282	5599224	3942
23228	AT3G26680	9801169	9804282	3113
23229	AT3G15353	5180642	5181586	944
23230	AT3G01220	73307	75539	2232
23231	AT3G48690	18037046	18038234	1188
23232	AT3G61177	22644364	22644819	455
23233	AT3G13540	4419960	4421751	1791
23234	AT3G46130	16945230	16946699	1469
23235	AT3G15354	5169095	5173105	4010
23236	AT3G06420	1954990	1956397	1407
23237	AT3G06230	1885496	1886377	881
23238	AT3G43720	15615386	15617309	1923
23239	AT3G25180	9167138	9169301	2163
23240	AT3G52770	19557516	19559323	1807
23241	AT3G48320	17891134	17892847	1713
23242	AT3G20540	7168054	7173617	5563
23243	AT3G23167	8266218	8266585	367
23244	AT3G59140	21863348	21869036	5688
23245	AT3G15500	5234457	5236196	1739
23246	AT3G26030	9516953	9519563	2610
23247	AT3G55220	20466676	20471171	4495
23248	AT3G61430	22733243	22735394	2151
23249	AT3G61040	22593973	22596125	2152
23250	AT3G56910	21069411	21070356	945
23251	AT3G20020	6983702	6988101	4399
23252	AT3G28060	10445841	10446900	1059
23253	AT3G05120	1430363	1432844	2481
23254	AT3G08850	2686457	2695400	8943
23255	AT3G49845	18487130	18488381	1251
23256	AT3G30290	11917230	11919546	2316
23257	AT3G23340	8350803	8354021	3218
23258	AT3G09780	3000714	3003454	2740
23259	AT3G47950	17692666	17697999	5333
23260	AT3G28740	10788698	10790553	1855
23261	AT3G21230	7448040	7452106	4066
23262	AT3G24140	8715118	8718211	3093
23263	AT3G09740	2989356	2991664	2308
23264	AT3G16870	5763497	5764760	1263
23265	AT3G12980	4146399	4154895	8496
23266	AT3G06650	2079033	2083472	4439
23267	AT3G30340	11956458	11959098	2640
23268	AT3G15190	5116021	5117615	1594
23269	AT3G26900	9911873	9914518	2645
23270	AT3G51840	19225360	19229341	3981
23271	AT3G47760	17611787	17616743	4956
23272	AT3G26230	9597941	9599988	2047
23273	AT3G11410	3583782	3585850	2068
23274	AT3G01050	13046	15906	2860
23275	AT3G16320	5529313	5534734	5421
23276	AT3G05530	1603359	1606243	2884
23277	AT3G29780	11671637	11672239	602
23278	AT3G54600	20210792	20213172	2380
23279	AT3G14630	4917327	4919702	2375
23280	AT3G29590	11398592	11400332	1740
23281	AT3G18810	6480484	6483774	3290
23282	AT3G53790	19928478	19930267	1789
23283	AT3G23820	8603212	8605810	2598
23284	AT3G17840	6105908	6108737	2829
23285	AT3G59960	22148189	22150583	2394
23286	AT3G16450	5588292	5590085	1793
23287	AT3G19380	6714133	6716178	2045
23288	AT3G45980	16897287	16898013	726
23289	AT3G04580	1235209	1238630	3421
23290	AT3G22860	8090654	8093248	2594
23291	AT3G06720	2120324	2124166	3842
23292	AT3G04100	1075299	1075922	623
23293	AT3G09910	3036611	3038502	1891
23294	AT3G53710	19903234	19905590	2356
23295	AT3G13090	4202811	4208261	5450
23296	AT3G20570	7186522	7187521	999
23297	AT3G19280	6681196	6684029	2833
23298	AT3G06850	2157908	2160669	2761
23299	AT3G46660	17189264	17191167	1903
23300	AT3G44720	16271511	16273413	1902
23301	AT3G01670	247192	250472	3280
23302	AT3G16290	5520880	5525150	4270
23303	AT3G62700	23190265	23195917	5652
23304	AT3G14620	4914789	4917176	2387
23305	AT3G09922	3050989	3051530	541
23306	AT3G63410	23415589	23417119	1530
23307	AT3G54690	20246504	20248152	1648
23308	AT3G05490	1591115	1593047	1932
23309	AT3G25890	9475350	9477590	2240
23310	AT3G54480	20170654	20173530	2876
23311	AT3G53240	19733766	19739232	5466
23312	AT3G01420	159450	162905	3455
23313	AT3G02660	570134	572386	2252
23314	AT3G53180	19706820	19711460	4640
23315	AT3G44480	16090460	16096477	6017
23316	AT3G53520	19841374	19844412	3038
23317	AT3G24315	8820426	8822822	2396
23318	AT3G16110	5460793	5463899	3106
23319	AT3G20410	7115819	7119144	3325
23320	AT3G14150	4690415	4693133	2718
23321	AT3G11330	3551759	3554843	3084
23322	AT3G62340	23069489	23071207	1718
23323	AT3G19040	6567021	6575613	8592
23324	AT3G47820	17644198	17646268	2070
23325	AT3G50760	18867834	18869399	1565
23326	AT3G58620	21680027	21683280	3253
23327	AT3G22880	8097678	8100932	3254
23328	AT3G25650	9335876	9336459	583
23329	AT3G63150	23328916	23333078	4162
23330	AT3G49120	18207651	18210333	2682
23331	AT3G07525	2398951	2400603	1652
23332	AT3G06110	1843413	1845062	1649
23333	AT3G19130	6611182	6614107	2925
23334	AT3G13782	4526220	4528646	2426
23335	AT3G06300	1907582	1910063	2481
23336	AT3G61830	22887889	22891455	3566
23337	AT3G01280	85551	88070	2519
23338	AT3G22950	8136181	8138084	1903
23339	AT3G16550	5629920	5632441	2521
23340	AT3G24982	9106000	9109971	3971
23341	AT3G23230	8289379	8290164	785
23342	AT3G44550	16137576	16142270	4694
23343	AT3G23280	8321329	8324477	3148
23344	AT3G06560	2044352	2047209	2857
23345	AT3G62030	22973004	22975378	2374
23346	AT3G22790	8052219	8058782	6563
23347	AT3G10270	3173299	3179786	6487
23348	AT3G12090	3852125	3853866	1741
23349	AT3G12280	3913349	3919359	6010
23350	AT3G23990	8668772	8672578	3806
23351	AT3G27730	10273098	10280646	7548
23352	AT3G09290	2856037	2856897	860
23353	AT3G49850	18488993	18490997	2004
23354	AT3G14660	4924777	4927607	2830
23355	AT3G07005	2212063	2212742	679
23356	AT3G11840	3736578	3738208	1630
23357	AT3G49660	18413564	18415713	2149
23358	AT3G51970	19284339	19285582	1243
23359	AT3G47990	17713094	17716349	3255
23360	AT3G07780	2484454	2487126	2672
23361	AT3G14370	4797828	4799612	1784
23362	AT3G63370	23401963	23405991	4028
23363	AT3G61640	22810041	22811024	983
23364	AT3G08010	2555970	2557505	1535
23365	AT3G51380	19074036	19074815	779
23366	AT3G17000	5796930	5799747	2817
23367	AT3G27660	10243244	10245023	1779
23368	AT3G03450	819337	821652	2315
23369	AT3G62250	23037018	23038009	991
23370	AT3G52400	19425632	19427230	1598
23371	AT3G24225	8768846	8769695	849
23372	AT3G02830	613772	616145	2373
23373	AT3G12200	3886957	3891000	4043
23374	AT3G28970	10987785	10990016	2231
23375	AT3G08770	2664069	2664888	819
23376	AT3G45280	16610655	16613521	2866
23377	AT3G05740	1698079	1701467	3388
23378	AT3G29380	11282407	11283524	1117
23379	AT3G29350	11264126	11265562	1436
23380	AT3G14110	4676118	4677689	1571
23381	AT3G54960	20363260	20366874	3614
23382	AT3G27850	10324788	10325746	958
23383	AT3G43210	15190786	15196215	5429
23384	AT3G22110	7792549	7794262	1713
23385	AT3G20750	7254739	7256140	1401
23386	AT3G08800	2671052	2675333	4281
23387	AT3G13220	4247675	4250703	3028
23388	AT3G14420	4821391	4824178	2787
23389	AT3G57920	21444243	21446035	1792
23390	AT3G13970	4613492	4614857	1365
23391	AT3G27810	10305849	10310492	4643
23392	AT3G63190	23342550	23344801	2251
23393	AT3G10670	3335004	3337446	2442
23394	AT3G16420	5579290	5581032	1742
23395	AT3G56450	20930557	20932869	2312
23396	AT3G62760	23217233	23218312	1079
23397	AT3G20060	7002697	7004508	1811
23398	AT3G06500	2011993	2015831	3838
23399	AT3G55250	20479121	20480739	1618
23400	AT3G02130	380350	384582	4232
23401	AT3G10525	3281306	3282131	825
23402	AT3G29290	11238011	11240646	2635
23403	AT3G03260	755159	759282	4123
23404	AT3G08710	2645078	2646604	1526
23405	AT3G61590	22791898	22794710	2812
23406	AT3G25770	9406669	9408071	1402
23407	AT3G48050	17733515	17739870	6355
23408	AT3G55030	20396597	20398653	2056
23409	AT3G02350	478949	481666	2717
23410	AT3G21630	7615357	7618671	3314
23411	AT3G16410	5571903	5574758	2855
23412	AT3G50360	18674137	18675761	1624
23413	AT3G17240	5889663	5892332	2669
23414	AT3G06550	2038978	2043169	4191
23415	AT3G53160	19702332	19703976	1644
23416	AT3G52420	19429686	19430259	573
23417	AT3G46530	17130300	17133462	3162
23418	AT3G45650	16758877	16761430	2553
23419	AT3G04120	1080942	1083690	2748
23420	AT3G45010	16466144	16468989	2845
23421	AT3G48350	17905725	17907690	1965
23422	AT3G10550	3292890	3298621	5731
23423	AT3G59920	22134951	22138546	3595
23424	AT3G48470	17951626	17956920	5294
23425	AT3G04340	1146568	1153650	7082
23426	AT3G26330	9646784	9648658	1874
23427	AT3G18980	6546200	6548092	1892
23428	AT3G26744	9832667	9835279	2612
23429	AT3G04530	1221422	1222744	1322
23430	AT3G60390	22320580	22322661	2081
23431	AT3G46640	17183042	17186959	3917
23432	AT3G52540	19488546	19489893	1347
23433	AT3G21430	7543772	7553682	9910
23434	AT3G54710	20251812	20254323	2511
23435	AT3G57550	21306609	21309570	2961
23436	AT3G03600	867548	868706	1158
23437	AT3G19220	6659155	6660852	1697
23438	AT3G18490	6348628	6350832	2204
23439	AT3G17668	6039408	6040633	1225
23440	AT3G16340	5539385	5546487	7102
23441	AT3G62290	23051544	23053893	2349
23442	AT3G51080	18973126	18974892	1766
23443	AT3G46030	16913384	16914131	747
23444	AT3G54420	20145905	20148266	2361
23445	AT3G21500	7573560	7576721	3161
23446	AT3G61970	22951323	22953265	1942
23447	AT3G53260	19744018	19747114	3096
23448	AT3G13450	4382198	4384436	2238
23449	AT3G56150	20833410	20837275	3865
23450	AT3G51520	19110596	19112760	2164
23451	AT3G16630	5662375	5667951	5576
23452	AT3G09840	3019249	3023052	3803
23453	AT3G46000	16907334	16909119	1785
23454	AT3G50970	18940643	18941611	968
23455	AT3G52430	19431095	19434450	3355
23456	AT3G13570	4429256	4432159	2903
23457	AT3G05840	1739777	1743163	3386
23458	AT3G53880	19953117	19955291	2174
23459	AT3G11670	3680866	3684871	4005
23460	AT3G57330	21211014	21216836	5822
23461	AT3G12270	3910481	3913376	2895
23462	AT3G54610	20213406	20217653	4247
23463	AT3G06910	2178630	2181341	2711
23464	AT3G19720	6850358	6855590	5232
23465	AT3G04620	1255398	1257017	1619
23466	AT3G60820	22471769	22473971	2202
23467	AT3G11020	3455355	3457342	1987
23468	AT3G46900	17268700	17269510	810
23469	AT3G07330	2335612	2339168	3556
23470	AT3G06790	2144384	2145807	1423
23471	AT3G20780	7263900	7268750	4850
23472	AT3G11820	3729305	3731251	1946
23473	AT3G57290	21196517	21199319	2802
23474	AT3G21850	7697033	7697616	583
23475	AT3G03750	939900	942094	2194
23476	AT3G57410	21243136	21251159	8023
23477	AT3G55480	20566248	20571248	5000
23478	AT3G06100	1841168	1843196	2028
23479	AT3G05580	1617599	1620702	3103
23480	AT3G56560	20955404	20956867	1463
23481	AT3G02440	500374	502257	1883
23482	AT3G58490	21632812	21635178	2366
23483	AT3G48090	17755329	17758147	2818
23484	AT3G45860	16863088	16866261	3173
23485	AT3G43190	15179010	15184105	5095
23486	AT3G17810	6093990	6096688	2698
23487	AT3G62720	23201032	23202988	1956
23488	AT3G22740	8032917	8036005	3088
23489	AT3G04280	1129862	1131099	1237
23490	AT3G20630	7202748	7208547	5799
23491	AT3G20993	7360473	7360934	461
23492	AT3G03810	971648	976414	4766
23493	AT3G50220	18617424	18618816	1392
23494	AT3G44890	16386395	16388723	2328
23495	AT3G10070	3103880	3106826	2946
23496	AT3G12820	4073855	4075643	1788
23497	AT3G53200	19718253	19719507	1254
23498	AT3G12780	4060920	4063306	2386
23499	AT3G56980	21086390	21087710	1320
23500	AT3G57530	21296457	21299704	3247
23501	AT3G27820	10315010	10318154	3144
23502	AT3G46780	17228642	17231229	2587
23503	AT3G10740	3360711	3365739	5028
23504	AT3G05040	1401171	1408302	7131
23505	AT3G61940	22937170	22938577	1407
23506	AT3G13772	4521532	4524674	3142
23507	AT3G14850	4995426	4997785	2359
23508	AT3G01120	38759	42159	3400
23509	AT3G55800	20709294	20711640	2346
23510	AT3G06080	1834591	1837988	3397
23511	AT3G26400	9666449	9669426	2977
23512	AT3G10870	3400824	3402776	1952
23513	AT3G51770	19199750	19204464	4714
23514	AT3G16050	5443950	5445329	1379
23515	AT3G16460	5592491	5595912	3421
23516	AT3G14640	4919757	4921948	2191
23517	AT3G16770	5705541	5707084	1543
23518	AT3G54810	20296130	20298827	2697
23519	AT3G29390	11289495	11294774	5279
23520	AT3G54540	20189794	20192940	3146
23521	AT3G46180	16953997	16956885	2888
23522	AT3G05800	1727151	1728365	1214
23523	AT3G25560	9279513	9282906	3393
23524	AT3G44880	16383595	16386344	2749
23525	AT3G49870	18492274	18494285	2011
23526	AT3G24900	9099060	9101991	2931
23527	AT3G17210	5881919	5883200	1281
23528	AT3G53480	19825267	19831880	6613
23529	AT3G21580	7601822	7603899	2077
23530	AT3G13235	4271212	4274487	3275
23531	AT3G55320	20506992	20513533	6541
23532	AT3G03820	976715	977474	759
23533	AT3G49110	18200587	18203265	2678
23534	AT3G12750	4051651	4053201	1550
23535	AT3G02240	418357	419323	966
23536	AT3G49500	18348974	18353673	4699
23537	AT3G25050	9126851	9128416	1565
23538	AT3G63350	23399236	23400812	1576
23539	AT3G44930	16401891	16404824	2933
23540	AT3G21175	7422026	7424989	2963
23541	AT3G55620	20634057	20636555	2498
23542	AT3G47810	17637122	17639716	2594
23543	AT3G47860	17656602	17658353	1751
23544	AT3G63180	23336092	23340340	4248
23545	AT3G04510	1215633	1216958	1325
23546	AT3G21860	7699723	7700446	723
23547	AT3G04800	1314479	1315045	566
23548	AT3G23670	8519136	8525289	6153
23549	AT3G50920	18922304	18923772	1468
23550	AT3G14070	4660944	4663363	2419
23551	AT3G62020	22971358	22972303	945
23552	AT3G51430	19086344	19088150	1806
23553	AT3G61350	22702632	22704481	1849
23554	AT3G56440	20926001	20928993	2992
23555	AT3G44320	15993259	15995811	2552
23556	AT3G25882	9470357	9471039	682
23557	AT3G51480	19100676	19104844	4168
23558	AT3G13400	4354923	4357482	2559
23559	AT3G56640	20981316	20984581	3265
23560	AT5G18080	5983683	5984308	625
23561	AT3G44860	16379571	16381434	1863
23562	AT3G61760	22860298	22864229	3931
23563	AT3G47390	17459339	17464865	5526
23564	AT3G26170	9573263	9575215	1952
23565	AT3G56380	20905264	20906397	1133
23566	AT3G48870	18122118	18126742	4624
23567	AT3G18090	6194509	6200424	5915
23568	AT3G57430	21255557	21258488	2931
23569	AT3G56240	20863139	20864727	1588
23570	AT3G51810	19214722	19215831	1109
23571	AT3G60740	22447245	22453521	6276
23572	AT5G48520	19661203	19666436	5233
23573	AT3G13720	4494979	4496800	1821
23574	AT3G17220	5883328	5884191	863
23575	AT3G21180	7425476	7432365	6889
23576	AT3G04940	1365090	1367844	2754
23577	AT3G43800	15660770	15661987	1217
23578	AT3G25830	9447409	9451037	3628
23579	AT3G27960	10380230	10383249	3019
23580	AT3G53110	19687740	19690661	2921
23581	AT3G52780	19561260	19564350	3090
23582	AT3G10160	3139383	3144615	5232
23583	AT3G11030	3456257	3459380	3123
23584	AT3G53570	19861177	19864588	3411
23585	AT3G07370	2357907	2360549	2642
23586	AT3G47790	17629530	17633942	4412
23587	AT3G58990	21797058	21798303	1245
23588	AT3G23980	8662413	8668040	5627
23589	AT3G29575	11382214	11384145	1931
23590	AT3G46670	17192589	17194397	1808
23591	AT3G56700	20999409	21002155	2746
23592	AT3G63000	23283592	23285540	1948
23593	AT3G05480	1585272	1589292	4020
23594	AT3G62090	22988547	22990709	2162
23595	AT3G53350	19779978	19782750	2772
23596	AT3G19260	6669065	6671638	2573
23597	AT3G21730	7659535	7661232	1697
23598	AT3G55630	20636607	20639492	2885
23599	AT3G12770	4056953	4059284	2331
23600	AT3G52600	19506891	19509412	2521
23601	AT3G23637	8499727	8499888	161
23602	AT3G30210	11838363	11840502	2139
23603	AT3G61570	22779441	22783938	4497
23604	AT3G26280	9630128	9632145	2017
23605	AT3G55120	20430059	20431597	1538
23606	AT3G14210	4729399	4731847	2448
23607	AT3G18400	6318409	6320712	2303
23608	AT3G62750	23214247	23217084	2837
23609	AT3G02980	670657	672504	1847
23610	AT3G23400	8376444	8378364	1920
23611	AT3G51160	19006993	19008724	1731
23612	AT3G03200	734892	738629	3737
23613	AT3G55950	20753565	20756690	3125
23614	AT3G14180	4706802	4709176	2374
23615	AT3G54950	20358896	20361560	2664
23616	AT3G18730	6445852	6453201	7349
23617	AT3G20830	7284681	7286442	1761
23618	AT3G03520	837805	840645	2840
23619	AT3G28390	10629425	10633967	4542
23620	AT3G55200	20460329	20465201	4872
23621	AT5G05980	1799490	1804492	5002
23622	AT3G22500	7971625	7972907	1282
23623	AT3G55450	20557644	20560235	2591
23624	AT3G52160	19344972	19346668	1696
23625	AT3G10800	3379168	3381621	2453
23626	AT3G08730	2651321	2654212	2891
23627	AT3G10420	3238996	3242599	3603
23628	AT3G06510	2016246	2020103	3857
23629	AT3G04790	1313297	1314288	991
23630	AT3G11730	3709131	3711617	2486
23631	AT3G15270	5140365	5142323	1958
23632	AT3G23240	8295617	8296604	987
23633	AT3G16400	5566083	5568545	2462
23634	AT3G26620	9790628	9791117	489
23635	AT3G47440	17481996	17483158	1162
23636	AT3G55090	20416183	20418910	2727
23637	AT3G26780	9848628	9850543	1915
23638	AT3G25070	9132068	9134099	2031
23639	AT3G03710	919362	925372	6010
23640	AT3G61070	22604094	22606878	2784
23641	AT3G12160	3879276	3880669	1393
23642	AT3G61130	22621912	22625808	3896
23643	AT3G28345	10593690	10599042	5352
23644	AT3G18610	6404053	6407946	3893
23645	AT3G55740	20695433	20698292	2859
23646	AT3G63250	23369781	23372823	3042
23647	AT3G07520	2394891	2398291	3400
23648	AT3G52200	19360129	19366417	6288
23649	AT3G46830	17246228	17248823	2595
23650	AT3G23165	8264650	8265060	410
23651	AT3G12960	4136453	4136828	375
23652	AT3G08860	2696199	2699420	3221
23653	AT3G43920	15753387	15760859	7472
23654	AT3G16440	5585872	5587798	1926
23655	AT3G18100	6200524	6204752	4228
23656	AT3G06810	2146243	2150851	4608
23657	AT4G25760	13116028	13116955	927
23658	AT3G21800	7680106	7681797	1691
23659	AT3G16620	5658317	5662066	3749
23660	AT3G63130	23324479	23326973	2494
23661	AT3G02940	661849	664011	2162
23662	AT3G12630	4012107	4013583	1476
23663	AT3G23715	8536850	8537273	423
23664	AT3G25920	9491055	9492655	1600
23665	AT3G17820	6097201	6099595	2394
23666	AT3G22650	8014809	8015960	1151
23667	AT3G18850	6499332	6501432	2100
23668	AT3G61450	22738353	22740112	1759
23669	AT3G50100	18578306	18580686	2380
23670	AT3G18080	6191461	6194452	2991
23671	AT3G02493	515944	516391	447
23672	AT3G14790	4964105	4967075	2970
23673	AT3G12560	3981880	3985625	3745
23674	AT3G28890	10895977	10898900	2923
23675	AT3G02870	627512	629925	2413
23676	AT3G30350	11960298	11961917	1619
23677	AT3G54180	20059671	20061488	1817
23678	AT3G01780	278882	283664	4782
23679	AT3G23050	8194606	8197161	2555
23680	AT3G47720	17592558	17594132	1574
23681	AT3G11480	3614421	3617342	2921
23682	AT3G16140	5467987	5469594	1607
23683	AT3G19930	6934568	6937197	2629
23684	AT3G55560	20604616	20606650	2034
23685	AT3G60280	22279485	22280691	1206
23686	AT3G13890	4576193	4578082	1889
23687	AT3G25980	9503056	9504680	1624
23688	AT3G49430	18331509	18335154	3645
23689	AT3G16480	5599710	5603027	3317
23690	AT3G60880	22494739	22496697	1958
23691	AT3G10400	3232608	3233690	1082
23692	AT3G18480	6336692	6341788	5096
23693	AT3G57090	21128396	21131089	2693
23694	AT3G51060	18964129	18966405	2276
23695	AT3G48850	18114526	18116569	2043
23696	AT3G23440	8404062	8405289	1227
23697	AT3G51260	19030926	19033134	2208
23698	AT3G01770	275333	278841	3508
23699	AT3G50330	18656955	18658377	1422
23700	AT3G12110	3857780	3860089	2309
23701	AT4G34940	16639526	16641950	2424
23702	AT4G06634	3764241	3766671	2430
23703	AT3G50630	18800306	18801595	1289
23704	AT3G24630	8987835	8990889	3054
23705	AT3G04740	1293798	1300792	6994
23706	AT3G01200	69468	71362	1894
23707	AT3G59790	22092400	22094403	2003
23708	AT3G60630	22410240	22412663	2423
23709	AT3G03830	979976	980562	586
23710	AT3G19190	6639639	6648870	9231
23711	AT3G11945	3779839	3782981	3142
23712	AT3G57870	21428496	21430398	1902
23713	AT4G04770	2427686	2429899	2213
23714	AT4G32830	15842443	15844865	2422
23715	AT5G61780	24821203	24826969	5766
23716	AT3G25760	9403779	9405338	1559
23717	AT3G46550	17136346	17138259	1913
23718	AT3G09230	2833346	2835390	2044
23719	AT3G46120	16935921	16939766	3845
23720	AT3G11910	3760724	3770563	9839
23721	AT3G25020	9116684	9119804	3120
23722	AT3G56400	20908711	20910623	1912
23723	AT3G52150	19342014	19343466	1452
23724	AT3G52560	19494369	19496147	1778
23725	AT3G60550	22379740	22380906	1166
23726	AT3G17660	6037598	6039407	1809
23727	AT3G61880	22905867	22907958	2091
23728	AT3G61510	22763495	22766010	2515
23729	AT3G59050	21824696	21827509	2813
23730	AT3G24290	8801400	8802890	1490
23731	AT3G07880	2513925	2515983	2058
23732	AT3G62830	23232272	23235567	3295
23733	AT3G14570	4892410	4902880	10470
23734	AT3G56530	20948911	20950045	1134
23735	AT3G03470	824552	826585	2033
23736	AT3G48150	17779507	17782682	3175
23737	AT3G26310	9640932	9642779	1847
23738	AT3G05890	1757440	1758807	1367
23739	AT3G28860	10870005	10877578	7573
23740	AT3G51460	19092518	19097437	4919
23741	AT3G13520	4408925	4409734	809
23742	AT3G06380	1936050	1938257	2207
23743	AT3G14900	5013291	5015342	2051
23744	AT3G19770	6866717	6869501	2784
23745	AT3G18165	6223125	6225403	2278
23746	AT3G44310	15986624	15989505	2881
23747	AT3G46060	16917527	16920018	2491
23748	AT3G45970	16896166	16897308	1142
23749	AT3G21550	7591394	7592373	979
23750	AT3G06360	1928868	1929684	816
23751	AT3G26570	9756007	9758701	2694
23752	AT3G54840	20318412	20321106	2694
23753	AT3G13550	4423237	4424894	1657
23754	AT3G20860	7306180	7308434	2254
23755	AT3G48110	17762970	17771146	8176
23756	AT3G60140	22216540	22220824	4284
23757	AT3G29320	11252807	11257814	5007
23758	AT3G04810	1317245	1321294	4049
23759	AT3G27750	10284808	10285874	1066
23760	AT3G49390	18314006	18318041	4035
23761	AT3G26200	9589249	9591179	1930
23762	AT3G62410	23090944	23091580	636
23763	AT3G59520	21991826	21993263	1437
23764	AT3G55150	20440491	20442650	2159
23765	AT3G63440	23424157	23426536	2379
23766	AT3G45140	16525245	16529352	4107
23767	ATMG00640	188084	188662	578
23768	AT3G47430	17480521	17481800	1279
23769	AT3G56100	20816866	20819819	2953
23770	AT3G16090	5456093	5459006	2913
23771	AT3G52525	19474945	19476181	1236
23772	AT3G03840	981072	981801	729
23773	AT3G03630	877844	880461	2617
23774	AT3G06350	1924270	1927850	3580
23775	AT3G09600	2946239	2949017	2778
23776	AT3G11240	3518472	3521188	2716
23777	AT3G03900	1002765	1005025	2260
23778	AT3G42170	14320943	14324069	3126
23779	AT3G15880	5364081	5372293	8212
23780	AT3G22930	8124020	8125931	1911
23781	AT3G08950	2727193	2729656	2463
23782	AT3G04030	1042700	1044813	2113
23783	AT3G62170	23016174	23018509	2335
23784	AT3G14000	4630865	4634081	3216
23785	AT3G18590	6398632	6399337	705
23786	AT3G18270	6261733	6264361	2628
23787	AT3G51630	19148871	19152193	3322
23788	AT3G43505	15402321	15402899	578
23789	AT3G62680	23182722	23184042	1320
23790	AT3G12800	4063320	4064859	1539
23791	AT3G17980	6152062	6153814	1752
23792	AT3G27920	10361790	10363607	1817
23793	AT3G45640	16756571	16758874	2303
23794	AT3G56000	20783269	20785885	2616
23795	AT3G05850	1743413	1746785	3372
23796	AT3G02210	409193	411873	2680
23797	AT3G52020	19299309	19301148	1839
23798	AT3G18830	6488843	6491429	2586
23799	AT3G59280	21908429	21910738	2309
23800	AT3G48340	17897506	17899351	1845
23801	AT3G05590	1621355	1623052	1697
23802	AT3G62660	23172754	23174993	2239
23803	AT3G05780	1714941	1719608	4667
23804	AT4G34580	16515102	16518746	3644
23805	AT4G30110	14720062	14725311	5249
23806	AT4G25880	13154708	13159382	4674
23807	AT4G24770	12765761	12769419	3658
23808	AT3G21150	7412445	7413727	1282
23809	AT3G17170	5853059	5854906	1847
23810	AT3G20140	7029145	7030897	1752
23811	AT3G23730	8550037	8551403	1366
23812	AT3G23790	8575051	8581331	6280
23813	AT3G57230	21177282	21181026	3744
23814	AT3G11400	3578234	3580569	2335
23815	AT3G53460	19818975	19821519	2544
23816	AT3G49590	18377409	18380369	2960
23817	AT3G48920	18139172	18140772	1600
23818	AT3G19640	6820926	6823467	2541
23819	AT3G47833	17648495	17650173	1678
23820	AT3G44750	16297656	16299876	2220
23821	AT3G19350	6705474	6706127	653
23822	AT3G01540	212518	216736	4218
23823	AT3G43083	15075700	15077257	1557
23824	AT3G05360	1530668	1533361	2693
23825	AT4G26900	13515432	13519867	4435
23826	AT4G32710	15779911	15783503	3592
23827	AT4G29670	14535407	14537356	1949
23828	AT4G09030	5792137	5792966	829
23829	AT3G53210	19720077	19721903	1826
23830	AT3G48010	17721137	17724140	3003
23831	AT3G26940	9936582	9939305	2723
23832	AT3G24770	9046293	9047463	1170
23833	AT3G06580	2048900	2052147	3247
23834	AT3G56710	21006638	21008068	1430
23835	AT3G21780	7674904	7676519	1615
23836	AT3G17180	5855632	5859189	3557
23837	AT3G52720	19538540	19542286	3746
23838	AT3G49690	18427735	18429281	1546
23839	AT3G48250	17869515	17872032	2517
23840	AT3G46580	17148232	17149597	1365
23841	AT3G01910	314693	317431	2738
23842	AT3G04610	1250553	1254984	4431
23843	AT3G09900	3034477	3036961	2484
23844	AT3G50450	18722234	18723310	1076
23845	AT3G60530	22373013	22374554	1541
23846	AT3G01610	231610	235279	3669
23847	AT4G28490	14077676	14081457	3781
23848	AT4G34640	16538189	16542024	3835
23849	AT4G26530	13390754	13393265	2511
23850	AT4G26690	13456434	13460105	3671
23851	AT3G02950	665223	666922	1699
23852	AT3G21370	7524054	7527677	3623
23853	AT3G50410	18709613	18710836	1223
23854	AT3G57190	21166107	21168376	2269
23855	AT3G59970	22151164	22154483	3319
23856	AT3G50500	18741444	18744174	2730
23857	AT3G62800	23225526	23227512	1986
23858	AT3G44290	15972673	15975250	2577
23859	AT3G19210	6652695	6658988	6293
23860	AT3G50070	18565134	18566834	1700
23861	AT3G19980	6961736	6965206	3470
23862	AT4G18190	10067810	10069388	1578
23863	AT4G39980	18539511	18542122	2611
23864	AT4G32280	15583332	15584903	1571
23865	AT4G27830	13861649	13864659	3010
23866	AT4G34160	16357421	16359565	2144
23867	AT4G29660	14534181	14535356	1175
23868	AT4G29180	14385471	14389775	4304
23869	AT4G35920	17011788	17015493	3705
23870	AT4G33210	16015640	16021230	5590
23871	AT4G26090	13224338	13227872	3534
23872	AT4G35560	16881336	16887083	5747
23873	AT4G28600	14129180	14132869	3689
23874	AT4G14960	8548417	8550495	2078
23875	AT4G11880	7142922	7147391	4469
23876	AT4G23310	12185369	12188961	3592
23877	ATMG01310	326099	326509	410
23878	AT4G23710	12349926	12351624	1698
23879	AT4G14690	8418242	8419325	1083
23880	AT4G22970	12033437	12043728	10291
23881	AT4G29810	14592963	14595384	2421
23882	AT4G26560	13406733	13408087	1354
23883	AT4G17170	9644574	9646408	1834
23884	AT4G31950	15455083	15457121	2038
23885	AT4G19680	10703348	10704838	1490
23886	AT4G27370	13694689	13701119	6430
23887	AT4G12320	7313779	7316871	3092
23888	AT4G22780	11968272	11971357	3085
23889	AT4G28130	13971552	13974323	2771
23890	AT4G33580	16138251	16141624	3373
23891	AT4G11370	6907488	6908442	954
23892	AT4G18430	10183671	10185383	1712
23893	AT4G29280	14427882	14428265	383
23894	AT4G23570	12299749	12302935	3186
23895	AT4G05110	2624867	2629058	4191
23896	AT4G27800	13851777	13854237	2460
23897	AT4G29940	14648138	14653489	5351
23898	AT4G23640	12320152	12324604	4452
23899	AT4G10457	6466900	6467270	370
23900	AT4G19230	10521259	10523961	2702
23901	AT4G15280	8719022	8720732	1710
23902	AT4G29330	14444553	14447237	2684
23903	AT4G00460	211000	213697	2697
23904	AT4G25630	13074090	13076432	2342
23905	AT4G02500	1101378	1103612	2234
23906	AT4G27600	13782213	13785134	2921
23907	AT4G15417	8821651	8823076	1425
23908	AT4G13560	7879558	7883926	4368
23909	AT4G35620	16901596	16904001	2405
23910	AT4G32660	15756018	15759314	3296
23911	AT4G21860	11599645	11601724	2079
23912	AT4G35020	16672192	16674789	2597
23913	AT4G16265	9202250	9204147	1897
23914	AT4G12300	7307737	7309895	2158
23915	AT4G33330	16059754	16063251	3497
23916	AT4G17050	9589501	9592590	3089
23917	AT4G23790	12387631	12389908	2277
23918	AT4G13090	7631535	7632876	1341
23919	AT4G23660	12327638	12331876	4238
23920	AT4G17490	9752824	9754161	1337
23921	AT4G04210	2029855	2031942	2087
23922	AT4G21585	11477814	11480179	2365
23923	AT4G18020	10002846	10007626	4780
23924	AT4G17220	9656652	9659576	2924
23925	AT4G18550	10224661	10227140	2479
23926	AT4G34020	16298262	16300999	2737
23927	AT4G27540	13753210	13754812	1602
23928	AT4G37760	17743738	17746697	2959
23929	AT4G33010	15926652	15931422	4770
23930	AT4G28510	14084624	14086882	2258
23931	AT4G30420	14876905	14878914	2009
23932	AT4G35570	16887131	16888371	1240
23933	AT4G08180	5169459	5174107	4648
23934	AT4G21090	11256399	11258660	2261
23935	AT4G34030	16301027	16304099	3072
23936	AT4G30480	14897346	14899121	1775
23937	AT4G33020	15932420	15934762	2342
23938	AT4G32300	15599475	15602597	3122
23939	AT4G28660	14149849	14151163	1314
23940	AT4G31500	15273410	15275404	1994
23941	AT4G28270	14007475	14009287	1812
23942	AT4G22700	11933297	11933886	589
23943	AT4G34200	16373731	16376666	2935
23944	AT4G27690	13823510	13826395	2885
23945	AT4G29720	14553211	14555276	2065
23946	AT4G17980	9978703	9980555	1852
23947	AT4G12800	7521257	7522761	1504
23948	AT4G27430	13718007	13723461	5454
23949	AT4G11820	7108884	7112480	3596
23950	AT4G03205	1412785	1414902	2117
23951	AT4G28640	14142063	14143969	1906
23952	AT4G34350	16428407	16431144	2737
23953	AT4G02890	1278530	1280166	1636
23954	AT4G11220	6837911	6840036	2125
23955	AT4G35830	16972569	16978161	5592
23956	AT4G12610	7454722	7458422	3700
23957	AT4G39000	18171589	18173840	2251
23958	AT4G16570	9336696	9340869	4173
23959	AT4G18890	10352386	10355555	3169
23960	AT4G21030	11231414	11231998	584
23961	AT4G05130	2636547	2639279	2732
23962	AT4G32850	15849711	15855194	5483
23963	AT4G02730	1207683	1209287	1604
23964	AT4G21350	11356143	11357267	1124
23965	AT4G34990	16661101	16662549	1448
23966	AT4G25100	12884300	12887011	2711
23967	AT4G27140	13607329	13608031	702
23968	AT4G23190	12140899	12143858	2959
23969	AT4G11280	6863979	6866116	2137
23970	AT4G15540	8872698	8875378	2680
23971	AT4G17500	9759203	9760391	1188
23972	AT4G37580	17658594	17660878	2284
23973	AT4G07410	4200506	4205356	4850
23974	AT4G14660	8406247	8407896	1649
23975	AT4G30720	14971833	14975528	3695
23976	AT4G16780	9449114	9450905	1791
23977	AT4G25350	12962965	12966629	3664
23978	AT4G32320	15602721	15605400	2679
23979	AT4G00080	32748	33756	1008
23980	AT4G30580	14932105	14934528	2423
23981	AT4G23920	12431097	12433912	2815
23982	AT4G34710	16560030	16563044	3014
23983	AT4G00540	234597	237582	2985
23984	AT4G18910	10366044	10368510	2466
23985	AT4G01320	545796	549413	3617
23986	AT4G15310	8736721	8740211	3490
23987	AT4G30190	14770395	14776247	5852
23988	AT4G39010	18175900	18179266	3366
23989	AT4G34970	16653704	16654955	1251
23990	AT4G01360	564760	566408	1648
23991	AT4G08390	5314871	5317963	3092
23992	AT4G09020	5783909	5789100	5191
23993	AT4G32717	15786272	15786914	642
23994	AT4G11420	6947476	6952479	5003
23995	AT4G19600	10672765	10676929	4164
23996	AT4G13660	7945683	7948443	2760
23997	AT4G11260	6851184	6853912	2728
23998	AT4G01060	460395	461246	851
23999	AT4G20990	11219772	11221148	1376
24000	AT4G21430	11407804	11412279	4475
24001	AT4G30270	14819192	14820595	1403
24002	AT4G27670	13818825	13819971	1146
24003	AT4G33220	16022269	16026428	4159
24004	AT4G08810	5615921	5618066	2145
24005	AT4G24660	12722912	12725835	2923
24006	AT4G16590	9345150	9349258	4108
24007	AT4G01540	670483	672789	2306
24008	AT4G21790	11569524	11572595	3071
24009	AT4G13510	7858183	7860288	2105
24010	AT4G36160	17110645	17114141	3496
24011	AT4G03350	1473718	1474509	791
24012	AT4G00231	97476	99593	2117
24013	AT4G25910	13163929	13165332	1403
24014	AT4G13395	7785428	7786161	733
24015	AT4G36950	17422538	17423953	1415
24016	AT4G25970	13184114	13189435	5321
24017	AT4G21380	11388827	11393226	4399
24018	AT4G20440	11022036	11023851	1815
24019	AT4G27310	13675537	13677055	1518
24020	AT4G10960	6715874	6718550	2676
24021	AT4G15320	8742639	8748025	5386
24022	AT4G33950	16271745	16274825	3080
24023	AT4G00690	281132	283612	2480
24024	AT4G00830	351969	355248	3279
24025	AT4G35640	16905579	16908357	2778
24026	AT4G01430	585598	588126	2528
24027	AT4G37940	17835217	17838969	3752
24028	AT4G23220	12154091	12156881	2790
24029	AT4G10760	6619817	6623381	3564
24030	AT4G00440	193528	198582	5054
24031	AT4G37200	17509621	17511364	1743
24032	AT4G17890	9936861	9939493	2632
24033	AT4G33360	16067672	16069374	1702
24034	AT4G35770	16944878	16946266	1388
24035	AT4G21000	11222529	11223756	1227
24036	AT4G03190	1404887	1407402	2515
24037	AT4G24900	12814806	12817622	2816
24038	AT4G00120	41665	43197	1532
24039	AT4G12020	7201522	7209692	8170
24040	AT4G21320	11340362	11342075	1713
24041	AT4G28365	14032845	14033840	995
24042	AT4G26840	13497287	13498820	1533
24043	AT4G08770	5598037	5600398	2361
24044	AT4G15802	8986598	8988661	2063
24045	AT4G11110	6771605	6777225	5620
24046	AT4G02195	969994	972342	2348
24047	AT4G09990	6258880	6260259	1379
24048	AT4G35460	16842174	16844359	2185
24049	AT4G32180	15537559	15543954	6395
24050	AT4G21540	11459228	11462651	3423
24051	AT4G33510	16116371	16118825	2454
24052	AT4G28395	14043940	14044902	962
24053	AT4G30280	14825757	14827211	1454
24054	AT4G18050	10021786	10027425	5639
24055	AT4G15880	9012552	9016179	3627
24056	AT4G17380	9708684	9714135	5451
24057	AT4G21390	11394295	11397726	3431
24058	AT4G02670	1176000	1178624	2624
24059	AT4G26570	13408383	13411177	2794
24060	AT4G35520	16865304	16871527	6223
24061	AT4G09600	6072804	6073646	842
24062	AT4G17770	9876172	9880386	4214
24063	AT4G01520	656407	659178	2771
24064	AT4G32210	15556397	15558167	1770
24065	AT4G09900	6221628	6224221	2593
24066	AT4G02020	886580	891987	5407
24067	AT4G19810	10763206	10765795	2589
24068	AT4G13345	7765060	7769763	4703
24069	AT4G36250	17150740	17153663	2923
24070	AT4G27750	13841639	13843653	2014
24071	AT4G14680	8413263	8415650	2387
24072	AT4G17895	9939666	9942988	3322
24073	AT4G35100	16708361	16710407	2046
24074	AT4G35090	16700312	16703504	3192
24075	AT4G30430	14878783	14880331	1548
24076	AT4G14465	8320538	8322352	1814
24077	AT4G00490	222289	225131	2842
24078	AT4G31600	15314867	15317160	2293
24079	AT4G27950	13909542	13910995	1453
24080	AT4G15396	8807483	8810512	3029
24081	AT4G25500	13024498	13027484	2986
24082	AT4G06746	4073717	4074735	1018
24083	AT4G24680	12732494	12740094	7600
24084	AT4G24450	12635061	12642808	7747
24085	AT4G08980	5758014	5760569	2555
24086	AT4G21534	11456126	11459223	3097
24087	AT4G13240	7679950	7682622	2672
24088	AT4G08590	5463794	5466747	2953
24089	AT4G17550	9777648	9779939	2291
24090	AT4G15910	9028262	9029477	1215
24091	AT4G15510	8860462	8862693	2231
24092	AT4G11960	7174886	7177888	3002
24093	AT4G16890	9500271	9505972	5701
24094	AT4G25640	13076444	13079256	2812
24095	AT4G30930	15049811	15051751	1940
24096	AT4G27470	13734922	13736518	1596
24097	AT4G38320	17948692	17950522	1830
24098	AT4G23600	12310379	12313212	2833
24099	AT4G03070	1358267	1359698	1431
24100	AT4G22890	12006986	12009536	2550
24101	AT4G02260	985123	991506	6383
24102	AT4G34570	16510933	16514372	3439
24103	AT4G13750	7975064	7987687	12623
24104	AT4G36490	17221885	17225088	3203
24105	AT4G15500	8856962	8858678	1716
24106	AT4G39340	18293129	18293512	383
24107	AT4G05000	2563040	2564835	1795
24108	AT4G24020	12479528	12484049	4521
24109	AT4G33260	16041006	16043549	2543
24110	AT4G17190	9648467	9650912	2445
24111	AT4G34100	16330366	16335247	4881
24112	AT4G09820	6181881	6186523	4642
24113	AT4G26160	13255251	13256879	1628
24114	AT4G37720	17718953	17719321	368
24115	AT4G04640	2350498	2352025	1527
24116	AT4G24230	12566631	12568866	2235
24117	AT4G18730	10302163	10303432	1269
24118	AT4G25130	12898514	12900090	1576
24119	AT4G05440	2757163	2758585	1422
24120	AT4G31580	15306544	15309035	2491
24121	AT4G29510	14491622	14494001	2379
24122	AT4G10770	6628398	6632676	4278
24123	AT4G38570	18031279	18033599	2320
24124	AT4G04490	2231717	2234689	2972
24125	AT4G21840	11586980	11588373	1393
24126	AT4G31820	15390519	15394626	4107
24127	AT4G27170	13613596	13614283	687
24128	AT4G10090	6305320	6307552	2232
24129	AT4G39070	18204631	18206684	2053
24130	AT4G39390	18315545	18318226	2681
24131	AT4G10570	6523225	6528330	5105
24132	AT4G35190	16746189	16748455	2266
24133	AT4G02970	1317499	1319179	1680
24134	AT4G09980	6247735	6252314	4579
24135	AT4G12880	7544381	7545512	1131
24136	AT4G32770	15804784	15808084	3300
24137	AT4G14455	8310319	8312384	2065
24138	AT4G23630	12317036	12320074	3038
24139	AT4G19700	10713410	10714745	1335
24140	AT4G34720	16567792	16569334	1542
24141	AT4G13610	7915022	7921231	6209
24142	AT4G00620	258987	261289	2302
24143	AT4G28760	14207460	14212050	4590
24144	AT4G20740	11126140	11128916	2776
24145	AT4G21900	11616338	11619421	3083
24146	AT4G24890	12811354	12814456	3102
24147	AT4G02270	992111	993039	928
24148	AT4G02080	921447	922759	1312
24149	AT4G34370	16434280	16437415	3135
24150	AT4G32070	15503802	15507312	3510
24151	AT4G16143	9133750	9137415	3665
24152	AT4G30220	14802931	14804461	1530
24153	AT4G24940	12823496	12826209	2713
24154	AT4G30210	14796695	14800961	4266
24155	AT4G29350	14449888	14451394	1506
24156	AT4G14340	8248160	8251998	3838
24157	AT4G30290	14828712	14830224	1512
24158	AT4G18620	10254359	10254853	494
24159	AT4G24800	12781762	12785238	3476
24160	AT4G24470	12645542	12647985	2443
24161	AT4G28050	13942257	13943732	1475
24162	AT4G36450	17210049	17211782	1733
24163	AT4G16120	9116209	9119379	3170
24164	AT4G19170	10481619	10483879	2260
24165	AT4G28560	14116015	14117367	1352
24166	AT4G15233	8687354	8694733	7379
24167	AT4G03240	1423238	1424772	1534
24168	AT4G10710	6601903	6606357	4454
24169	AT4G05180	2671523	2673243	1720
24170	AT4G01420	580038	581521	1483
24171	AT4G07960	4802253	4805647	3394
24172	AT4G33465	16100709	16101951	1242
24173	AT4G37120	17486516	17489354	2838
24174	AT4G04955	2522034	2525352	3318
24175	AT4G15530	8864615	8870979	6364
24176	AT4G34870	16614204	16615313	1109
24177	AT4G35480	16851972	16853035	1063
24178	AT4G31800	15382777	15385100	2323
24179	AT4G35800	16960558	16968128	7570
24180	AT4G24620	12708646	12712825	4179
24181	AT4G28980	14288379	14290913	2534
24182	AT4G11780	7085879	7088412	2533
24183	AT4G13310	7750305	7753210	2905
24184	AT4G37470	17616659	17618656	1997
24185	AT4G25270	12936931	12938910	1979
24186	AT4G27630	13791642	13797305	5663
24187	AT4G27650	13803268	13808031	4763
24188	AT4G10850	6674894	6676981	2087
24189	AT4G28530	14090489	14094902	4413
24190	AT4G24270	12581518	12587458	5940
24191	AT4G37640	17682859	17687105	4246
24192	AT4G01450	608273	610765	2492
24193	AT4G14713	8426677	8429720	3043
24194	AT4G01690	729863	732433	2570
24195	AT4G25420	12990851	12992585	1734
24196	AT4G19960	10813183	10817070	3887
24197	AT4G27230	13637236	13638449	1213
24198	AT4G31390	15233042	15237193	4151
24199	AT4G23150	12125664	12128490	2826
24200	AT4G17300	9681348	9684984	3636
24201	AT4G18780	10312624	10316886	4262
24202	AT4G11490	6978848	6981548	2700
24203	AT4G10040	6276948	6278622	1674
24204	AT4G02380	1046042	1047105	1063
24205	AT4G28850	14244290	14246037	1747
24206	AT4G28590	14125212	14127082	1870
24207	AT4G04885	2471866	2476025	4159
24208	AT4G35780	16946369	16950620	4251
24209	AT4G24500	12658433	12660667	2234
24210	AT4G17905	9948706	9950041	1335
24211	AT4G10310	6391854	6395922	4068
24212	AT4G23990	12456342	12460753	4411
24213	AT4G17640	9825145	9827357	2212
24214	AT4G23250	12162004	12167026	5022
24215	AT4G23070	12090690	12092217	1527
24216	AT4G21160	11284076	11286767	2691
24217	AT4G16760	9424534	9428895	4361
24218	AT4G09350	5931110	5932475	1365
24219	AT4G18980	10398857	10399905	1048
24220	AT4G14430	8304442	8305857	1415
24221	AT4G37450	17605538	17607050	1512
24222	AT4G37970	17849538	17852279	2741
24223	AT4G25340	12959349	12962771	3422
24224	AT4G02460	1076090	1080727	4637
24225	AT4G31780	15373988	15377172	3184
24226	AT4G39920	18515693	18517302	1609
24227	AT4G23280	12174733	12177576	2843
24228	AT4G34250	16394600	16396703	2103
24229	AT4G21760	11561123	11563950	2827
24230	AT4G16210	9176499	9178139	1640
24231	AT4G33030	15935373	15937833	2460
24232	AT4G20110	10875233	10878730	3497
24233	AT4G18770	10311030	10313104	2074
24234	AT4G32720	15787194	15789996	2802
24235	AT4G28750	14202758	14204061	1303
24236	AT4G16130	9120777	9127938	7161
24237	AT4G08685	5550404	5551370	966
24238	AT4G00060	21351	29064	7713
24239	AT4G00950	405623	407142	1519
24240	AT4G05020	2572427	2576599	4172
24241	AT4G04470	2227661	2230485	2824
24242	AT4G37370	17569740	17571743	2003
24243	AT4G16990	9558571	9565569	6998
24244	AT4G15130	8637666	8639581	1915
24245	AT4G27000	13554604	13557915	3311
24246	AT4G14860	8516372	8517130	758
24247	AT4G28280	14010685	14012700	2015
24248	AT4G13985	8080118	8081669	1551
24249	AT4G21080	11254602	11255351	749
24250	AT4G15360	8770180	8771960	1780
24251	AT4G14080	8118537	8120358	1821
24252	AT4G20850	11160721	11170071	9350
24253	AT4G18480	10201672	10203469	1797
24254	AT4G17695	9847933	9850927	2994
24255	AT4G15415	8816922	8819783	2861
24256	AT4G11653	7037084	7037372	288
24257	AT4G14750	8470179	8472217	2038
24258	AT4G32150	15525979	15527926	1947
24259	AT4G36020	17042769	17044599	1830
24260	AT4G17600	9803624	9805410	1786
24261	AT4G27320	13678417	13680946	2529
24262	AT4G05050	2588004	2589437	1433
24263	AT4G27460	13732832	13734531	1699
24264	AT4G21990	11657008	11659167	2159
24265	AT4G18197	10071481	10073557	2076
24266	AT4G16350	9242274	9243912	1638
24267	AT4G17880	9933326	9935685	2359
24268	AT4G38800	18113161	18115176	2015
24269	AT4G33880	16239363	16241169	1806
24270	AT4G10020	6268273	6270434	2161
24271	AT4G04910	2489364	2495863	6499
24272	AT4G32540	15700829	15703000	2171
24273	AT4G04030	1936653	1937972	1319
24274	AT4G22690	11929359	11931750	2391
24275	AT4G36060	17055226	17056782	1556
24276	AT4G30700	14962493	14965023	2530
24277	AT4G38460	17994739	17996222	1483
24278	AT4G35600	16896153	16898933	2780
24279	AT4G22115	11714743	11715243	500
24280	AT4G13850	8020713	8022476	1763
24281	AT4G11460	6963521	6967200	3679
24282	AT4G02390	1049766	1054186	4420
24283	AT4G21400	11398857	11402180	3323
24284	AT4G03050	1343845	1346436	2591
24285	AT4G36920	17400610	17403469	2859
24286	AT4G12960	7583239	7584759	1520
24287	AT4G24740	12754489	12757866	3377
24288	AT4G14010	8092687	8093552	865
24289	AT4G30074	14699737	14700599	862
24290	AT4G26455	13365283	13367531	2248
24291	AT4G38420	17982616	17985384	2768
24292	AT4G16370	9247302	9250343	3041
24293	AT4G34440	16465730	16469039	3309
24294	AT4G37670	17696059	17698991	2932
24295	AT4G01100	477141	480028	2887
24296	AT4G16160	9157471	9158933	1462
24297	AT4G18790	10317416	10319736	2320
24298	AT4G39220	18263599	18265771	2172
24299	AT4G27010	13557974	13568439	10465
24300	AT4G09740	6142706	6145003	2297
24301	AT4G29080	14323296	14325361	2065
24302	AT4G35420	16833933	16835619	1686
24303	AT4G09730	6136244	6139711	3467
24304	AT4G21190	11292192	11294014	1822
24305	AT4G37140	17492013	17492806	793
24306	AT4G04350	2128090	2133150	5060
24307	AT4G11760	7079183	7080445	1262
24308	AT4G34260	16397995	16402118	4123
24309	AT4G12620	7459609	7462447	2838
24310	AT4G09000	5775210	5777481	2271
24311	AT4G15560	8883825	8887667	3842
24312	AT4G26100	13227450	13230797	3347
24313	AT4G33240	16029209	16038324	9115
24314	AT4G25990	13191085	13194124	3039
24315	AT4G27500	13743011	13746211	3200
24316	AT4G01190	504135	506403	2268
24317	AT4G05100	2618372	2619947	1575
24318	AT4G36070	17056587	17059706	3119
24319	AT4G12330	7317508	7319774	2266
24320	AT4G18040	10016530	10018232	1702
24321	AT4G30140	14738326	14740742	2416
24322	AT4G32880	15863339	15868650	5311
24323	AT4G39800	18469255	18472048	2793
24324	AT4G04500	2238370	2240921	2551
24325	AT4G40060	18571239	18573084	1845
24326	AT4G28040	13940307	13942436	2129
24327	AT4G37430	17597110	17598958	1848
24328	AT4G05420	2746114	2753014	6900
24329	AT4G01480	626069	628070	2001
24330	AT4G27330	13682078	13683594	1516
24331	AT4G16144	9137789	9141772	3983
24332	AT4G23260	12167416	12170080	2664
24333	AT4G19040	10431515	10437564	6049
24334	AT4G14580	8367663	8369312	1649
24335	AT4G18990	10401777	10404393	2616
24336	AT4G30440	14881689	14883583	1894
24337	AT4G04700	2385038	2388105	3067
24338	AT4G34210	16379003	16379528	525
24339	AT4G29470	14484243	14485817	1574
24340	AT4G38850	18126057	18126829	772
24341	AT4G27160	13611796	13612563	767
24342	AT4G25810	13128394	13129927	1533
24343	AT4G20170	10896579	10899141	2562
24344	AT4G04800	2439520	2441205	1685
24345	AT4G32520	15689436	15692989	3553
24346	AT4G15570	8892607	8899061	6454
24347	AT4G02050	898307	901072	2765
24348	AT4G25570	13053661	13055800	2139
24349	AT4G26740	13473516	13475371	1855
24350	AT4G27420	13712199	13714797	2598
24351	AT4G09610	6074770	6075645	875
24352	AT4G00900	382663	386850	4187
24353	AT4G35470	16846138	16849183	3045
24354	AT4G29910	14627885	14630804	2919
24355	AT4G38230	17928677	17931511	2834
24356	AT4G05190	2675064	2680214	5150
24357	AT4G20235	10928948	10931277	2329
24358	AT4G04570	2288616	2292965	4349
24359	AT4G24080	12511187	12512520	1333
24360	AT4G12860	7538444	7538902	458
24361	AT4G35950	17023837	17025866	2029
24362	AT4G24280	12589810	12593800	3990
24363	AT4G37010	17444129	17445615	1486
24364	AT4G02810	1256144	1257320	1176
24365	AT4G01250	522530	524249	1719
24366	AT4G04080	1963291	1964471	1180
24367	AT4G38590	18036056	18040928	4872
24368	AT4G25120	12890545	12898501	7956
24369	AT4G20070	10861382	10864765	3383
24370	AT4G33520	16118830	16126151	7321
24371	ATMG00300	89617	90054	437
24372	AT4G24220	12564945	12566755	1810
24373	AT4G30530	14920376	14922519	2143
24374	AT4G01037	451194	453243	2049
24375	AT4G39400	18324457	18328831	4374
24376	AT4G19850	10776591	10777588	997
24377	AT4G26420	13350796	13352569	1773
24378	AT4G40100	18583244	18584524	1280
24379	ATMG00480	129909	130385	476
24380	AT4G22550	11877949	11879021	1072
24381	AT4G30510	14905097	14907645	2548
24382	AT4G14550	8347822	8350263	2441
24383	AT4G01550	673862	676445	2583
24384	AT4G37610	17670481	17672353	1872
24385	AT4G20900	11184103	11185844	1741
24386	AT4G24980	12846797	12848376	1579
24387	AT4G23400	12220641	12222468	1827
24388	AT4G21850	11591116	11592425	1309
24389	AT4G15800	8984787	8985995	1208
24390	AT4G35890	16997091	17000896	3805
24391	AT4G37770	17752079	17754157	2078
24392	AT4G37300	17554493	17556048	1555
24393	AT4G01830	785551	790447	4896
24394	AT4G04920	2497598	2505554	7956
24395	AT4G12030	7210807	7213376	2569
24396	AT4G15550	8877590	8879327	1737
24397	AT4G01120	481569	484524	2955
24398	AT4G31610	15317499	15320046	2547
24399	AT4G26590	13413973	13417145	3172
24400	AT4G00360	160643	163023	2380
24401	AT4G07400	4197666	4199511	1845
24402	AT4G29840	14599216	14601164	1948
24403	AT4G24990	12849651	12851810	2159
24404	AT4G01850	795986	798381	2395
24405	AT4G03153	1394845	1395588	743
24406	AT4G32490	15678647	15679652	1005
24407	AT4G25590	13058936	13060250	1314
24408	AT4G29340	14447338	14448698	1360
24409	AT4G34620	16534855	16536224	1369
24410	AT4G15093	8618259	8619658	1399
24411	AT4G01440	596397	598752	2355
24412	AT4G12470	7401087	7401951	864
24413	AT4G27060	13581286	13585250	3964
24414	AT4G24120	12524186	12527347	3161
24415	ATMG00080	25076	25615	539
24416	AT4G21440	11418199	11419769	1570
24417	AT4G08620	5500313	5506313	6000
24418	AT4G11485	6975051	6976014	963
24419	AT4G03110	1376306	1379747	3441
24420	AT4G10640	6571894	6574586	2692
24421	AT4G19210	10501123	10505217	4094
24422	AT4G00660	274252	278737	4485
24423	AT4G36940	17416855	17420252	3397
24424	AT4G02570	1128515	1133774	5259
24425	AT4G23010	12060131	12062858	2727
24426	AT4G26250	13289641	13291104	1463
24427	AT4G34700	16556738	16559034	2296
24428	AT4G13410	7792016	7796041	4025
24429	AT4G38000	17858351	17859325	974
24430	AT4G00680	279596	281072	1476
24431	AT4G15735	8963041	8963583	542
24432	AT4G36900	17388649	17389862	1213
24433	AT4G26070	13217475	13219936	2461
24434	AT4G34135	16345150	16347434	2284
24435	AT4G19100	10453415	10454515	1100
24436	AT4G15900	9023666	9027808	4142
24437	AT4G09590	6066128	6066763	635
24438	AT4G30120	14730215	14733628	3413
24439	AT4G00340	148612	151739	3127
24440	AT4G27040	13572885	13575639	2754
24441	AT4G30980	15078731	15081775	3044
24442	AT4G16515	9305166	9305845	679
24443	AT4G21690	11527229	11529060	1831
24444	AT4G11090	6764379	6766329	1950
24445	AT4G27860	13873708	13876528	2820
24446	AT4G37400	17583992	17586442	2450
24447	AT4G36910	17390626	17393479	2853
24448	AT4G05200	2679723	2682384	2661
24449	AT4G12920	7568286	7569455	1169
24450	AT4G27990	13923594	13924775	1181
24451	AT4G19905	10794011	10794811	800
24452	AT4G29860	14601698	14605810	4112
24453	AT4G31990	15470744	15473885	3141
24454	AT4G39510	18368685	18370698	2013
24455	AT4G36830	17349218	17351163	1945
24456	AT4G15440	8835368	8838676	3308
24457	ATCG00800	82826	83482	656
24458	AT4G09550	6039055	6040226	1171
24459	AT4G22570	11882066	11885533	3467
24460	AT4G28720	14192569	14194302	1733
24461	AT4G00335	145887	148424	2537
24462	AT4G00480	216812	219926	3114
24463	AT4G05320	2717977	2720308	2331
24464	AT4G12040	7214577	7216715	2138
24465	AT4G02600	1143888	1147562	3674
24466	AT4G36690	17293938	17297761	3823
24467	AT4G25750	13110466	13112482	2016
24468	AT4G04330	2116553	2118617	2064
24469	AT4G36630	17271764	17276626	4862
24470	AT4G30064	14694239	14694778	539
24471	AT4G18240	10082108	10087203	5095
24472	AT4G29130	14352037	14355201	3164
24473	AT4G16600	9349741	9352832	3091
24474	AT4G23240	12160478	12163193	2715
24475	AT4G29430	14472303	14473621	1318
24476	AT4G28250	13999625	14002124	2499
24477	AT4G29880	14606926	14608478	1552
24478	AT4G14710	8424667	8426575	1908
24479	AT4G03415	1503492	1506535	3043
24480	AT4G31720	15353796	15356431	2635
24481	AT4G19540	10657289	10659566	2277
24482	AT4G35300	16795775	16799823	4048
24483	AT4G15850	9001174	9004734	3560
24484	AT4G37780	17758232	17759746	1514
24485	AT4G25380	12975848	12976638	790
24486	AT4G21340	11352958	11354824	1866
24487	AT4G14540	8344349	8345324	975
24488	AT4G25950	13173443	13174541	1098
24489	AT4G22680	11922340	11924230	1890
24490	AT4G24250	12574719	12577583	2864
24491	AT4G24960	12827856	12829303	1447
24492	AT4G31850	15402768	15406493	3725
24493	AT4G33200	16002466	16014981	12515
24494	AT4G22540	11860409	11866475	6066
24495	AT4G36110	17089934	17090873	939
24496	ATCG00710	74485	74706	221
24497	AT4G22745	11947210	11948804	1594
24498	AT4G17060	9593381	9595350	1969
24499	AT4G09795	6169600	6170015	415
24500	AT4G30960	15067028	15069183	2155
24501	AT4G37730	17723639	17725037	1398
24502	AT4G24570	12686459	12687650	1191
24503	AT4G17870	9928587	9929875	1288
24504	AT4G22080	11700555	11702785	2230
24505	AT4G01500	639247	640976	1729
24506	AT4G37330	17562317	17564763	2446
24507	AT4G34050	16310409	16312308	1899
24508	AT4G17970	9975365	9978023	2658
24509	AT4G27110	13599044	13601586	2542
24510	AT4G36030	17044875	17047315	2440
24511	AT4G38910	18145188	18147080	1892
24512	ATCG00590	65712	65807	95
24513	AT4G28556	14114104	14115897	1793
24514	AT4G04720	2393653	2397804	4151
24515	AT4G04610	2324878	2327064	2186
24516	AT4G39890	18505919	18507703	1784
24517	AT4G39620	18395294	18397587	2293
24518	AT4G28220	13992210	13995831	3621
24519	AT4G13950	8058072	8058823	751
24520	AT4G38920	18147027	18149315	2288
24521	AT4G20780	11133095	11134075	980
24522	AT4G30890	15036020	15039417	3397
24523	AT4G03520	1562203	1564204	2001
24524	AT4G12430	7365257	7368730	3473
24525	AT4G36870	17368915	17374011	5096
24526	AT4G36400	17197188	17200932	3744
24527	AT4G01840	793177	795237	2060
24528	AT4G36540	17243583	17245296	1713
24529	AT4G04220	2033168	2035946	2778
24530	AT4G13340	7758275	7761362	3087
24531	AT4G26110	13232545	13235908	3363
24532	AT4G20370	11000771	11003010	2239
24533	AT4G19120	10460241	10464306	4065
24534	AT4G26200	13275200	13277188	1988
24535	AT4G08900	5703311	5705439	2128
24536	AT4G08290	5238773	5241112	2339
24537	AT4G04840	2449434	2451651	2217
24538	AT4G22340	11799852	11803522	3670
24539	AT4G18360	10145895	10148764	2869
24540	AT4G20140	10883921	10888270	4349
24541	AT4G15180	8651406	8662587	11181
24542	AT4G24260	12577630	12580415	2785
24543	AT4G19185	10489038	10491752	2714
24544	AT4G14210	8190190	8195320	5130
24545	AT4G34060	16313366	16319426	6060
24546	AT4G00550	237901	240579	2678
24547	AT4G17090	9604962	9607402	2440
24548	AT4G11890	7147865	7149942	2077
24549	AT4G36360	17176342	17181466	5124
24550	AT4G14510	8336701	8341174	4473
24551	AT4G21810	11575096	11577254	2158
24552	AT4G00230	93743	97467	3724
24553	AT4G10380	6431161	6435396	4235
24554	AT4G22300	11787299	11789312	2013
24555	AT4G14147	8153807	8156975	3168
24556	AT4G00720	293588	297479	3891
24557	AT4G11070	6759098	6760794	1696
24558	AT4G30996	15101065	15102788	1723
24559	AT4G20280	10953540	10955076	1536
24560	AT4G14880	8517960	8520596	2636
24561	AT4G12550	7439115	7439805	690
24562	AT4G15250	8709767	8711526	1759
24563	AT4G37340	17564825	17566839	2014
24564	AT4G22600	11900211	11901032	821
24565	AT4G13520	7864271	7865709	1438
24566	AT4G27410	13707192	13709170	1978
24567	AT4G14700	8422173	8424760	2587
24568	AT4G17460	9739518	9741234	1716
24569	AT4G20890	11182092	11184559	2467
24570	AT4G04540	2259498	2262320	2822
24571	AT4G00210	85471	87071	1600
24572	AT4G11010	6732420	6734454	2034
24573	AT4G00140	51166	53449	2283
24574	AT4G30360	14854694	14858019	3325
24575	AT4G32410	15640490	15646844	6354
24576	AT4G33530	16126179	16130608	4429
24577	AT4G35860	16986840	16989047	2207
24578	AT4G38240	17931570	17935325	3755
24579	AT4G35390	16829326	16830692	1366
24580	AT4G11660	7042354	7044708	2354
24581	AT4G33460	16098070	16100440	2370
24582	AT4G16730	9402898	9406136	3238
24583	AT4G15290	8721482	8726733	5251
24584	AT4G21210	11306945	11308925	1980
24585	AT4G18610	10250601	10253148	2547
24586	AT4G35450	16839526	16842173	2647
24587	AT4G26640	13437005	13441884	4879
24588	AT4G11640	7021422	7023318	1896
24589	AT4G13195	7661792	7663261	1469
24590	AT4G39120	18225297	18227988	2691
24591	AT4G09180	5847312	5849763	2451
24592	AT4G31750	15363708	15367892	4184
24593	AT4G31550	15289788	15291934	2146
24594	AT4G14130	8137020	8138392	1372
24595	AT4G18010	9990988	9994524	3536
24596	AT4G11720	7063255	7066878	3623
24597	AT4G25650	13080827	13083260	2433
24598	AT4G16845	9476069	9479878	3809
24599	AT4G12460	7391208	7396511	5303
24600	AT4G01470	624786	625885	1099
24601	AT4G21480	11433303	11435284	1981
24602	AT4G34680	16553145	16554872	1727
24603	AT4G03280	1440146	1441863	1717
24604	AT4G36710	17305758	17307648	1890
24605	AT4G37320	17559378	17561975	2597
24606	AT4G28485	14075235	14076011	776
24607	AT4G35040	16680209	16682881	2672
24608	AT4G10100	6308683	6309546	863
24609	AT4G08700	5565773	5567458	1685
24610	AT4G21040	11234807	11235505	698
24611	AT4G13940	8054673	8057181	2508
24612	AT4G00740	306869	310517	3648
24613	AT4G17730	9865103	9867022	1919
24614	AT4G04950	2517596	2520062	2466
24615	AT4G37930	17831731	17835017	3286
24616	AT4G26300	13307977	13313109	5132
24617	AT4G10340	6408007	6409849	1842
24618	AT4G30610	14944129	14948605	4476
24619	AT4G12730	7491227	7493080	1853
24620	AT4G30550	14925407	14926861	1454
24621	AT4G21100	11258759	11265605	6846
24622	AT4G20940	11202728	11206280	3552
24623	AT4G29040	14312283	14314600	2317
24624	AT4G15400	8811917	8813593	1676
24625	AT4G21490	11436326	11439506	3180
24626	AT4G12480	7406065	7406994	929
24627	AT4G25110	12887474	12890262	2788
24628	AT4G37750	17739514	17742407	2893
24629	AT4G13920	8043803	8046559	2756
24630	AT4G30590	14935584	14936562	978
24631	AT4G02290	1002338	1005305	2967
24632	AT4G00150	57140	59495	2355
24633	AT4G04970	2536925	2543273	6348
24634	AT4G37310	17555899	17559104	3205
24635	AT4G02520	1110343	1112033	1690
24636	AT4G26320	13317053	13317640	587
24637	AT4G35790	16955415	16960407	4992
24638	AT4G32450	15660927	15662879	1952
24639	AT4G02060	900636	905591	4955
24640	AT4G13930	8047692	8050157	2465
24641	AT4G19030	10421521	10423508	1987
24642	AT4G23320	12189089	12191704	2615
24643	AT4G31730	15361012	15362074	1062
24644	AT4G39100	18217629	18220324	2695
24645	AT4G28580	14123489	14125089	1600
24646	AT4G14630	8392825	8393860	1035
24647	AT4G26610	13424477	13427402	2925
24648	AT4G33790	16204096	16207956	3860
24649	AT4G10840	6656374	6659265	2891
24650	AT4G26330	13320408	13323673	3265
24651	AT4G39180	18243726	18248805	5079
24652	AT4G33350	16064437	16066897	2460
24653	AT4G21130	11274296	11276299	2003
24654	AT4G36990	17440177	17442151	1974
24655	AT4G16295	9215680	9216135	455
24656	AT4G16110	9112686	9116164	3478
24657	AT4G33450	16095392	16096774	1382
24658	AT4G00416	179022	179513	491
24659	AT4G19840	10773804	10775942	2138
24660	AT4G26930	13527578	13529429	1851
24661	AT4G26890	13511837	13513406	1569
24662	AT4G34110	16336291	16340314	4023
24663	AT4G37410	17590772	17592920	2148
24664	AT4G18210	10075527	10078261	2734
24665	AT4G22070	11691172	11694590	3418
24666	AT4G37060	17461366	17463961	2595
24667	AT4G03510	1557120	1559437	2317
24668	AT4G27960	13915531	13917500	1969
24669	AT4G15330	8751320	8753297	1977
24670	AT4G34590	16521861	16523230	1369
24671	AT4G24190	12551552	12556058	4506
24672	AT4G16820	9467512	9469425	1913
24673	AT4G12310	7309898	7312684	2786
24674	AT4G29800	14590645	14592825	2180
24675	AT4G00190	80433	82040	1607
24676	AT4G08870	5646395	5648868	2473
24677	AT4G10920	6696712	6699266	2554
24678	AT4G34190	16372333	16373736	1403
24679	AT4G03430	1516030	1520563	4533
24680	AT4G37490	17621886	17624308	2422
24681	AT4G37990	17855637	17857878	2241
24682	AT4G35630	16904059	16905722	1663
24683	AT4G22910	12012408	12016012	3604
24684	AT4G39770	18448865	18451305	2440
24685	AT4G14790	8495701	8500237	4536
24686	AT4G14716	8430207	8431963	1756
24687	AT4G37630	17679168	17681264	2096
24688	AT4G24150	12535972	12539576	3604
24689	AT4G25190	12914183	12916156	1973
24690	AT4G25440	13006690	13009618	2928
24691	AT4G30200	14786532	14790501	3969
24692	AT4G26466	13367625	13368629	1004
24693	AT4G01080	466298	468294	1996
24694	AT4G18140	10046287	10049438	3151
24695	AT4G12910	7550238	7553375	3137
24696	AT4G27710	13828189	13830682	2493
24697	AT4G10120	6313914	6320094	6180
24698	AT4G24510	12660687	12662656	1969
24699	AT4G15215	8671349	8679176	7827
24700	AT4G14590	8374391	8376353	1962
24701	AT4G37000	17442612	17444295	1683
24702	AT4G14830	8510678	8511928	1250
24703	AT4G18760	10307810	10309591	1781
24704	AT4G30920	15046457	15049438	2981
24705	AT4G28610	14132811	14135292	2481
24706	AT4G34460	16477031	16479620	2589
24707	AT4G27760	13844059	13846746	2687
24708	AT4G00260	114971	117051	2080
24709	AT4G25220	12920742	12922885	2143
24710	AT4G12560	7441681	7443775	2094
24711	AT4G28210	13990595	13992146	1551
24712	AT4G37910	17824777	17828192	3415
24713	AT4G20010	10841935	10844124	2189
24714	AT4G25540	13042455	13048262	5807
24715	AT4G22670	11917987	11920971	2984
24716	AT4G17030	9581562	9583290	1728
24717	AT4G00400	173953	176870	2917
24718	AT4G29740	14566183	14569380	3197
24719	AT4G37870	17802690	17806705	4015
24720	AT4G27070	13586268	13588897	2629
24721	AT4G31670	15335743	15339613	3870
24722	AT4G15380	8788659	8790589	1930
24723	AT4G31120	15132011	15136696	4685
24724	AT4G21280	11334352	11335815	1463
24725	AT4G24040	12488040	12491298	3258
24726	AT4G37650	17691687	17693859	2172
24727	AT4G37890	17812698	17815095	2397
24728	AT4G15393	8804070	8807232	3162
24729	AT4G34890	16618573	16625191	6618
24730	AT4G37360	17567124	17568858	1734
24731	AT4G12440	7375855	7380372	4517
24732	AT4G34230	16386631	16388940	2309
24733	AT4G01630	700566	701769	1203
24734	AT4G21330	11349922	11350694	772
24735	AT4G29283	14430180	14430650	470
24736	AT4G20130	10878817	10882052	3235
24737	AT4G34000	16295334	16298285	2951
24738	AT4G09650	6100714	6101864	1150
24739	AT4G05330	2720493	2723214	2721
24740	AT4G30870	15028380	15032645	4265
24741	AT4G14870	8517100	8517954	854
24742	AT4G01220	513053	515853	2800
24743	AT4G28190	13984695	13987510	2815
24744	AT4G21270	11329319	11334168	4849
24745	AT4G34860	16609746	16612907	3161
24746	AT4G32500	15681017	15685339	4322
24747	AT4G00850	357345	359337	1992
24748	AT4G31590	15309506	15312987	3481
24749	AT4G27970	13918165	13920378	2213
24750	AT4G27820	13857650	13860745	3095
24751	AT4G25515	13028219	13031803	3584
24752	AT4G18370	10148951	10151218	2267
24753	AT4G39490	18365049	18366888	1839
24754	AT4G17330	9688851	9697706	8855
24755	AT4G28950	14277922	14279993	2071
24756	AT4G32840	15844576	15848552	3976
24757	AT4G39940	18519599	18521605	2006
24758	AT4G31920	15444053	15447042	2989
24759	AT4G13420	7796782	7802251	5469
24760	AT4G19020	10414428	10421265	6837
24761	AT4G13810	8004549	8007597	3048
24762	AT4G34650	16542242	16545194	2952
24763	AT4G32170	15533701	15535369	1668
24764	AT4G11480	6971401	6973962	2561
24765	AT4G36260	17155556	17157645	2089
24766	AT4G22210	11752395	11752816	421
24767	AT4G00770	331157	333477	2320
24768	AT4G29170	14382819	14385465	2646
24769	AT4G04450	2218042	2221260	3218
24770	AT4G38430	17986384	17988869	2485
24771	AT4G09680	6116699	6123304	6605
24772	AT4G13770	7990429	7992429	2000
24773	AT4G35760	16942031	16944677	2646
24774	AT4G29150	14378706	14380512	1806
24775	AT4G18470	10192909	10195662	2753
24776	AT4G34410	16451876	16453260	1384
24777	AT4G23270	12170955	12174297	3342
24778	AT4G22260	11769668	11772599	2931
24779	AT4G30850	15020182	15022505	2323
24780	AT4G01026	446978	448511	1533
24781	AT4G29380	14458648	14465684	7036
24782	AT4G33090	15965593	15970557	4964
24783	AT4G11240	6847112	6849317	2205
24784	AT4G26260	13297695	13300444	2749
24785	AT4G32551	15707425	15713662	6237
24786	AT4G30560	14926834	14930355	3521
24787	AT4G15760	8972649	8974769	2120
24788	AT4G21220	11316828	11319137	2309
24789	AT4G13350	7769716	7773827	4111
24790	AT4G11140	6794630	6796398	1768
24791	AT4G39403	18329094	18329699	605
24792	AT4G14150	8158436	8165214	6778
24793	AT4G00710	289779	293492	3713
24794	AT4G29140	14368877	14371195	2318
24795	AT4G38210	17922756	17923973	1217
24796	AT4G37160	17494512	17497276	2764
24797	AT4G01800	770722	776439	5717
24798	AT4G39650	18403560	18406025	2465
24799	AT4G04860	2459853	2461739	1886
24800	AT4G22100	11707370	11709932	2562
24801	AT4G00020	2895	10504	7609
24802	AT4G33430	16086311	16090832	4521
24803	AT4G13880	8025804	8028614	2810
24804	AT4G33650	16160824	16166994	6170
24805	AT4G04850	2452664	2457767	5103
24806	AT4G11600	7009769	7011406	1637
24807	AT4G24240	12571538	12573783	2245
24808	AT4G25700	13093869	13096049	2180
24809	AT4G00110	38480	40298	1818
24810	AT4G15300	8730499	8732851	2352
24811	AT4G36570	17254290	17255762	1472
24812	AT4G28630	14138321	14141054	2733
24813	AT4G29540	14497560	14500504	2944
24814	AT4G22140	11727706	11730509	2803
24815	AT4G30860	15024444	15027672	3228
24816	AT4G02430	1068974	1072263	3289
24817	AT4G04900	2485994	2488611	2617
24818	AT4G36760	17326537	17330383	3846
24819	AT4G31910	15440971	15444006	3035
24820	AT4G02590	1137487	1140540	3053
24821	AT4G32650	15751271	15755047	3776
24822	AT4G26140	13242968	13248213	5245
24823	AT4G15950	9040683	9042129	1446
24824	AT4G26850	13498956	13501701	2745
24825	AT4G29900	14610883	14619685	8802
24826	AT4G25050	12870006	12871564	1558
24827	AT4G32040	15493989	15496381	2392
24828	AT4G11150	6799887	6801961	2074
24829	AT4G17785	9881599	9883432	1833
24830	AT4G30160	14753232	14760236	7004
24831	AT4G20260	10940414	10943561	3147
24832	AT4G16310	9217988	9226280	8292
24833	AT4G21180	11288892	11292389	3497
24834	AT4G17160	9641859	9643738	1879
24835	AT4G05390	2738531	2740927	2396
24836	AT4G15733	8961720	8962119	399
24837	AT4G00430	185285	187680	2395
24838	AT4G31370	15223655	15224685	1030
24839	AT4G26430	13354992	13357629	2637
24840	AT4G23300	12181625	12184774	3149
24841	AT4G35180	16737835	16740601	2766
24842	AT4G11840	7121965	7126317	4352
24843	AT4G00930	396444	400994	4550
24844	AT4G29160	14380660	14382736	2076
24845	AT4G28390	14041288	14043347	2059
24846	AT4G26000	13197069	13199841	2772
24847	AT4G02980	1319603	1321608	2005
24848	AT4G34530	16498391	16500174	1783
24849	AT4G20240	10931335	10934237	2902
24850	AT4G05120	2632524	2635143	2619
24851	AT4G15410	8814736	8816815	2079
24852	AT4G04710	2390307	2392989	2682
24853	AT4G02330	1032350	1035055	2705
24854	AT4G18960	10382856	10388539	5683
24855	AT4G09800	6173712	6175200	1488
24856	AT4G25480	13018010	13019400	1390
24857	AT4G39250	18271198	18272129	931
24858	AT4G15248	8708841	8709482	641
24859	AT4G08040	4886962	4889224	2262
24860	AT4G14850	8513807	8516360	2553
24861	AT4G05010	2567183	2568437	1254
24862	AT4G18160	10055379	10058185	2806
24863	AT4G09720	6132837	6135701	2864
24864	AT4G00760	327025	333477	6452
24865	AT4G08560	5450434	5453183	2749
24866	AT4G28540	14106735	14110706	3971
24867	AT4G21200	11302682	11306770	4088
24868	AT4G23650	12324758	12327651	2893
24869	AT4G12570	7445278	7449205	3927
24870	AT4G28700	14161594	14163342	1748
24871	AT4G30950	15056975	15059846	2871
24872	AT4G34120	16340907	16343118	2211
24873	AT4G39260	18273829	18275216	1387
24874	AT4G11980	7183650	7185581	1931
24875	AT4G21530	11450552	11456007	5455
24876	AT4G29290	14432640	14433084	444
24877	AT4G01510	642714	644400	1686
24878	AT4G21410	11401711	11405235	3524
24879	AT4G30935	15051764	15054107	2343
24880	AT4G31400	15237191	15239323	2132
24881	AT4G21940	11640735	11643762	3027
24882	AT4G21120	11269985	11274007	4022
24883	AT4G23210	12148673	12151638	2965
24884	AT4G00860	359223	360505	1282
24885	AT4G20960	11211244	11213696	2452
24886	AT4G09010	5777397	5779572	2175
24887	AT4G11470	6967709	6970469	2760
24888	AT4G32714	15784588	15785340	752
24889	AT4G36740	17314453	17316441	1988
24890	AT4G28910	14264034	14266786	2752
24891	AT4G15780	8979819	8981829	2010
24892	AT4G33270	16044169	16046937	2768
24893	AT4G34610	16530346	16533362	3016
24894	AT4G02130	944324	947249	2925
24895	AT4G30520	14907942	14911446	3504
24896	AT4G33000	15924349	15926665	2316
24897	AT4G09320	5923484	5924366	882
24898	AT4G36220	17137313	17139777	2464
24899	AT4G25530	13038360	13042464	4104
24900	AT4G18880	10347479	10349902	2423
24901	AT4G23890	12420414	12421464	1050
24902	AT4G28320	14018183	14020323	2140
24903	AT4G16740	9407611	9411140	3529
24904	AT4G23060	12086898	12090714	3816
24905	AT4G35050	16682580	16684928	2348
24906	AT4G39740	18435293	18437258	1965
24907	AT4G33990	16289623	16292916	3293
24908	AT4G25140	12900430	12901577	1147
24909	AT4G11850	7129123	7133385	4262
24910	AT4G31540	15284385	15287464	3079
24911	AT4G27550	13755649	13759740	4091
24912	AT4G25820	13130291	13131860	1569
24913	ATMG00850	235338	235661	323
24914	AT4G18195	10069458	10071115	1657
24915	AT4G37050	17457135	17459770	2635
24916	AT4G13830	8010967	8012880	1913
24917	AT4G21230	11319139	11321679	2540
24918	AT4G36810	17343374	17345171	1797
24919	AT4G02560	1123475	1128490	5015
24920	AT4G03330	1466284	1467750	1466
24921	AT4G11650	7024852	7026224	1372
24922	AT4G32200	15548840	15555105	6265
24923	AT4G25434	13003568	13005935	2367
24924	AT4G00800	336804	345785	8981
24925	AT4G13080	7626548	7628395	1847
24926	AT4G02770	1229031	1230164	1133
24927	AT4G28090	13961888	13964229	2341
24928	AT4G01680	715970	717603	1633
24929	AT4G36720	17307709	17309867	2158
24930	AT4G36670	17287496	17289728	2232
24931	AT4G04695	2381348	2384121	2773
24932	AT4G32890	15875342	15876827	1485
24933	AT4G02235	980955	981711	756
24934	AT4G00310	133643	135502	1859
24935	AT4G33495	16110712	16112604	1892
24936	AT4G27920	13901142	13902000	858
24937	AT4G08840	5631298	5633779	2481
24938	AT4G09984	6254210	6255550	1340
24939	AT4G38740	18083395	18084630	1235
24940	AT4G00650	268901	271503	2602
24941	AT4G18170	10061214	10062893	1679
24942	AT4G19660	10696266	10698811	2545
24943	AT4G33050	15944199	15947072	2873
24944	AT4G24560	12679200	12684976	5776
24945	AT4G05530	2816317	2818518	2201
24946	AT4G09080	5803788	5806422	2634
24947	AT4G11060	6754515	6756595	2080
24948	AT4G25430	12998361	13000304	1943
24949	AT4G25490	13021780	13022996	1216
24950	AT4G37740	17725337	17727909	2572
24951	AT4G31770	15370061	15372942	2881
24952	AT4G25850	13142164	13146966	4802
24953	AT4G32010	15479379	15485354	5975
24954	AT4G39990	18542551	18543978	1427
24955	AT4G10590	6538406	6544915	6509
24956	AT4G00570	242461	246804	4343
24957	AT4G14890	8520819	8521506	687
24958	AT4G36800	17340932	17343035	2103
24959	AT4G09460	5992908	5994258	1350
24960	AT4G35783	16952406	16952947	541
24961	AT4G22756	11954840	11956918	2078
24962	AT4G12720	7487225	7490127	2902
24963	AT4G14570	8362117	8366760	4643
24964	AT4G25230	12923682	12929274	5592
24965	AT4G17040	9585283	9589376	4093
24966	AT4G35280	16787280	16788283	1003
24967	AT4G24690	12741032	12744670	3638
24968	AT4G16340	9228185	9241629	13444
24969	AT4G09153	5835020	5835413	393
24970	AT4G28110	13968029	13969525	1496
24971	AT4G30710	14965143	14969763	4620
24972	AT4G22920	12016420	12018643	2223
24973	AT4G17615	9816278	9819368	3090
24974	AT4G15920	9030486	9033648	3162
24975	AT4G19035	10427616	10429000	1384
24976	AT4G12420	7349187	7353135	3948
24977	AT4G12970	7585869	7587099	1230
24978	AT4G22880	12004726	12006209	1483
24979	AT4G17710	9856255	9859288	3033
24980	AT4G15200	8662824	8666050	3226
24981	AT4G38600	18040623	18049700	9077
24982	AT4G25470	13015250	13016235	985
24983	AT4G38880	18134116	18135714	1598
24984	AT4G04810	2441241	2442785	1544
24985	AT4G32400	15638353	15640517	2164
24986	AT4G16950	9538233	9544755	6522
24987	AT4G23800	12390167	12392710	2543
24988	AT4G37460	17608378	17615946	7568
24989	AT4G29230	14409772	14415481	5709
24990	AT4G23290	12177734	12180936	3202
24991	AT4G09570	6049441	6052380	2939
24992	AT4G24640	12717788	12719287	1499
24993	AT4G14180	8178330	8184225	5895
24994	AT4G04830	2445775	2447086	1311
24995	AT4G29220	14403347	14406592	3245
24996	AT4G38360	17967050	17969958	2908
24997	AT4G24180	12549700	12551378	1678
24998	AT4G18510	10211577	10212452	875
24999	AT4G31970	15462350	15464563	2213
25000	AT4G30340	14838172	14841147	2975
25001	AT4G24650	12720394	12721443	1049
25002	AT4G22200	11746490	11750698	4208
25003	AT4G20380	11004503	11006968	2465
25004	AT4G34340	16426483	16428013	1530
25005	AT4G27910	13893915	13900630	6715
25006	AT4G10250	6370338	6371372	1034
25007	AT4G03550	1573266	1579820	6554
25008	AT4G03270	1431844	1433861	2017
25009	AT4G21750	11555039	11560771	5732
25010	AT4G29210	14400920	14403519	2599
25011	AT4G08920	5723651	5727268	3617
25012	AT4G35230	16755092	16758358	3266
25013	AT4G31160	15145628	15153112	7484
25014	AT4G38770	18096606	18098633	2027
25015	AT4G10240	6368829	6369950	1121
25016	AT4G33630	16155292	16159578	4286
25017	AT4G17340	9698940	9700472	1532
25018	AT4G14410	8299397	8301667	2270
25019	AT4G01940	841989	843531	1542
25020	AT4G21960	11646109	11648644	2535
25021	AT4G34390	16441086	16445017	3931
25022	AT4G12350	7324756	7326867	2111
25023	AT4G38160	17902266	17904330	2064
25024	AT4G23496	12257513	12258670	1157
25025	AT4G35590	16892909	16895105	2196
25026	AT4G12400	7338018	7341363	3345
25027	AT4G23410	12223953	12225508	1555
25028	AT4G39090	18215542	18217616	2074
25029	AT4G16620	9357844	9360239	2395
25030	AT4G18350	10142255	10144646	2391
25031	AT4G23560	12293117	12295859	2742
25032	AT4G37150	17492871	17494279	1408
25033	AT4G38620	18053360	18055040	1680
25034	AT4G17750	9869818	9871646	1828
25035	AT4G23160	12129485	12134209	4724
25036	AT4G38440	17989067	17994727	5660
25037	AT4G13480	7836644	7837763	1119
25038	AT4G39710	18426492	18428578	2086
25039	AT4G29830	14597559	14599300	1741
25040	AT4G15230	8679754	8687519	7765
25041	AT4G31840	15401640	15402629	989
25042	AT4G35970	17028586	17030558	1972
25043	AT4G19038	10429871	10431042	1171
25044	AT4G19003	10406694	10409057	2363
25045	AT4G04740	2402897	2408737	5840
25046	AT4G21510	11445849	11447429	1580
25047	AT4G13700	7957072	7958919	1847
25048	AT4G39080	18209399	18215204	5805
25049	AT4G36410	17201922	17202988	1066
25050	AT4G15480	8848801	8850516	1715
25051	AT4G20090	10867741	10870651	2910
25052	AT4G26700	13463097	13467604	4507
25053	AT4G27940	13904265	13907405	3140
25054	AT4G35000	16664724	16667721	2997
25055	AT4G16700	9395621	9398439	2818
25056	AT4G25360	12969559	12972666	3107
25057	AT4G31940	15451988	15454224	2236
25058	AT4G09545	6037565	6037937	372
25059	AT4G10670	6584727	6586262	1535
25060	AT4G15110	8629647	8633118	3471
25061	AT4G13390	7783791	7785366	1575
25062	AT4G29060	14317226	14321575	4349
25063	AT4G13095	7634930	7635673	743
25064	AT4G18800	10319862	10321573	1711
25065	AT4G40010	18548444	18551183	2739
25066	AT4G15490	8852656	8854706	2050
25067	AT4G22150	11731149	11732674	1525
25068	AT4G33925	16263036	16264226	1190
25069	AT4G01660	708357	711256	2899
25070	AT4G33680	16171681	16174723	3042
25071	AT4G15236	8696677	8702727	6050
25072	AT4G20020	10844131	10846163	2032
25073	AT4G24210	12563279	12564482	1203
25074	AT4G03400	1497536	1501599	4063
25075	AT4G08930	5729169	5730850	1681
25076	AT4G01710	735653	736965	1312
25077	AT4G38470	17998896	18003757	4861
25078	AT4G09140	5816942	5821066	4124
25079	AT4G14605	8378428	8380714	2286
25080	AT4G12080	7239200	7241675	2475
25081	AT4G25200	12916926	12918110	1184
25082	AT4G01160	494958	497006	2048
25083	AT4G29285	14431526	14432290	764
25084	AT4G22330	11797548	11799946	2398
25085	AT4G28730	14199043	14200903	1860
25086	AT4G39500	18366900	18368531	1631
25087	AT4G39210	18259547	18263468	3921
25088	AT4G35550	16875521	16877451	1930
25089	AT4G28620	14135526	14137953	2427
25090	AT4G02700	1188983	1193611	4628
25091	AT4G39480	18362258	18364359	2101
25092	AT4G03210	1415617	1417444	1827
25093	AT4G04620	2328442	2330590	2148
25094	AT4G10610	6556982	6559602	2620
25095	AT4G19690	10707344	10709015	1671
25096	AT4G01770	764473	766876	2403
25097	AT4G09960	6236375	6241281	4906
25098	AT4G14365	8271270	8273903	2633
25099	AT4G35700	16923319	16924334	1015
25100	AT4G37270	17541771	17546546	4775
25101	AT4G39330	18291218	18293018	1800
25102	AT4G34850	16608204	16609829	1625
25103	AT4G13570	7884516	7885982	1466
25104	AT4G29460	14482815	14483936	1121
25105	AT4G25860	13147289	13149606	2317
25106	AT4G05210	2682613	2685896	3283
25107	AT4G00730	299261	304612	5351
25108	AT4G16480	9290403	9293379	2976
25109	AT4G05410	2742932	2745635	2703
25110	AT4G37925	17830533	17831619	1086
25111	AT4G19490	10615696	10623524	7828
25112	AT4G13460	7823894	7827004	3110
25113	AT4G32730	15790133	15796114	5981
25114	AT4G13890	8031972	8033731	1759
25115	AT4G38220	17925180	17927188	2008
25116	AT4G23810	12392370	12393982	1612
25117	AT4G38830	18122175	18124943	2768
25118	AT4G24540	12670897	12674106	3209
25119	AT4G00240	106250	111005	4755
25120	AT4G31560	15295138	15296310	1172
25121	AT4G27520	13750156	13752103	1947
25122	AT4G02710	1193516	1197630	4114
25123	AT4G28500	14082660	14084553	1893
25124	AT4G13235	7677643	7678529	886
25125	AT4G00100	36916	38384	1468
25126	AT4G00355	154635	156376	1741
25127	AT4G30070	14697489	14698430	941
25128	AT4G38990	18168676	18170949	2273
25129	AT4G38680	18071449	18073182	1733
25130	AT4G11510	6983911	6984369	458
25131	AT4G13280	7733114	7736745	3631
25132	AT4G36620	17268689	17269999	1310
25133	AT4G25960	13177356	13183692	6336
25134	AT4G36880	17374454	17376279	1825
25135	AT4G38400	17978422	17979740	1318
25136	AT4G39730	18432659	18433753	1094
25137	AT4G02640	1153945	1156356	2411
25138	AT4G32690	15765112	15767106	1994
25139	AT4G24972	12837353	12840230	2877
25140	AT4G37070	17464594	17467186	2592
25141	AT4G04780	2432252	2433635	1383
25142	AT4G24520	12662561	12667262	4701
25143	AT4G27080	13588948	13593662	4714
25144	AT4G14785	8495120	8495968	848
25145	AT4G00220	89908	92255	2347
25146	AT4G04890	2476390	2482447	6057
25147	AT4G26760	13478592	13481870	3278
25148	AT4G35930	17018929	17021112	2183
25149	AT4G21710	11535404	11542405	7001
25150	AT4G23430	12228903	12231718	2815
25151	AT4G26970	13542918	13548629	5711
25152	AT4G26150	13253084	13255106	2022
25153	AT4G32810	15828228	15831492	3264
25154	AT4G13380	7781782	7782553	771
25155	AT4G14723	8439899	8440901	1002
25156	AT4G13670	7948579	7951022	2443
25157	AT4G22105	11710054	11710651	597
25158	AT4G23130	12117491	12120220	2729
25159	AT4G29730	14558927	14562601	3674
25160	AT4G29658	14532937	14534073	1136
25161	AT4G37540	17639393	17640925	1532
25162	AT4G26520	13388290	13390862	2572
25163	AT4G11360	6905848	6906856	1008
25164	AT4G10180	6346411	6349314	2903
25165	AT4G13300	7742871	7746394	3523
25166	AT4G35490	16855825	16856936	1111
25167	AT4G38180	17906514	17909743	3229
25168	AT4G40090	18580827	18581696	869
25169	AT4G32980	15914670	15918153	3483
25170	AT4G33300	16050456	16056526	6070
25171	AT4G12390	7336330	7338180	1850
25172	AT4G30810	15003146	15006216	3070
25173	AT4G13250	7684156	7687006	2850
25174	AT4G31380	15230008	15230382	374
25175	AT4G10595	6545340	6546616	1276
25176	AT4G29305	14436147	14436717	570
25177	AT4G01720	744804	748554	3750
25178	AT4G27490	13739748	13741898	2150
25179	AT4G23850	12403454	12408421	4967
25180	AT4G28880	14251135	14254946	3811
25181	AT4G23550	12291632	12293367	1735
25182	AT4G14640	8397693	8400226	2533
25183	AT4G01950	844342	846814	2472
25184	AT4G16520	9306339	9308538	2199
25185	AT4G31710	15349121	15352962	3841
25186	AT4G21326	11345872	11349759	3887
25187	AT4G37790	17768042	17769676	1634
25188	AT4G04510	2242072	2244930	2858
25189	AT4G14440	8306590	8307934	1344
25190	AT4G39640	18399923	18403067	3144
25191	AT4G25560	13052503	13053742	1239
25192	AT4G27030	13571813	13573070	1257
25193	AT4G39370	18306135	18308969	2834
25194	AT4G30067	14696074	14696597	523
25195	AT4G01370	566917	570299	3382
25196	AT4G39917	18515213	18515602	389
25197	AT4G24400	12616979	12620714	3735
25198	AT4G21980	11655562	11657034	1472
25199	AT4G38580	18034131	18035922	1791
25200	AT4G21830	11584346	11585542	1196
25201	AT4G23180	12137995	12140930	2935
25202	AT4G33410	16080760	16083398	2638
25203	AT4G17230	9660593	9663809	3216
25204	AT4G03320	1464467	1466174	1707
25205	AT4G28860	14246260	14249872	3612
25206	AT4G13430	7803863	7807984	4121
25207	AT4G37980	17852441	17854608	2167
25208	AT4G22010	11663186	11666716	3530
25209	AT4G11740	7071672	7075537	3865
25210	AT4G01900	821546	823569	2023
25211	AT4G37260	17540490	17541799	1309
25212	AT4G34520	16494205	16495842	1637
25213	AT4G35650	16908497	16910208	1711
25214	AT4G04870	2461674	2464150	2476
25215	AT4G04930	2509053	2511145	2092
25216	AT4G39910	18511521	18514382	2861
25217	ATMG00270	76642	77259	617
25218	AT4G19350	10561950	10563757	1807
25219	AT4G29300	14433991	14434524	533
25220	AT4G36890	17379173	17382028	2855
25221	AT4G36730	17309612	17312488	2876
25222	AT4G21050	11238441	11239073	632
25223	AT4G11250	6849578	6850567	989
25224	AT4G32940	15900270	15903523	3253
25225	AT4G30300	14831005	14831550	545
25226	AT4G15340	8754440	8760600	6160
25227	AT4G36040	17049152	17050608	1456
25228	AT4G23100	12102135	12107695	5560
25229	AT4G29820	14595680	14597516	1836
25230	AT4G02680	1180923	1185012	4089
25231	AT4G05520	2804403	2808015	3612
25232	AT4G16690	9391964	9393650	1686
25233	AT4G00450	200874	211309	10435
25234	AT4G39660	18406627	18409564	2937
25235	AT4G26050	13210230	13213477	3247
25236	AT4G27780	13847549	13849934	2385
25237	AT4G24670	12727531	12731331	3800
25238	AT4G12110	7254029	7256406	2377
25239	AT4G22130	11723388	11727693	4305
25240	AT4G11920	7160243	7163427	3184
25241	AT4G38270	17938372	17941717	3345
25242	AT4G11530	6986838	6989793	2955
25243	AT4G29190	14391849	14393381	1532
25244	AT4G31700	15345979	15347804	1825
25245	AT4G23230	12157827	12160279	2452
25246	AT4G35350	16810482	16812077	1595
25247	AT4G19560	10661387	10664716	3329
25248	AT4G34240	16389428	16392842	3414
25249	AT4G32260	15573553	15574737	1184
25250	AT4G32570	15716232	15718867	2635
25251	AT4G14560	8360996	8362033	1037
25252	AT4G38190	17909832	17913790	3958
25253	AT4G22930	12018829	12021782	2953
25254	AT4G28710	14171998	14182168	10170
25255	AT4G13020	7602989	7607155	4166
25256	AT4G23140	12121369	12124564	3195
25257	AT4G21610	11488976	11490423	1447
25258	AT4G34138	16347997	16350203	2206
25259	AT4G08470	5383688	5387260	3572
25260	AT4G21670	11510989	11517396	6407
25261	AT4G00970	418327	421885	3558
25262	AT4G14400	8294165	8299195	5030
25263	AT4G25080	12876822	12878703	1881
25264	AT4G34131	16343057	16344818	1761
25265	AT4G21800	11572789	11575145	2356
25266	AT4G35060	16685612	16686818	1206
25267	AT4G22590	11893499	11896480	2981
25268	AT4G22710	11934969	11936823	1854
25269	AT4G02075	913334	916509	3175
25270	AT4G27440	13725546	13727440	1894
25271	AT4G08950	5740219	5741591	1372
25272	AT4G18130	10042137	10046346	4209
25273	AT4G03960	1887462	1889255	1793
25274	AT4G02440	1072376	1073779	1403
25275	AT4G35260	16774142	16776371	2229
25276	AT4G14770	8480634	8484976	4342
25277	AT4G35250	16771073	16773456	2383
25278	AT4G15210	8666334	8669526	3192
25279	AT4G23450	12240803	12242736	1933
25280	AT4G27150	13609341	13610075	734
25281	AT4G23690	12338829	12339967	1138
25282	AT4G38960	18160903	18163341	2438
25283	AT4G12120	7256522	7261180	4658
25284	AT4G25010	12854385	12856541	2156
25285	AT4G10350	6415120	6416961	1841
25286	AT4G34470	16480008	16480616	608
25287	AT4G36240	17147140	17148496	1356
25288	AT4G00370	162897	166357	3460
25289	AT4G20050	10849760	10854065	4305
25290	AT4G34490	16484470	16487574	3104
25291	AT4G23170	12134973	12136796	1823
25292	AT4G08300	5244865	5248394	3529
25293	AT4G02070	905865	913290	7425
25294	AT4G37800	17775370	17777445	2075
25295	AT4G16566	9333620	9336072	2452
25296	AT5G16970	5575973	5578086	2113
25297	AT5G53660	21794177	21796092	1915
25298	AT5G41480	16595863	16598682	2819
25299	AT5G12235	3957521	3958129	608
25300	AT5G46240	18743510	18747406	3896
25301	AT5G35715	13881222	13882937	1715
25302	AT5G52470	21294147	21296819	2672
25303	AT5G56110	22719191	22720664	1473
25304	AT5G50770	20646680	20648725	2045
25305	AT5G20470	6916181	6920120	3939
25306	AT5G04950	1457641	1459039	1398
25307	AT5G39680	15884001	15886449	2448
25308	AT5G23000	7696135	7698022	1887
25309	AT5G14620	4715105	4718704	3599
25310	AT5G52260	21220031	21221288	1257
25311	ATMG01290	324259	324594	335
25312	AT5G36970	14604199	14605310	1111
25313	AT5G47100	19129640	19132304	2664
25314	AT5G13280	4249312	4253264	3952
25315	AT5G07300	2299725	2303268	3543
25316	AT5G27680	9793745	9799149	5404
25317	AT5G48910	19832785	19835148	2363
25318	AT5G61960	24878507	24884852	6345
25319	AT5G52510	21307016	21309341	2325
25320	AT5G47630	19306139	19307094	955
25321	AT5G26820	9433569	9437158	3589
25322	AT5G11200	3567174	3571039	3865
25323	AT5G38770	15526065	15526575	510
25324	AT5G42580	17023502	17025361	1859
25325	AT5G14380	4635644	4636676	1032
25326	AT5G44790	18075562	18080160	4598
25327	AT5G02620	589199	591752	2553
25328	AT5G67570	26952341	26955543	3202
25329	AT5G51210	20820068	20820944	876
25330	AT5G67360	26871891	26874850	2959
25331	AT5G05410	1602205	1604112	1907
25332	AT5G06300	1921548	1925407	3859
25333	AT5G24950	8595209	8597761	2552
25334	AT5G03860	1032099	1034973	2874
25335	AT5G54610	22184545	22186633	2088
25336	AT5G12990	4109234	4109784	550
25337	AT5G24960	8599735	8603321	3586
25338	AT5G62090	24934962	24939239	4277
25339	AT5G11630	3740460	3741827	1367
25340	AT5G28640	10647467	10650066	2599
25341	AT5G01410	171889	173663	1774
25342	AT5G59910	24126877	24128162	1285
25343	AT5G15730	5130449	5133267	2818
25344	AT5G67190	26808876	26810116	1240
25345	AT5G61930	24865086	24868812	3726
25346	AT5G56970	23044839	23048292	3453
25347	AT5G66610	26584734	26587976	3242
25348	AT5G15170	4925850	4929502	3652
25349	AT5G09320	2890102	2892094	1992
25350	AT5G65350	26119211	26119825	614
25351	AT5G23960	8092901	8095341	2440
25352	AT5G66510	26549698	26551636	1938
25353	AT5G23030	7726702	7728369	1667
25354	AT5G63660	25485486	25486324	838
25355	AT5G41210	16492275	16494059	1784
25356	AT5G20250	6833564	6836862	3298
25357	AT5G35900	14028682	14029426	744
25358	AT5G43270	17360287	17363880	3593
25359	AT5G40360	16144792	16146671	1879
25360	AT5G05680	1698270	1702659	4389
25361	AT5G15860	5178157	5181761	3604
25362	AT5G04590	1319074	1323364	4290
25363	AT5G52860	21419590	21421715	2125
25364	AT5G02810	637681	642030	4349
25365	AT5G50390	20520600	20523212	2612
25366	AT5G13580	4370692	4373201	2509
25367	AT5G08070	2584358	2586035	1677
25368	AT5G60220	24248920	24250117	1197
25369	AT5G47230	19179881	19181182	1301
25370	AT5G19080	6378149	6380605	2456
25371	AT5G05340	1578869	1580875	2006
25372	AT5G25380	8814517	8817887	3370
25373	AT5G03570	903470	906833	3363
25374	AT5G61900	24855661	24859341	3680
25375	AT5G16790	5522417	5524011	1594
25376	AT5G19650	6639455	6640408	953
25377	AT5G55020	22324599	22326418	1819
25378	AT5G64240	25695620	25697416	1796
25379	AT5G05810	1746548	1748327	1779
25380	AT5G05950	1788738	1789992	1254
25381	AT5G65770	26311311	26316025	4714
25382	AT5G18270	6040919	6043014	2095
25383	AT5G66630	26592648	26595922	3274
25384	AT5G19280	6488309	6493439	5130
25385	AT5G13850	4471277	4472946	1669
25386	AT5G25150	8677049	8682344	5295
25387	AT5G56950	23032449	23035693	3244
25388	AT5G49160	19932114	19938470	6356
25389	AT5G57140	23149880	23151677	1797
25390	AT5G24150	8172300	8175525	3225
25391	AT5G54680	22216934	22219274	2340
25392	AT5G47870	19384368	19385869	1501
25393	AT5G16310	5342391	5344285	1894
25394	AT5G08730	2845694	2847415	1721
25395	AT5G23090	7749030	7750612	1582
25396	AT5G18830	6275895	6280681	4786
25397	AT5G56170	22735899	22737339	1440
25398	AT5G67530	26941074	26944146	3072
25399	AT5G23190	7803141	7805968	2827
25400	AT5G50720	20633193	20634618	1425
25401	AT5G59180	23883356	23885305	1949
25402	AT5G07990	2560328	2563137	2809
25403	AT5G16715	5485203	5493548	8345
25404	AT5G21930	7243002	7249170	6168
25405	AT5G14640	4718994	4722371	3377
25406	AT5G52170	21196602	21202664	6062
25407	AT5G13860	4472986	4474530	1544
25408	AT5G25480	8869865	8872262	2397
25409	AT5G67310	26855216	26857086	1870
25410	AT5G62520	25097944	25099907	1963
25411	AT5G59040	23836625	23837350	725
25412	AT5G22980	7688027	7690652	2625
25413	AT5G49520	20090648	20093346	2698
25414	AT5G52630	21350375	21352333	1958
25415	AT5G37180	14718141	14723139	4998
25416	AT5G54690	22219224	22221968	2744
25417	AT5G01810	309374	312097	2723
25418	AT5G56650	22930775	22932822	2047
25419	AT5G61770	24815541	24817728	2187
25420	AT5G11690	3761188	3762346	1158
25421	AT5G56870	23003909	23009672	5763
25422	AT5G39720	15899618	15900667	1049
25423	AT5G15410	5003226	5006882	3656
25424	AT5G07370	2330338	2332338	2000
25425	AT5G23790	8019953	8021650	1697
25426	AT5G01450	183328	186461	3133
25427	AT5G59800	24094359	24096532	2173
25428	AT5G58230	23556012	23558245	2233
25429	AT5G07000	2171367	2173015	1648
25430	AT5G14570	4695084	4697078	1994
25431	AT5G61740	24808406	24812739	4333
25432	AT5G03300	796361	799810	3449
25433	AT5G13180	4196256	4197940	1684
25434	AT5G62810	25220147	25223789	3642
25435	AT5G14740	4757856	4762666	4810
25436	AT5G66760	26653607	26657696	4089
25437	AT5G54225	22013832	22014363	531
25438	AT5G61760	24813660	24815458	1798
25439	AT5G27600	9742492	9747024	4532
25440	AT5G59310	23924990	23925957	967
25441	AT5G56270	22779614	22783426	3812
25442	AT5G57800	23420184	23424117	3933
25443	AT5G20300	6853299	6856981	3682
25444	AT5G13670	4407077	4409020	1943
25445	AT5G01240	97536	101835	4299
25446	AT5G53370	21649532	21651713	2181
25447	AT5G51070	20764096	20768764	4668
25448	AT5G02040	400899	402990	2091
25449	AT5G39440	15781907	15784699	2792
25450	AT5G07700	2450027	2451807	1780
25451	AT5G42040	16813565	16814749	1184
25452	AT5G38420	15380907	15382071	1164
25453	AT5G23010	7703041	7706973	3932
25454	AT5G43320	17385760	17389600	3840
25455	AT5G62040	24922802	24923797	995
25456	AT5G07270	2280560	2283667	3107
25457	AT5G40730	16301072	16301748	676
25458	AT5G33340	12594427	12596003	1576
25459	AT5G11320	3611247	3613640	2393
25460	AT5G67240	26824236	26828318	4082
25461	AT5G40230	16079648	16081893	2245
25462	AT5G26751	9399377	9402476	3099
25463	AT5G59120	23864672	23868083	3411
25464	AT5G25810	8986542	8987898	1356
25465	AT5G22000	7277182	7280344	3162
25466	AT5G67270	26840011	26842104	2093
25467	AT5G60450	24308255	24312784	4529
25468	AT5G39610	15858398	15859911	1513
25469	AT5G13320	4267456	4271064	3608
25470	AT5G59870	24115354	24116220	866
25471	AT5G58003	23479781	23482136	2355
25472	AT5G11050	3502092	3503834	1742
25473	AT5G61700	24793779	24798745	4966
25474	AT5G35338	13549136	13550124	988
25475	AT5G60440	24305381	24307716	2335
25476	AT5G17450	5755222	5757003	1781
25477	AT5G58940	23797446	23800954	3508
25478	AT5G43513	17477943	17478393	450
25479	AT5G59430	23967217	23970996	3779
25480	AT5G49460	20054501	20058555	4054
25481	AT5G09900	3089278	3093020	3742
25482	AT5G64920	25943888	25945442	1554
25483	AT5G53280	21607410	21609428	2018
25484	AT5G10430	3277488	3278461	973
25485	AT5G41000	16420755	16423830	3075
25486	AT5G58600	23683784	23685831	2047
25487	AT5G36910	14561743	14562863	1120
25488	AT5G26210	9158318	9160493	2175
25489	AT5G64140	25667324	25668777	1453
25490	AT5G24540	8384681	8388028	3347
25491	AT5G48485	19646028	19646840	812
25492	AT5G67320	26857154	26861119	3965
25493	AT5G47840	19375317	19378465	3148
25494	AT5G04850	1407940	1409935	1995
25495	AT5G04340	1216058	1217362	1304
25496	AT5G47320	19203052	19205285	2233
25497	AT5G14070	4541780	4542585	805
25498	AT5G44870	18114461	18119006	4545
25499	AT5G42920	17205971	17209650	3679
25500	AT5G59010	23820034	23823317	3283
25501	AT5G55390	22447937	22454805	6868
25502	AT5G01400	162522	171302	8780
25503	AT5G38530	15423980	15426576	2596
25504	AT5G10450	3283853	3286537	2684
25505	AT5G52400	21272824	21275755	2931
25506	AT5G39650	15875125	15876116	991
25507	AT5G16830	5532846	5535295	2449
25508	AT5G05470	1620458	1622340	1882
25509	AT5G39260	15726243	15727458	1215
25510	AT5G09805	3047011	3047753	742
25511	AT5G21160	7198633	7204097	5464
25512	AT5G14250	4597868	4600835	2967
25513	AT5G12430	4027974	4034682	6708
25514	AT5G66320	26495875	26498014	2139
25515	AT5G35600	13770121	13771712	1591
25516	AT5G19770	6682420	6684744	2324
25517	AT5G56620	22917934	22921499	3565
25518	AT5G24520	8370317	8372847	2530
25519	AT5G59880	24120164	24121949	1785
25520	AT5G15020	4859127	4866034	6907
25521	AT5G41910	16777691	16779295	1604
25522	AT5G16570	5421589	5424749	3160
25523	AT5G06905	2138286	2140078	1792
25524	AT5G61210	24623248	24625631	2383
25525	AT5G11260	3593335	3595073	1738
25526	AT5G43285	17370473	17370857	384
25527	AT5G67110	26785106	26786431	1325
25528	AT5G11950	3854388	3857243	2855
25529	AT5G26030	9096451	9099185	2734
25530	AT5G53190	21572143	21574329	2186
25531	AT5G48400	19616066	19619508	3442
25532	AT5G56550	22895616	22896734	1118
25533	AT5G15540	5047515	5057666	10151
25534	AT5G02190	435168	437018	1850
25535	AT5G40240	16081988	16085213	3225
25536	AT5G44670	18018905	18021508	2603
25537	AT5G09950	3102195	3105950	3755
25538	AT5G26930	9479424	9480200	776
25539	AT5G10030	3137289	3144269	6980
25540	AT5G14800	4785960	4787996	2036
25541	AT5G38120	15213593	15216205	2612
25542	AT5G01360	147416	149495	2079
25543	AT5G36940	14590115	14594384	4269
25544	AT5G19530	6588771	6591363	2592
25545	AT5G03210	762604	763480	876
25546	AT5G23040	7729171	7731200	2029
25547	AT5G16023	5232532	5233036	504
25548	AT5G62530	25099003	25103312	4309
25549	AT5G59380	23952132	23953707	1575
25550	AT5G57620	23334767	23336632	1865
25551	AT5G14270	4604608	4608921	4313
25552	AT5G13870	4474922	4477090	2168
25553	AT5G43300	17376619	17379282	2663
25554	AT5G57350	23230874	23236682	5808
25555	AT5G43970	17692786	17693481	695
25556	AT5G64370	25739131	25741222	2091
25557	AT5G08410	2709787	2710598	811
25558	AT5G49240	19962934	19964351	1417
25559	AT5G58550	23665295	23668886	3591
25560	AT5G14960	4843855	4846664	2809
25561	AT5G21010	7135961	7138711	2750
25562	AT5G45970	18643540	18645976	2436
25563	AT5G62640	25149329	25152563	3234
25564	AT5G45870	18606398	18607111	713
25565	AT5G03260	777021	779424	2403
25566	AT5G01370	152446	154467	2021
25567	AT5G26920	9475679	9478777	3098
25568	AT5G27620	9771287	9774920	3633
25569	AT5G13110	4158639	4161845	3206
25570	AT5G08020	2571957	2575061	3104
25571	AT5G64570	25809975	25813648	3673
25572	AT5G65780	26311311	26318857	7546
25573	AT5G21274	7214474	7216052	1578
25574	AT5G47450	19248249	19249622	1373
25575	AT5G59200	23888793	23890431	1638
25576	AT5G42797	17163196	17163574	378
25577	AT5G14060	4535367	4539323	3956
25578	AT5G57180	23167774	23171025	3251
25579	AT5G05270	1563286	1565324	2038
25580	AT5G27540	9722416	9727454	5038
25581	AT5G57980	23468959	23469856	897
25582	AT5G55910	22639813	22642414	2601
25583	AT5G63920	25574419	25581433	7014
25584	AT5G59580	24005949	24007907	1958
25585	AT5G06200	1877134	1878324	1190
25586	AT5G53550	21755251	21758950	3699
25587	AT5G53210	21586219	21589255	3036
25588	AT5G41080	16441655	16444023	2368
25589	AT5G39420	15771931	15775251	3320
25590	AT5G58580	23676455	23678002	1547
25591	AT5G38450	15393720	15397295	3575
25592	AT5G19380	6526807	6530713	3906
25593	AT5G62270	25011957	25014812	2855
25594	AT5G17860	5902394	5904532	2138
25595	AT5G62230	24996129	25002439	6310
25596	AT5G20620	6973053	6975009	1956
25597	AT5G14010	4522149	4522935	786
25598	AT5G21170	7205477	7208613	3136
25599	AT5G28490	10454388	10455681	1293
25600	AT5G10790	3410085	3413036	2951
25601	AT5G07070	2196428	2198539	2111
25602	AT5G40280	16101343	16104962	3619
25603	AT5G58290	23569052	23571854	2802
25604	AT5G62320	25028716	25029933	1217
25605	AT5G01340	143055	144863	1808
25606	AT5G45110	18228768	18231588	2820
25607	AT5G55080	22351576	22353058	1482
25608	AT5G53120	21534473	21537816	3343
25609	AT5G05610	1676889	1679107	2218
25610	AT5G08530	2759317	2762019	2702
25611	AT5G50870	20699408	20701226	1818
25612	AT5G52910	21457534	21463327	5793
25613	AT5G65683	26261136	26264170	3034
25614	AT5G50380	20516055	20518815	2760
25615	AT5G24530	8378759	8383401	4642
25616	AT5G48300	19570238	19572804	2566
25617	AT5G65165	26034422	26036057	1635
25618	AT5G67060	26765992	26767257	1265
25619	AT5G06240	1888250	1889914	1664
25620	AT5G17320	5703139	5707637	4498
25621	AT5G65730	26298728	26300529	1801
25622	AT5G39050	15634444	15636480	2036
25623	AT5G48070	19481897	19483527	1630
25624	AT5G61020	24556994	24559936	2942
25625	AT5G58780	23735620	23737335	1715
25626	AT5G03540	889385	894205	4820
25627	AT5G57810	23424268	23425647	1379
25628	AT5G34850	13107626	13111656	4030
25629	AT5G08040	2577006	2578310	1304
25630	AT5G64390	25743344	25748575	5231
25631	AT5G64280	25710999	25713574	2575
25632	AT5G63780	25523827	25526593	2766
25633	AT5G02320	482793	486473	3680
25634	AT5G67300	26854022	26856006	1984
25635	AT5G66400	26518277	26519447	1170
25636	AT5G51430	20886745	20891007	4262
25637	AT5G11030	3490788	3495173	4385
25638	AT5G02100	413281	416279	2998
25639	AT5G44560	17945923	17948400	2477
25640	AT5G05630	1682301	1684504	2203
25641	AT5G48090	19484015	19488657	4642
25642	AT5G58010	23483366	23485014	1648
25643	AT5G39690	15888171	15890187	2016
25644	AT5G35330	13523403	13525834	2431
25645	AT5G49070	19888751	19890174	1423
25646	AT5G61460	24714076	24721970	7894
25647	AT5G24560	8402205	8403486	1281
25648	AT5G56030	22686473	22689671	3198
25649	AT5G43840	17625353	17626487	1134
25650	AT5G10180	3193017	3197136	4119
25651	AT5G43600	17512440	17515513	3073
25652	AT5G06460	1969960	1974527	4567
25653	AT5G26950	9483251	9484142	891
25654	AT5G07540	2385900	2387249	1349
25655	AT5G42080	16820284	16825016	4732
25656	AT5G42180	16852628	16854224	1596
25657	AT5G43610	17518880	17521098	2218
25658	AT5G04900	1434774	1437495	2721
25659	AT5G50280	20458939	20461710	2771
25660	AT5G41570	16624157	16625977	1820
25661	AT5G30500	11615250	11617170	1920
25662	AT5G20070	6779841	6782501	2660
25663	AT5G16190	5283447	5286842	3395
25664	AT5G03040	709948	713133	3185
25665	AT5G60960	24528089	24530032	1943
25666	AT5G59750	24073195	24075552	2357
25667	AT5G19260	6479398	6480729	1331
25668	AT5G18100	5987187	5988885	1698
25669	AT5G65230	26068112	26069652	1540
25670	AT5G17240	5666823	5668907	2084
25671	AT5G55090	22356852	22358413	1561
25672	AT5G15290	4967011	4968092	1081
25673	AT5G27130	9546547	9547553	1006
25674	AT5G03240	771660	773515	1855
25675	AT5G48160	19527767	19530430	2663
25676	AT5G64840	25916722	25920254	3532
25677	AT5G52200	21202549	21204816	2267
25678	AT5G54280	22039383	22046358	6975
25679	AT5G47520	19277230	19279747	2517
25680	AT5G46760	18974022	18976590	2568
25681	AT5G40200	16070146	16073387	3241
25682	AT5G04740	1367911	1371550	3639
25683	AT5G27640	9780609	9785288	4679
25684	AT5G07130	2209717	2212665	2948
25685	AT5G07390	2335895	2339913	4018
25686	AT5G54270	22038165	22039568	1403
25687	AT5G22410	7426310	7427964	1654
25688	AT5G57260	23198589	23200318	1729
25689	AT5G56470	22869060	22869958	898
25690	AT5G13190	4204085	4206475	2390
25691	AT5G42600	17053453	17058245	4792
25692	AT5G40950	16410782	16412114	1332
25693	AT5G50300	20466068	20468217	2149
25694	AT5G55850	22603302	22605300	1998
25695	AT5G27960	9991685	9992770	1085
25696	AT5G09970	3111945	3114239	2294
25697	AT5G55990	22671113	22674100	2987
25698	AT5G18410	6096945	6105104	8159
25699	AT5G16000	5223934	5227288	3354
25700	AT5G56760	22961229	22962713	1484
25701	AT5G06290	1919080	1921425	2345
25702	AT5G07690	2446669	2448584	1915
25703	AT5G20730	7016445	7022179	5734
25704	AT5G65800	26330746	26332812	2066
25705	AT5G25160	8687188	8688415	1227
25706	AT5G19790	6689108	6690040	932
25707	AT5G36870	14518008	14534060	16052
25708	AT5G13680	4410314	4415622	5308
25709	AT5G57780	23405189	23406479	1290
25710	AT5G58190	23546329	23549605	3276
25711	AT5G51850	21079106	21081632	2526
25712	AT5G27350	9648508	9654426	5918
25713	AT5G66030	26404893	26410355	5462
25714	AT5G23395	7874572	7876427	1855
25715	AT5G65070	25992193	25996202	4009
25716	AT5G55760	22567222	22571008	3786
25717	AT5G59730	24063875	24066170	2295
25718	AT5G05700	1712670	1715731	3061
25719	AT5G62990	25277404	25279474	2070
25720	AT5G60810	24466509	24467215	706
25721	AT5G43860	17630426	17632338	1912
25722	AT5G22770	7579156	7588322	9166
25723	AT5G23020	7718118	7721866	3748
25724	AT5G19600	6612815	6617047	4232
25725	AT5G63600	25460591	25462568	1977
25726	AT5G62070	24929859	24932686	2827
25727	AT5G25140	8672316	8674749	2433
25728	AT5G53040	21506967	21507948	981
25729	AT5G50810	20675605	20676702	1097
25730	AT5G63590	25456910	25458639	1729
25731	AT5G40650	16281394	16283527	2133
25732	AT5G25350	8794252	8797349	3097
25733	AT5G59030	23833493	23834745	1252
25734	AT5G56180	22737325	22741100	3775
25735	AT5G53860	21865069	21868948	3879
25736	AT5G64510	25784404	25786385	1981
25737	AT5G38435	15388018	15388689	671
25738	AT5G23670	7981641	7985398	3757
25739	AT5G01680	253996	256640	2644
25740	AT5G50250	20452487	20454041	1554
25741	AT5G15350	4984919	4986377	1458
25742	AT5G48150	19522238	19524788	2550
25743	AT5G42590	17031024	17033800	2776
25744	AT5G58220	23554386	23556001	1615
25745	AT5G34940	13235741	13238884	3143
25746	AT5G51450	20892643	20897959	5316
25747	AT5G66210	26456142	26459654	3512
25748	AT5G53250	21603569	21604414	845
25749	AT5G49340	20007313	20009038	1725
25750	AT5G58270	23561890	23567244	5354
25751	AT5G16370	5356551	5358789	2238
25752	AT5G13740	4432297	4437148	4851
25753	AT5G18690	6233287	6234251	964
25754	AT5G11150	3546200	3548117	1917
25755	AT5G45010	18166898	18168383	1485
25756	AT5G56640	22927230	22929717	2487
25757	AT5G63420	25400317	25406250	5933
25758	AT5G63310	25371904	25373904	2000
25759	AT5G57090	23100516	23105228	4712
25760	AT5G19690	6652306	6658708	6402
25761	AT5G41990	16794967	16798006	3039
25762	AT5G16850	5538180	5543657	5477
25763	AT5G60230	24250008	24251613	1605
25764	AT5G02110	416917	418666	1749
25765	AT5G06860	2132350	2133587	1237
25766	AT5G15970	5211719	5212743	1024
25767	AT5G40870	16374799	16378652	3853
25768	AT5G22630	7524086	7526270	2184
25769	AT5G10360	3258404	3260254	1850
25770	AT5G57940	23456565	23460621	4056
25771	AT5G01900	350925	352095	1170
25772	AT5G12390	4010443	4012134	1691
25773	AT5G65940	26376578	26379681	3103
25774	AT5G60970	24535337	24537244	1907
25775	AT5G14300	4613102	4614023	921
25776	AT5G52900	21452442	21453980	1538
25777	AT5G43890	17648576	17650375	1799
25778	AT5G04430	1250248	1253953	3705
25779	AT5G23150	7785743	7792991	7248
25780	AT5G24330	8295110	8297159	2049
25781	AT5G06870	2133918	2135168	1250
25782	AT5G10860	3428842	3430492	1650
25783	AT5G07680	2435795	2437661	1866
25784	AT5G47750	19339703	19342410	2707
25785	AT5G13630	4387307	4392429	5122
25786	AT5G03800	1010766	1013678	2912
25787	AT5G46740	18965271	18968798	3527
25788	AT5G35550	13726743	13727961	1218
25789	AT5G58910	23789363	23792382	3019
25790	AT5G40780	16323567	16327382	3815
25791	AT5G53510	21738849	21742082	3233
25792	AT5G33210	12464746	12465764	1018
25793	AT5G22380	7408759	7410102	1343
25794	AT5G67520	26939159	26941050	1891
25795	AT5G13120	4162374	4164923	2549
25796	AT5G11110	3536189	3541149	4960
25797	AT5G52830	21410769	21412526	1757
25798	AT5G10480	3297804	3300165	2361
25799	AT5G49630	20142430	20146690	4260
25800	AT5G35770	13936086	13940867	4781
25801	AT5G49010	19866231	19868877	2646
25802	AT5G09520	2958157	2958971	814
25803	AT5G56450	22858509	22860071	1562
25804	AT5G51690	20997413	21001054	3641
25805	AT5G22250	7365477	7366799	1322
25806	AT5G06320	1930793	1931782	989
25807	AT5G56720	22945419	22946807	1388
25808	AT5G04150	1138410	1139633	1223
25809	AT5G27610	9764135	9769992	5857
25810	AT5G10000	3126709	3127155	446
25811	AT5G10250	3216881	3219436	2555
25812	AT5G07720	2455593	2457316	1723
25813	AT5G06690	2060435	2062081	1646
25814	AT5G15230	4944816	4946299	1483
25815	AT5G60340	24274876	24276122	1246
25816	AT5G61600	24766344	24767732	1388
25817	AT5G19660	6641907	6646550	4643
25818	AT5G53290	21617714	21619281	1567
25819	AT5G48390	19612020	19615383	3363
25820	AT5G08550	2765642	2770282	4640
25821	AT5G43170	17330945	17331646	701
25822	AT5G04290	1195969	1202936	6967
25823	AT5G26170	9146879	9148391	1512
25824	AT5G58070	23500061	23501416	1355
25825	AT5G56320	22808641	22810747	2106
25826	AT5G64660	25841913	25843555	1642
25827	AT5G52110	21171634	21174019	2385
25828	AT5G42710	17125455	17128934	3479
25829	AT5G62670	25159208	25165209	6001
25830	AT5G06910	2140400	2142679	2279
25831	AT5G39750	15906875	15907942	1067
25832	AT5G06250	1891880	1894353	2473
25833	AT5G57440	23271114	23273021	1907
25834	AT5G63580	25454578	25456476	1898
25835	AT5G43990	17697686	17702036	4350
25836	AT5G36250	14282059	14284684	2625
25837	AT5G64890	25934568	25935612	1044
25838	AT5G63980	25610002	25611802	1800
25839	AT5G42650	17097564	17099595	2031
25840	AT5G07930	2530834	2532742	1908
25841	AT5G24440	8345402	8347776	2374
25842	AT5G67480	26930539	26933352	2813
25843	AT5G57560	23307006	23308680	1674
25844	AT5G02400	513296	516075	2779
25845	AT5G63720	25506279	25508017	1738
25846	AT5G51120	20779327	20781557	2230
25847	AT5G01730	272832	277886	5054
25848	AT5G52520	21311020	21314180	3160
25849	AT5G06640	2039598	2041928	2330
25850	AT5G63890	25565431	25568206	2775
25851	AT5G37370	14812570	14816628	4058
25852	AT5G21990	7273071	7276579	3508
25853	AT5G17170	5649057	5651205	2148
25854	AT5G65050	25982254	25986435	4181
25855	AT5G40610	16264829	16267406	2577
25856	AT5G07440	2355759	2358241	2482
25857	AT5G53970	21910471	21912809	2338
25858	AT5G48543	19674358	19675465	1107
25859	AT5G53300	21632021	21634314	2293
25860	AT5G09750	3026109	3027114	1005
25861	AT5G62430	25069093	25071111	2018
25862	AT5G22130	7337158	7340052	2894
25863	AT5G08160	2625559	2628205	2646
25864	AT5G09350	2899001	2906160	7159
25865	AT5G46790	18983540	18984923	1383
25866	AT5G64930	25945683	25948397	2714
25867	AT5G19040	6361776	6363713	1937
25868	AT5G54490	22121102	22122122	1020
25869	AT5G11590	3727453	3728726	1273
25870	AT5G58040	23488745	23494259	5514
25871	AT5G58360	23589550	23591197	1647
25872	AT5G44280	17835810	17839303	3493
25873	AT5G59720	24062323	24063300	977
25874	AT5G48410	19620267	19623425	3158
25875	AT5G44650	18013149	18015434	2285
25876	AT5G07920	2524687	2529421	4734
25877	AT5G56250	22768453	22773021	4568
25878	AT5G04660	1335898	1337670	1772
25879	AT5G40420	16173340	16174783	1443
25880	AT5G54160	21981902	21984399	2497
25881	AT5G03555	898165	900298	2133
25882	AT5G66300	26479766	26481528	1762
25883	AT5G55740	22561849	22564587	2738
25884	AT5G40550	16241009	16243410	2401
25885	AT5G24470	8356204	8358546	2342
25886	AT5G66110	26430071	26431351	1280
25887	AT5G02880	661936	669124	7188
25888	AT5G50920	20715453	20720681	5228
25889	AT5G50670	20615565	20618063	2498
25890	AT5G10870	3430497	3432468	1971
25891	AT5G07280	2284830	2288855	4025
25892	AT5G28680	10719127	10722361	3234
25893	AT5G18240	6028285	6030802	2517
25894	AT5G50950	20729431	20733941	4510
25895	AT5G22350	7397386	7401290	3904
25896	AT5G55260	22416578	22418990	2412
25897	AT5G12370	4002742	4008804	6062
25898	AT5G54570	22167636	22170235	2599
25899	AT5G22830	7627597	7630993	3396
25900	AT5G66880	26710302	26712971	2669
25901	AT5G48450	19632703	19635679	2976
25902	AT5G14930	4828499	4830982	2483
25903	AT5G62470	25078991	25081141	2150
25904	AT5G27050	9520276	9520638	362
25905	AT5G19020	6352591	6354956	2365
25906	AT5G03650	931762	937702	5940
25907	AT5G42390	16945165	16953353	8188
25908	AT5G46350	18801164	18804056	2892
25909	AT5G66460	26538395	26541692	3297
25910	AT5G01640	241212	242322	1110
25911	AT5G22650	7533946	7536496	2550
25912	AT5G43810	17610744	17616907	6163
25913	AT5G46180	18718417	18721744	3327
25914	AT5G38860	15558901	15561126	2225
25915	AT5G44740	18047733	18051896	4163
25916	AT5G23260	7835965	7838555	2590
25917	AT5G10220	3206868	3208830	1962
25918	AT5G20680	6997990	7002033	4043
25919	AT5G56000	22677338	22680152	2814
25920	AT5G60830	24472639	24473319	680
25921	AT5G58890	23780832	23781716	884
25922	AT5G46290	18774056	18776839	2783
25923	AT5G02270	467038	469272	2234
25924	AT5G45390	18396254	18398138	1884
25925	AT5G56090	22714471	22716997	2526
25926	AT5G55000	22318305	22321805	3500
25927	AT5G02800	635207	637568	2361
25928	AT5G45340	18368532	18371021	2489
25929	AT5G25610	8914122	8916856	2734
25930	AT5G22790	7599081	7602522	3441
25931	AT5G12140	3922591	3924058	1467
25932	AT5G37830	15056188	15060866	4678
25933	AT5G61980	24894053	24899973	5920
25934	AT5G59810	24096807	24100593	3786
25935	AT5G27720	9815500	9817618	2118
25936	AT5G54080	21945865	21948913	3048
25937	AT5G65460	26161624	26169191	7567
25938	AT5G12020	3882231	3883111	880
25939	AT5G18930	6311725	6313372	1647
25940	AT5G01060	22684	24934	2250
25941	AT5G01490	195452	198651	3199
25942	AT5G65158	26030075	26031003	928
25943	AT5G13710	4423555	4427324	3769
25944	AT5G20350	6876441	6881506	5065
25945	AT5G46830	19002564	19004384	1820
25946	AT5G02260	463073	465273	2200
25947	AT5G67580	26955568	26957774	2206
25948	AT5G66055	26417156	26419363	2207
25949	AT5G44620	17997597	18000451	2854
25950	AT5G50260	20455317	20457068	1751
25951	AT5G51230	20823644	20829644	6000
25952	AT5G65280	26085593	26088277	2684
25953	AT5G40010	16020058	16021916	1858
25954	AT5G65630	26225832	26229574	3742
25955	AT5G65810	26337665	26339865	2200
25956	AT5G56780	22964233	22966398	2165
25957	AT5G44120	17756238	17758336	2098
25958	AT5G47040	19092858	19098772	5914
25959	AT5G59980	24147099	24149942	2843
25960	AT5G58870	23769786	23773973	4187
25961	AT5G19990	6751798	6755315	3517
25962	AT5G67180	26801949	26804271	2322
25963	AT5G26140	9130504	9131902	1398
25964	AT5G53460	21700187	21710296	10109
25965	AT5G05560	1640098	1654830	14732
25966	AT5G39270	15729037	15730231	1194
25967	AT5G03340	809830	813293	3463
25968	AT5G60480	24323371	24324335	964
25969	AT5G39040	15625460	15629835	4375
25970	AT5G16630	5454654	5459647	4993
25971	AT5G64210	25683770	25685731	1961
25972	AT5G15250	4950359	4952803	2444
25973	AT5G60690	24396981	24402195	5214
25974	AT5G45420	18404015	18406693	2678
25975	AT5G43250	17355845	17356706	861
25976	AT5G03940	1060106	1063425	3319
25977	AT5G43850	17627132	17629363	2231
25978	ATCG00430	49257	49934	677
25979	AT5G23220	7819608	7820760	1152
25980	AT5G12380	4009168	4010687	1519
25981	AT5G47810	19356292	19358125	1833
25982	AT5G14660	4726641	4728746	2105
25983	AT5G41200	16490544	16491536	992
25984	ATCG00350	39605	41857	2252
25985	AT5G61230	24627187	24628968	1781
25986	AT5G37630	14947227	14952806	5579
25987	AT5G61790	24827063	24829900	2837
25988	AT5G41150	16472764	16477417	4653
25989	AT5G01770	293675	302015	8340
25990	AT5G20520	6942955	6946514	3559
25991	AT5G23140	7783673	7785547	1874
25992	AT5G10100	3157694	3161708	4014
25993	AT5G54745	22240256	22241233	977
25994	AT5G17220	5658416	5659661	1245
25995	AT5G60550	24339229	24342590	3361
25996	ATCG00570	63942	64061	119
25997	AT5G15890	5187587	5189348	1761
25998	AT5G44110	17753959	17755768	1809
25999	AT5G13020	4129154	4133023	3869
26000	AT5G22110	7330825	7334282	3457
26001	AT5G10610	3353442	3355124	1682
26002	AT5G19560	6602910	6606506	3596
26003	AT5G35790	13956672	13959830	3158
26004	AT5G27630	9775854	9781002	5148
26005	AT5G62980	25276017	25277293	1276
26006	AT5G35210	13474196	13482591	8395
26007	AT5G62500	25092641	25095310	2669
26008	AT5G17870	5907589	5908464	875
26009	AT5G23450	7904293	7909623	5330
26010	AT5G08280	2663499	2665826	2327
26011	AT5G24910	8567504	8570367	2863
26012	AT5G08150	2621974	2622900	926
26013	AT5G60600	24358885	24363485	4600
26014	AT5G26900	9463752	9465086	1334
26015	AT5G53580	21764937	21767013	2076
26016	AT5G27570	9734896	9736250	1354
26017	AT5G53890	21876586	21880540	3954
26018	AT5G36700	14421182	14424610	3428
26019	AT5G13050	4136556	4138792	2236
26020	AT5G20420	6898790	6904242	5452
26021	AT5G39660	15878698	15881537	2839
26022	AT5G44140	17762491	17763666	1175
26023	AT5G53870	21869774	21871391	1617
26024	AT5G62390	25051978	25054444	2466
26025	AT5G47780	19347874	19350976	3102
26026	AT5G04940	1454131	1457141	3010
26027	AT5G56300	22799507	22801692	2185
26028	AT5G61270	24638491	24640765	2274
26029	AT5G57530	23300321	23301689	1368
26030	AT5G37660	14959614	14961620	2006
26031	AT5G57490	23283617	23286005	2388
26032	AT5G22220	7360535	7364505	3970
26033	AT5G49660	20161140	20164729	3589
26034	AT5G06510	1984823	1987064	2241
26035	AT5G67420	26903866	26906524	2658
26036	AT5G51710	21004251	21008849	4598
26037	AT5G39290	15735794	15736979	1185
26038	AT5G09590	2975436	2978750	3314
26039	AT5G15960	5209717	5210826	1109
26040	AT5G59090	23851679	23855499	3820
26041	AT5G06620	2033760	2036266	2506
26042	AT5G07560	2390207	2391439	1232
26043	AT5G11040	3495195	3500945	5750
26044	AT5G65210	26057533	26061157	3624
26045	AT5G58430	23621152	23623543	2391
26046	AT5G47770	19345110	19347677	2567
26047	AT5G11270	3595274	3597237	1963
26048	AT5G03080	721778	723400	1622
26049	AT5G05970	1795294	1799527	4233
26050	AT5G55240	22405896	22407351	1455
26051	AT5G25130	8668232	8670237	2005
26052	AT5G29000	11021980	11024978	2998
26053	AT5G61320	24655098	24656638	1540
26054	AT5G20830	7050217	7055398	5181
26055	AT5G41010	16423919	16425324	1405
26056	AT5G18110	5988744	5990681	1937
26057	AT5G27380	9667912	9671015	3103
26058	AT5G55710	22554878	22555890	1012
26059	AT5G18290	6055028	6058368	3340
26060	AT5G67450	26918765	26920179	1414
26061	AT5G57990	23469924	23474172	4248
26062	AT5G50680	20618733	20621103	2370
26063	AT5G48870	19813346	19814554	1208
26064	ATCG00690	74082	74183	101
26065	AT5G58590	23680063	23681935	1872
26066	AT5G13510	4341262	4342095	833
26067	AT5G43110	17309842	17311937	2095
26068	AT5G57110	23109438	23117686	8248
26069	AT5G51545	20936423	20937589	1166
26070	AT5G11520	3684946	3687854	2908
26071	AT5G10440	3280487	3282553	2066
26072	AT5G54590	22179700	22182828	3128
26073	AT5G42480	16985096	16988796	3700
26074	AT5G15160	4921243	4922812	1569
26075	AT5G46050	18674968	18679191	4223
26076	AT5G17480	5762600	5763202	602
26077	AT5G39930	15985025	15987339	2314
26078	AT5G08100	2592976	2594701	1725
26079	AT5G59150	23876486	23878489	2003
26080	AT5G65830	26341963	26343546	1583
26081	AT5G53350	21643767	21647774	4007
26082	AT5G13550	4355276	4359692	4416
26083	AT5G10230	3209497	3211483	1986
26084	AT5G13700	4420069	4423095	3026
26085	AT5G52250	21216772	21218351	1579
26086	AT5G57740	23394585	23397650	3065
26087	AT5G20990	7128475	7133512	5037
26088	AT5G63850	25550937	25553656	2719
26089	AT5G18120	5990909	5994106	3197
26090	AT5G10300	3239455	3240883	1428
26091	AT5G03530	885437	887700	2263
26092	AT5G50375	20511642	20514346	2704
26093	AT5G13960	4501362	4506250	4888
26094	AT5G09920	3096183	3097837	1654
26095	AT5G47220	19171643	19172956	1313
26096	AT5G58650	23699708	23700226	518
26097	AT5G64900	25937078	25938176	1098
26098	AT5G08120	2600443	2602935	2492
26099	AT5G49490	20075328	20076185	857
26100	AT5G02840	648648	651979	3331
26101	AT5G13820	4460840	4464737	3897
26102	AT5G54470	22114304	22115539	1235
26103	AT5G58250	23559474	23560778	1304
26104	AT5G23780	8017111	8019520	2409
26105	AT5G04360	1221448	1228841	7393
26106	AT5G43340	17393598	17395148	1550
26107	AT5G49480	20070489	20071682	1193
26108	ATMG00870	236927	237481	554
26109	AT5G64040	25628521	25629708	1187
26110	AT5G14220	4582629	4587653	5024
26111	AT5G19310	6498743	6503692	4949
26112	AT5G06000	1808111	1809856	1745
26113	AT5G16710	5483260	5485185	1925
26114	AT5G16390	5360789	5363297	2508
26115	AT5G38740	15512943	15514305	1362
26116	AT5G50480	20557574	20558487	913
26117	AT5G64770	25897321	25898171	850
26118	AT5G54310	22056986	22061270	4284
26119	AT5G04330	1212532	1214439	1907
26120	AT5G62480	25088527	25089626	1099
26121	AT5G01270	107547	112324	4777
26122	AT5G67260	26836139	26839597	3458
26123	AT5G40380	16151522	16155215	3693
26124	AT5G02820	642554	644394	1840
26125	AT5G46860	19012021	19014110	2089
26126	AT5G24400	8330243	8331963	1720
26127	AT5G63570	25451800	25453845	2045
26128	AT5G66160	26445086	26447433	2347
26129	AT5G65710	26292372	26295687	3315
26130	AT5G64290	25714178	25716901	2723
26131	AT5G53130	21537721	21541029	3308
26132	AT5G07660	2422783	2430136	7353
26133	AT5G37055	14641442	14642513	1071
26134	AT5G67210	26818949	26820157	1208
26135	AT5G65140	26019457	26022380	2923
26136	AT5G07550	2388225	2389249	1024
26137	AT5G58350	23584789	23587801	3012
26138	AT5G08190	2635832	2637433	1601
26139	AT5G15840	5170162	5173085	2923
26140	AT5G65430	26148150	26150593	2443
26141	AT5G06920	2142858	2143919	1061
26142	AT5G59590	24008865	24010688	1823
26143	AT5G13080	4149738	4151201	1463
26144	AT5G06080	1830671	1831467	796
26145	AT5G35700	13872479	13876876	4397
26146	AT5G57420	23269914	23271092	1178
26147	AT5G60900	24498369	24501770	3401
26148	AT5G58320	23577128	23579786	2658
26149	AT5G05620	1679230	1682055	2825
26150	AT5G50400	20523366	20526521	3155
26151	AT5G60870	24485655	24487906	2251
26152	AT5G08030	2575025	2576819	1794
26153	AT5G02120	419091	419773	682
26154	AT5G58730	23723404	23725585	2181
26155	AT5G40160	16062479	16064689	2210
26156	AT5G42300	16911579	16913991	2412
26157	AT5G18680	6228163	6230630	2467
26158	AT5G22500	7470328	7474133	3805
26159	AT5G58130	23521049	23523818	2769
26160	AT5G64080	25645209	25646845	1636
26161	AT5G20920	7094649	7097145	2496
26162	AT5G42540	17007366	17014846	7480
26163	AT5G27420	9683988	9685742	1754
26164	AT5G65020	25973804	25975726	1922
26165	AT5G10270	3221493	3224788	3295
26166	AT5G22880	7651868	7652714	846
26167	AT5G65890	26354853	26357905	3052
26168	AT5G25890	9033204	9035140	1936
26169	AT5G44100	17749057	17752849	3792
26170	AT5G63050	25292404	25295020	2616
26171	AT5G62250	25005434	25008361	2927
26172	AT5G23730	8005097	8006630	1533
26173	AT5G14780	4776733	4779526	2793
26174	AT5G41790	16725753	16732847	7094
26175	AT5G53060	21514896	21520421	5525
26176	AT5G61650	24778191	24779989	1798
26177	AT5G08290	2665899	2667261	1362
26178	AT5G05290	1568694	1569915	1221
26179	AT5G64760	25893780	25896586	2806
26180	AT5G49510	20080600	20083042	2442
26181	AT5G19610	6617665	6622104	4439
26182	AT5G13450	4310254	4312066	1812
26183	AT5G63670	25487927	25489600	1673
26184	AT5G23210	7810645	7815089	4444
26185	AT5G67380	26880966	26884079	3113
26186	AT5G45040	18175371	18176888	1517
26187	AT5G22910	7660927	7663829	2902
26188	AT5G66450	26534614	26536524	1910
26189	AT5G20150	6802282	6803655	1373
26190	AT5G24410	8332420	8334129	1709
26191	AT5G49290	19979559	19984131	4572
26192	AT5G62680	25165137	25168060	2923
26193	AT5G20635	6979157	6982163	3006
26194	AT5G40930	16404457	16406079	1622
26195	AT5G54110	21958059	21960634	2575
26196	AT5G64720	25872305	25872833	528
26197	AT5G38317	15314060	15315226	1166
26198	AT5G53530	21745937	21748719	2782
26199	AT5G15380	4991347	4994924	3577
26200	AT5G50200	20436180	20437815	1635
26201	AT5G42810	17166702	17169459	2757
26202	AT5G46690	18945543	18947637	2094
26203	AT5G39310	15739032	15740605	1573
26204	AT5G62380	25050152	25052054	1902
26205	AT5G52340	21250646	21254137	3491
26206	AT5G61010	24553744	24557043	3299
26207	AT5G16400	5363420	5365391	1971
26208	AT5G67370	26877272	26879639	2367
26209	AT5G55540	22496196	22500714	4518
26210	AT5G59550	23998164	24000166	2002
26211	AT5G03190	758374	760382	2008
26212	AT5G28840	10862016	10864946	2930
26213	AT5G64440	25765712	25770618	4906
26214	ATCG00160	15013	15723	710
26215	AT5G17550	5786414	5788304	1890
26216	AT5G45250	18321764	18326175	4411
26217	AT5G01180	61017	63936	2919
26218	AT5G26880	9457691	9459221	1530
26219	AT5G38800	15538141	15538889	748
26220	AT5G47120	19135952	19138025	2073
26221	AT5G63320	25373955	25379297	5342
26222	AT5G46570	18894378	18897406	3028
26223	AT5G43500	17469490	17473619	4129
26224	AT5G66350	26503115	26506809	3694
26225	AT5G05590	1666471	1668569	2098
26226	AT5G45300	18353525	18356888	3363
26227	AT5G35390	13596824	13599269	2445
26228	AT5G13460	4315759	4318414	2655
26229	AT5G25180	8694630	8697108	2478
26230	AT5G65420	26141470	26144020	2550
26231	AT5G07240	2271890	2274288	2398
26232	AT5G63450	25408821	25410725	1904
26233	AT5G64813	25910015	25912900	2885
26234	AT5G55470	22469245	22472706	3461
26235	AT5G25900	9035817	9038423	2606
26236	AT5G46470	18842553	18849741	7188
26237	AT5G18570	6171572	6174944	3372
26238	AT5G66020	26401193	26404725	3532
26239	ATCG01280	145291	152175	6884
26240	AT5G58782	23738099	23739587	1488
26241	AT5G08470	2735911	2743065	7154
26242	AT5G61130	24587173	24589580	2407
26243	AT5G09410	2920827	2927480	6653
26244	AT5G60920	24511152	24514338	3186
26245	AT5G09220	2866222	2869156	2934
26246	AT5G58700	23712827	23716391	3564
26247	AT5G40770	16314850	16317291	2441
26248	AT5G67080	26772644	26773979	1335
26249	AT5G61000	24549479	24552855	3376
26250	AT5G15210	4937465	4939207	1742
26251	AT5G09660	2993411	2995784	2373
26252	AT5G03840	1024500	1025872	1372
26253	AT5G07200	2243553	2245339	1786
26254	AT5G42242	16891188	16891909	721
26255	AT5G22570	7495455	7496990	1535
26256	AT5G12480	4047513	4050643	3130
26257	AT5G27780	9838812	9839454	642
26258	AT5G02410	516985	519850	2865
26259	AT5G59340	23933338	23935050	1712
26260	ATCG00770	80068	80472	404
26261	AT5G20340	6874787	6875926	1139
26262	AT5G62220	24988214	24990331	2117
26263	AT5G48950	19845999	19847435	1436
26264	AT5G09550	2963648	2966811	3163
26265	AT5G37810	15045114	15048012	2898
26266	AT5G17060	5610741	5613074	2333
26267	AT5G17810	5880424	5884770	4346
26268	AT5G66750	26648897	26653191	4294
26269	AT5G07220	2265233	2267012	1779
26270	AT5G27940	9974411	9975203	792
26271	AT5G39820	15939110	15940590	1480
26272	AT5G02630	591731	593194	1463
26273	AT5G05080	1498438	1500784	2346
26274	AT5G16080	5252251	5253790	1539
26275	AT5G23720	7998197	8002848	4651
26276	AT5G65670	26253408	26256544	3136
26277	AT5G64260	25703649	25705339	1690
26278	AT5G51640	20975180	20977668	2488
26279	AT5G11740	3783930	3784963	1033
26280	AT5G63860	25554416	25559499	5083
26281	AT5G11890	3831500	3833151	1651
26282	AT5G61030	24560309	24562527	2218
26283	AT5G64000	25616625	25618631	2006
26284	AT5G01190	72292	74769	2477
26285	AT5G09530	2959734	2961382	1648
26286	AT5G43900	17656894	17667451	10557
26287	AT5G36120	14198586	14199431	845
26288	AT5G39280	15730653	15731790	1137
26289	AT5G37780	15004466	15006267	1801
26290	AT5G65450	26157535	26161331	3796
26291	AT5G09330	2892338	2895480	3142
26292	AT5G17690	5827142	5829763	2621
26293	AT5G54260	22032038	22038052	6014
26294	AT5G37500	14889245	14895233	5988
26295	AT5G59370	23949661	23951837	2176
26296	AT5G55920	22645448	22649517	4069
26297	AT5G36950	14594969	14598395	3426
26298	AT5G26040	9099152	9101682	2530
26299	AT5G45810	18584676	18586590	1914
26300	AT5G55930	22652715	22656106	3391
26301	AT5G43935	17682179	17683446	1267
26302	AT5G60500	24328757	24329785	1028
26303	AT5G55170	22385257	22386223	966
26304	AT5G20330	6871511	6873112	1601
26305	AT5G53200	21582614	21584243	1629
26306	AT5G21430	7222179	7223639	1460
26307	AT5G47650	19310192	19312747	2555
26308	AT5G60850	24480291	24482163	1872
26309	ATMG00620	182278	182697	419
26310	AT5G16480	5381069	5382939	1870
26311	AT5G42820	17169283	17172787	3504
26312	AT5G03680	957611	961047	3436
26313	AT5G06839	2120472	2126457	5985
26314	AT5G59160	23879236	23881840	2604
26315	AT5G62310	25023155	25028686	5531
26316	AT5G57380	23246395	23249504	3109
26317	AT5G14760	4768263	4772153	3890
26318	AT5G55590	22519654	22521858	2204
26319	AT5G08000	2563366	2565547	2181
26320	AT5G64520	25787969	25791197	3228
26321	AT5G49830	20250419	20255089	4670
26322	AT5G47200	19166859	19169093	2234
26323	AT5G46540	18877090	18882462	5372
26324	AT5G04630	1330437	1332152	1715
26325	AT5G58500	23645062	23646347	1285
26326	AT5G65060	25987309	25991412	4103
26327	AT5G64560	25806698	25809711	3013
26328	AT5G54900	22295369	22298395	3026
26329	AT5G49810	20239293	20246398	7105
26330	AT5G41160	16477119	16478436	1317
26331	AT5G10240	3212651	3216551	3900
26332	AT5G50440	20537426	20538996	1570
26333	AT5G37640	14952782	14953750	968
26334	AT5G42520	17000259	17002607	2348
26335	AT5G42020	16807342	16810693	3351
26336	AT5G51330	20858503	20861711	3208
26337	AT5G01500	198906	201586	2680
26338	AT5G51820	21063298	21068327	5029
26339	AT5G28510	10480757	10484073	3316
26340	AT5G24314	8277700	8279400	1700
26341	AT5G20360	6881332	6885093	3761
26342	AT5G09860	3066562	3070989	4427
26343	AT5G04890	1427117	1428514	1397
26344	AT5G43050	17267838	17269172	1334
26345	AT5G53000	21485317	21488042	2725
26346	AT5G66040	26410344	26411355	1011
26347	AT5G35917	14049123	14051128	2005
26348	AT5G42970	17237153	17240816	3663
26349	AT5G48840	19803502	19805356	1854
26350	AT5G56210	22750462	22752817	2355
26351	AT5G58770	23734273	23735767	1494
26352	AT5G45260	18326203	18332920	6717
26353	AT5G62170	24972886	24975708	2822
26354	AT5G50750	20640992	20642787	1795
26355	AT5G63110	25315506	25318347	2841
26356	AT5G40350	16138544	16141134	2590
26357	AT5G35490	13689817	13690548	731
26358	AT5G49230	19958872	19960681	1809
26359	AT5G17260	5675184	5678175	2991
26360	AT5G41070	16438265	16440055	1790
26361	AT5G19010	6344770	6348267	3497
26362	AT5G52350	21254911	21257618	2707
26363	AT5G02020	385878	388231	2353
26364	AT5G17300	5690225	5692992	2767
26365	AT5G03630	922048	924728	2680
26366	AT5G11530	3695792	3701549	5757
26367	AT5G38470	15404622	15407745	3123
26368	AT5G44635	18006212	18010667	4455
26369	AT5G57590	23318399	23322770	4371
26370	AT5G63950	25591956	25598671	6715
26371	AT5G05580	1664040	1666531	2491
26372	AT5G25090	8647018	8647817	799
26373	AT5G35630	13830429	13833542	3113
26374	AT5G26780	9418137	9422228	4091
26375	AT5G07060	2193966	2195963	1997
26376	AT5G56510	22880687	22884087	3400
26377	AT5G07510	2377703	2378829	1126
26378	AT5G04470	1266625	1267416	791
26379	AT5G62120	24946955	24948225	1270
26380	AT5G61690	24789237	24793528	4291
26381	AT5G13390	4292704	4296725	4021
26382	AT5G40820	16342728	16353898	11170
26383	AT5G13150	4172734	4175362	2628
26384	AT5G61150	24603634	24607725	4091
26385	AT5G15090	4888964	4891603	2639
26386	AT5G46280	18769649	18773706	4057
26387	AT5G14870	4808091	4811093	3002
26388	AT5G25760	8967655	8969369	1714
26389	AT5G49930	20308033	20312892	4859
26390	AT5G55310	22430105	22435134	5029
26391	AT5G64530	25794957	25797031	2074
26392	AT5G40840	16359331	16363878	4547
26393	AT5G49820	20246391	20249622	3231
26394	AT5G23230	7825858	7826611	753
26395	AT5G03780	999102	1001056	1954
26396	AT5G45080	18191355	18193328	1973
26397	AT5G58140	23523825	23533111	9286
26398	AT5G53170	21562718	21568023	5305
26399	AT5G51040	20750513	20752115	1602
26400	AT5G42260	16898712	16900317	1605
26401	AT5G57930	23454592	23456526	1934
26402	AT5G63400	25392920	25394907	1987
26403	AT5G49150	19924354	19929256	4902
26404	AT5G26650	9343785	9345011	1226
26405	AT5G63610	25463362	25465922	2560
26406	AT5G13220	4218786	4221077	2291
26407	AT5G19910	6730978	6732990	2012
26408	AT5G18170	6006035	6008726	2691
26409	AT5G54390	22085998	22088094	2096
26410	AT5G65010	25969035	25972575	3540
26411	AT5G58050	23494249	23497601	3352
26412	AT5G40220	16078390	16079364	974
26413	AT5G03290	793974	796218	2244
26414	AT5G41700	16675582	16677525	1943
26415	AT5G60740	24425455	24430413	4958
26416	AT5G12330	3987375	3989876	2501
26417	AT5G55160	22383472	22384942	1470
26418	AT5G48945	19844683	19845548	865
26419	AT5G05660	1690571	1695557	4986
26420	AT5G61070	24571095	24574387	3292
26421	AT5G52060	21152011	21154395	2384
26422	AT5G49650	20152731	20156613	3882
26423	AT5G42750	17142816	17144672	1856
26424	AT5G39320	15742543	15744946	2403
26425	AT5G43518	17484357	17484852	495
26426	AT5G48000	19444103	19447866	3763
26427	AT5G56930	23027658	23030639	2981
26428	AT5G04400	1242500	1243358	858
26429	AT5G43360	17409524	17411214	1690
26430	AT5G15760	5142990	5144606	1616
26431	AT5G42990	17243987	17245988	2001
26432	AT5G23300	7847587	7850404	2817
26433	AT5G64620	25831635	25832731	1096
26434	AT5G49980	20333897	20336671	2774
26435	AT5G01040	13128	16236	3108
26436	AT5G50790	20656193	20658001	1808
26437	AT5G07470	2362524	2364479	1955
26438	AT5G02900	674060	675569	1509
26439	AT5G14670	4728947	4730952	2005
26440	AT5G37820	15050002	15051599	1597
26441	AT5G49620	20137214	20139609	2395
26442	AT5G17800	5877113	5879331	2218
26443	AT5G41600	16636029	16637908	1879
26444	AT5G03770	995095	997849	2754
26445	AT5G59290	23915440	23918267	2827
26446	AT5G13790	4448862	4450958	2096
26447	AT5G60180	24232875	24234135	1260
26448	AT5G62160	24960107	24961864	1757
26449	AT5G66730	26641586	26644738	3152
26450	AT5G10170	3187277	3190321	3044
26451	AT5G45930	18627950	18629697	1747
26452	AT5G60950	24526847	24528151	1304
26453	AT5G20040	6767701	6771190	3489
26454	AT5G61850	24844248	24846989	2741
26455	AT5G25120	8661970	8664681	2711
26456	AT5G24360	8316388	8319981	3593
26457	AT5G05730	1719533	1722933	3400
26458	AT5G05440	1608988	1610527	1539
26459	AT5G65930	26369857	26376572	6715
26460	AT5G46360	18806563	18808224	1661
26461	AT5G08490	2743330	2748019	4689
26462	AT5G06650	2043419	2044200	781
26463	AT5G15900	5189376	5192176	2800
26464	AT5G01220	86543	90117	3574
26465	AT5G24850	8535258	8538211	2953
26466	AT5G27320	9628990	9631291	2301
26467	AT5G40330	16127725	16129661	1936
26468	AT5G26340	9243398	9247540	4142
26469	AT5G56330	22813750	22816256	2506
26470	AT5G23420	7888461	7890355	1894
26471	AT5G44070	17734706	17737859	3153
26472	AT5G55730	22558044	22560541	2497
26473	AT5G07450	2358291	2359311	1020
26474	ATMG00600	174205	174525	320
26475	AT5G67230	26822432	26824328	1896
26476	AT5G59820	24102814	24103794	980
26477	AT5G15720	5124525	5126486	1961
26478	AT5G57240	23192872	23195476	2604
26479	AT5G07110	2206000	2206928	928
26480	AT5G13750	4437804	4441701	3897
26481	AT5G58630	23696108	23697452	1344
26482	AT5G01620	232565	234916	2351
26483	AT5G57850	23435291	23437347	2056
26484	AT5G25880	9024334	9028395	4061
26485	AT5G13990	4514568	4516892	2324
26486	AT5G42870	17185440	17189978	4538
26487	AT5G13650	4397578	4402692	5114
26488	AT5G22370	7406030	7408754	2724
26489	AT5G39500	15814559	15820151	5592
26490	AT5G06720	2077382	2079005	1623
26491	AT5G15130	4904290	4907094	2804
26492	AT5G55810	22583972	22586405	2433
26493	AT5G11540	3702700	3705129	2429
26494	AT5G10260	3219677	3221515	1838
26495	AT5G27080	9529753	9531081	1328
26496	AT5G23290	7846081	7847643	1562
26497	AT5G64200	25681202	25683641	2439
26498	AT5G60100	24197971	24201415	3444
26499	AT5G26120	9121675	9125967	4292
26500	AT5G11170	3553096	3557018	3922
26501	AT5G47640	19309227	19310272	1045
26502	AT5G44316	17852911	17854521	1610
26503	AT5G07180	2227439	2233587	6148
26504	AT5G63750	25512994	25514941	1947
26505	AT5G27210	9572066	9574135	2069
26506	AT5G26230	9172911	9174598	1687
26507	AT5G15440	5012061	5014281	2220
26508	AT5G15450	5014212	5018347	4135
26509	AT5G58670	23704231	23707003	2772
26510	AT5G12180	3936813	3939596	2783
26511	ATCG00380	45223	45828	605
26512	AT5G15850	5176091	5177897	1806
26513	AT5G24900	8563800	8566812	3012
26514	AT5G50590	20587936	20589490	1554
26515	AT5G48030	19465788	19469939	4151
26516	AT5G04930	1444638	1449879	5241
26517	AT5G38430	15383167	15385320	2153
26518	AT5G15470	5020941	5024750	3809
26519	AT5G25460	8863224	8865677	2453
26520	AT5G62940	25256852	25258704	1852
26521	AT5G24030	8118317	8122914	4597
26522	AT5G49730	20201037	20204595	3558
26523	AT5G66200	26453276	26456154	2878
26524	ATMG00513	140724	142998	2274
26525	AT5G07840	2506656	2508373	1717
26526	AT5G43700	17550179	17551715	1536
26527	AT5G06160	1862325	1866433	4108
26528	AT5G58180	23543652	23545760	2108
26529	AT5G43940	17684156	17686534	2378
26530	AT5G28540	10540123	10543558	3435
26531	AT5G25540	8891475	8893036	1561
26532	AT5G38480	15409684	15411601	1917
26533	AT5G59570	24003888	24007844	3956
26534	AT5G51480	20910204	20913547	3343
26535	AT5G42030	16811307	16813295	1988
26536	ATCG00580	64071	64322	251
26537	AT5G38150	15223116	15224950	1834
26538	AT5G05540	1636282	1638939	2657
26539	AT5G10600	3351037	3352894	1857
26540	AT5G07500	2372619	2373655	1036
26541	AT5G20910	7092512	7094503	1991
26542	AT5G02390	508577	512270	3693
26543	AT5G35520	13701290	13703241	1951
26544	AT5G48230	19552142	19555531	3389
26545	AT5G59710	24057378	24062082	4704
26546	AT5G17990	5957080	5960201	3121
26547	AT5G37020	14629453	14634454	5001
26548	AT5G07460	2360630	2362228	1598
26549	AT5G40940	16406631	16407930	1299
26550	AT5G20650	6985298	6986037	739
26551	AT5G57390	23252989	23256703	3714
26552	AT5G35920	14056437	14056904	467
26553	AT5G17770	5864182	5866809	2627
26554	AT5G25060	8633114	8640217	7103
26555	AT5G66700	26634275	26635885	1610
26556	AT5G10840	3424688	3427897	3209
26557	AT5G17880	5908834	5913317	4483
26558	AT5G01520	206432	208611	2179
26559	AT5G45940	18629562	18630706	1144
26560	AT5G60880	24488289	24489836	1547
26561	AT5G63510	25423967	25425871	1904
26562	AT5G56660	22933267	22935316	2049
26563	AT5G54810	22264594	22266902	2308
26564	AT5G47560	19287369	19291103	3734
26565	AT5G22300	7379187	7382025	2838
26566	AT5G64350	25734590	25736145	1555
26567	AT5G66620	26588411	26592330	3919
26568	AT5G65790	26322817	26324609	1792
26569	ATCG00300	35751	35939	188
26570	AT5G63730	25508100	25509706	1606
26571	AT5G58850	23763945	23765556	1611
26572	AT5G49910	20303334	20306469	3135
26573	AT5G46330	18791575	18795908	4333
26574	AT5G20480	6921509	6925901	4392
26575	AT5G57450	23273067	23274976	1909
26576	AT5G47720	19331547	19334427	2880
26577	AT5G27030	9508718	9515565	6847
26578	AT5G45070	18187630	18189523	1893
26579	AT5G19550	6597971	6601971	4000
26580	AT5G43330	17390381	17392741	2360
26581	AT5G27910	9940669	9941447	778
26582	AT5G03760	985622	990630	5008
26583	AT5G09680	2999195	3000658	1463
26584	AT5G58440	23623794	23626957	3163
26585	AT5G18620	6195689	6202168	6479
26586	AT5G43780	17589394	17591737	2343
26587	AT5G25220	8735944	8738601	2657
26588	AT5G49880	20282111	20288084	5973
26589	AT5G18050	5974341	5975087	746
26590	AT5G51050	20753040	20756137	3097
26591	AT5G03690	963147	965327	2180
26592	AT5G13930	4488476	4490264	1788
26593	AT5G50490	20560434	20561228	794
26594	AT5G63760	25515662	25517891	2229
26595	AT5G06760	2089445	2090430	985
26596	AT5G24300	8266566	8271205	4639
26597	AT5G19620	6623197	6627894	4697
26598	AT5G47760	19342405	19345127	2722
26599	AT5G44210	17806397	17807541	1144
26600	AT5G25110	8657604	8659352	1748
26601	AT5G48010	19456837	19461706	4869
26602	AT5G09870	3072870	3078416	5546
26603	AT5G48810	19789067	19790372	1305
26604	AT5G57050	23087122	23089631	2509
26605	AT5G40740	16301846	16306479	4633
26606	AT5G50690	20621278	20622832	1554
26607	AT5G58470	23637415	23640973	3558
26608	AT5G13010	4122400	4129005	6605
26609	AT5G41220	16494325	16497163	2838
26610	AT5G57220	23187840	23189902	2062
26611	AT5G08260	2657054	2661437	4383
26612	AT5G47110	19133986	19135414	1428
26613	AT5G24670	8447378	8451569	4191
26614	AT5G27150	9553300	9557594	4294
26615	AT5G19980	6749613	6751152	1539
26616	AT5G02130	419658	422068	2410
26617	AT5G64990	25963387	25964912	1525
26618	AT5G28030	10029632	10032962	3330
26619	AT5G22640	7529292	7533857	4565
26620	AT5G59520	23991213	23992908	1695
26621	AT5G62850	25229938	25231844	1906
26622	AT5G46800	18988588	18990867	2279
26623	AT5G27270	9605484	9609804	4320
26624	AT5G66170	26447642	26448776	1134
26625	AT5G54230	22016143	22018061	1918
26626	AT5G54670	22209403	22214252	4849
26627	AT5G43280	17367827	17369510	1683
26628	AT5G18070	5980769	5983135	2366
26629	AT5G66410	26519437	26521696	2259
26630	AT5G66920	26722701	26725657	2956
26631	AT5G55940	22655998	22658084	2086
26632	AT5G15310	4974671	4976470	1799
26633	AT5G16600	5438165	5440433	2268
26634	AT5G60410	24294704	24301157	6453
26635	AT5G64810	25908247	25909881	1634
26636	AT5G16530	5400600	5402845	2245
26637	AT5G39810	15937278	15938458	1180
26638	AT5G20010	6760094	6762330	2236
26639	AT5G17330	5710910	5715075	4165
26640	AT5G01840	324428	325678	1250
26641	AT5G10470	3289925	3297434	7509
26642	AT5G15330	4980374	4982231	1857
26643	AT5G57880	23443962	23447244	3282
26644	AT5G61440	24707445	24709396	1951
26645	AT5G59510	23989755	23990824	1069
26646	AT5G63650	25481334	25483799	2465
26647	AT5G51020	20745349	20747305	1956
26648	ATCG01070	117804	118109	305
26649	ATCG00760	79489	79602	113
26650	AT5G07100	2204206	2205965	1759
26651	AT5G15800	5151334	5154253	2919
26652	AT5G37800	15036066	15037884	1818
26653	AT5G16580	5425641	5427472	1831
26654	AT5G08610	2790243	2794219	3976
26655	AT5G50080	20365722	20367093	1371
26656	AT5G12840	4050691	4053669	2978
26657	AT5G19220	6463824	6466831	3007
26658	AT5G17050	5607788	5609589	1801
26659	AT5G49300	19984626	19985788	1162
26660	AT5G64580	25816918	25821567	4649
26661	AT5G47280	19193157	19195559	2402
26662	AT5G56230	22758544	22759556	1012
26663	AT5G16540	5403069	5405173	2104
26664	AT5G02010	383153	385910	2757
26665	AT5G18810	6268644	6271325	2681
26666	AT5G36890	14541289	14546230	4941
26667	AT5G56500	22873666	22877407	3741
26668	AT5G39760	15911350	15912860	1510
26669	AT5G64700	25864937	25867025	2088
26670	AT5G01510	201603	205679	4076
26671	AT5G49330	19998823	20001572	2749
26672	AT5G59320	23928954	23929816	862
26673	AT5G23050	7731221	7735566	4345
26674	AT5G67250	26831185	26833903	2718
26675	AT5G41315	16529090	16533287	4197
26676	AT5G20020	6762569	6764683	2114
26677	AT5G04530	1291630	1293723	2093
26678	AT5G15930	5199711	5202452	2741
26679	AT5G56630	22923804	22926963	3159
26680	AT5G37190	14723144	14726818	3674
26681	AT5G42790	17159044	17161156	2112
26682	AT5G14310	4615163	4617633	2470
26683	AT5G65090	26003882	26006851	2969
26684	AT5G13170	4181042	4183354	2312
26685	AT5G44430	17908850	17909507	657
26686	AT5G64740	25881033	25886728	5695
26687	AT5G38880	15562939	15569250	6311
26688	AT5G35980	14127960	14136351	8391
26689	AT5G13290	4252842	4255378	2536
26690	AT5G64905	25939562	25940080	518
26691	AT5G63880	25563724	25565498	1774
26692	AT5G53160	21560601	21562709	2108
26693	AT5G52300	21237021	21239531	2510
26694	AT5G48375	19601303	19603883	2580
26695	AT5G65310	26101818	26104614	2796
26696	AT5G23580	7950202	7952619	2417
26697	AT5G43010	17248290	17251200	2910
26698	AT5G14400	4643510	4646530	3020
26699	AT5G15460	5018680	5020926	2246
26700	AT5G06340	1936339	1938134	1795
26701	AT5G23980	8097978	8101330	3352
26702	AT5G07880	2515219	2517066	1847
26703	AT5G35190	13434151	13435424	1273
26704	AT5G18560	6164526	6166040	1514
26705	AT5G67100	26776953	26786431	9478
26706	AT5G60890	24494291	24496371	2080
26707	AT5G15600	5078200	5079327	1127
26708	AT5G50240	20451228	20452569	1341
26709	AT5G08330	2680401	2681993	1592
26710	AT5G19360	6521405	6523954	2549
26711	AT5G09810	3052062	3054691	2629
26712	AT5G45770	18563333	18564921	1588
26713	AT5G12210	3947022	3949866	2844
26714	AT5G45150	18260313	18264454	4141
26715	AT5G06900	2136002	2137941	1939
26716	AT5G60020	24167996	24170462	2466
26717	AT5G52560	21330608	21334811	4203
26718	AT5G65080	25997504	26002619	5115
26719	AT5G41520	16609021	16610692	1671
26720	AT5G52100	21170048	21172346	2298
26721	AT5G40370	16147347	16149256	1909
26722	AT5G57320	23211952	23218041	6089
26723	AT5G17030	5603133	5604893	1760
26724	AT5G14340	4623198	4624960	1762
26725	AT5G08080	2588160	2591406	3246
26726	AT5G26860	9450952	9457000	6048
26727	AT5G18010	5962773	5963405	632
26728	AT5G44610	17993535	17994722	1187
26729	AT5G09740	3021932	3024763	2831
26730	AT5G25830	9004236	9005941	1705
26731	AT5G47500	19270944	19272892	1948
26732	AT5G39740	15903279	15905532	2253
26733	AT5G11060	3509833	3513741	3908
26734	AT5G49890	20288055	20292432	4377
26735	AT5G28080	10089995	10092721	2726
26736	AT5G67160	26797596	26799265	1669
26737	AT5G23530	7932966	7934547	1581
26738	AT5G54250	22025035	22030099	5064
26739	AT5G20270	6840833	6842946	2113
26740	AT5G05780	1735725	1738740	3015
26741	AT5G09440	2938193	2939715	1522
26742	AT5G43350	17399769	17402158	2389
26743	AT5G21140	7187096	7189696	2600
26744	AT5G64050	25629832	25633209	3377
26745	AT5G15830	5168194	5169365	1171
26746	AT5G03200	760319	761840	1521
26747	AT5G05150	1524699	1526199	1500
26748	AT5G15530	5038563	5040840	2277
26749	AT5G56150	22729015	22731315	2300
26750	AT5G56540	22893151	22893651	500
26751	AT5G54070	21943983	21945651	1668
26752	AT5G46590	18905258	18907052	1794
26753	AT5G01930	361081	362901	1820
26754	AT5G18670	6225956	6228195	2239
26755	AT5G02470	542318	544955	2637
26756	AT5G25780	8973247	8976913	3666
26757	AT5G47850	19378669	19381190	2521
26758	AT5G65110	26009521	26012684	3163
26759	AT5G40260	16089678	16091797	2119
26760	AT5G23810	8028238	8030888	2650
26761	AT5G48890	19819948	19821007	1059
26762	AT5G27090	9531740	9532697	957
26763	AT5G55490	22478712	22481937	3225
26764	AT5G55500	22482125	22484631	2506
26765	AT5G11160	3550300	3552255	1955
26766	AT5G20490	6926516	6937830	11314
26767	AT5G23740	8007921	8009436	1515
26768	AT5G11180	3557238	3561575	4337
26769	AT5G23080	7742940	7749020	6080
26770	AT5G11790	3799408	3803216	3808
26771	AT5G38560	15439249	15443296	4047
26772	AT5G65410	26136002	26137554	1552
26773	AT5G16780	5515707	5522261	6554
26774	AT5G12290	3974119	3978221	4102
26775	AT5G66380	26513262	26515800	2538
26776	AT5G60910	24502434	24506269	3835
26777	AT5G22330	7390796	7394280	3484
26778	AT5G38630	15465992	15468185	2193
26779	AT5G47370	19216271	19218007	1736
26780	AT5G19200	6458776	6461060	2284
26781	AT5G62050	24923465	24927314	3849
26782	AT5G54060	21936746	21938396	1650
26783	AT5G51550	20939363	20940895	1532
26784	AT5G01330	132264	134920	2656
26785	AT5G42780	17154718	17155757	1039
26786	AT5G06100	1837835	1840727	2892
26787	AT5G19140	6423153	6426166	3013
26788	AT5G26667	9275893	9278625	2732
26789	AT5G05770	1734427	1734855	428
26790	AT5G45980	18648886	18650836	1950
26791	AT5G44640	18011146	18012882	1736
26792	AT5G44750	18052607	18060169	7562
26793	AT5G43980	17694680	17696690	2010
26794	AT5G07250	2274260	2276039	1779
26795	AT5G08620	2794388	2797760	3372
26796	AT5G51810	21055179	21056881	1702
26797	AT5G16290	5333750	5337784	4034
26798	AT5G10090	3153494	3156249	2755
26799	AT5G03960	1068158	1070164	2006
26800	AT5G04510	1286843	1289908	3065
26801	AT5G19410	6545123	6547177	2054
26802	AT5G11440	3652714	3654202	1488
26803	AT5G40990	16418842	16420616	1774
26804	AT5G04260	1178644	1180060	1416
26805	AT5G44130	17760865	17762089	1224
26806	AT5G55630	22531358	22533122	1764
26807	AT5G26742	9284557	9289003	4446
26808	AT5G46340	18795737	18800122	4385
26809	AT5G08170	2628300	2631295	2995
26810	AT5G01630	234851	241106	6255
26811	AT5G18280	6050514	6054386	3872
26812	AT5G47960	19421340	19422533	1193
26813	AT5G60120	24207689	24211743	4054
26814	AT5G36180	14238935	14242135	3200
26815	AT5G44340	17859136	17861150	2014
26816	AT5G48920	19835337	19836258	921
26817	AT5G60510	24330338	24331768	1430
26818	AT5G53180	21568131	21571904	3773
26819	AT5G60210	24243009	24247888	4879
26820	AT5G58080	23501605	23504169	2564
26821	AT5G52360	21257934	21259408	1474
26822	AT5G52920	21463467	21466880	3413
26823	AT5G42130	16835233	16836895	1662
26824	AT5G23940	8076312	8079866	3554
26825	AT5G09990	3124568	3125076	508
26826	AT5G45860	18603990	18604677	687
26827	AT5G50570	20582083	20584721	2638
26828	AT5G52210	21204991	21207098	2107
26829	AT5G22950	7681234	7682949	1715
26830	AT5G48330	19585924	19587857	1933
26831	AT5G27840	9862923	9865172	2249
26832	AT5G05170	1530132	1535558	5426
26833	AT5G64470	25775975	25777963	1988
26834	AT5G24780	8507590	8509201	1611
26835	AT5G19180	6453248	6456033	2785
26836	AT5G12250	3960938	3963624	2686
26837	AT5G48250	19561319	19563832	2513
26838	AT5G30510	11619000	11621298	2298
26839	AT5G04620	1327093	1330151	3058
26840	AT5G20280	6844712	6850237	5525
26841	AT5G40760	16310663	16314811	4148
26842	AT5G42800	17164093	17166032	1939
26843	AT5G08141	2619008	2619669	661
26844	AT5G59890	24122348	24123912	1564
26845	AT5G66190	26450964	26453199	2235
26846	AT5G47140	19144601	19147657	3056
26847	AT5G48580	19695767	19698712	2945
26848	AT5G05930	1779870	1783465	3595
26849	AT5G60200	24240810	24242523	1713
26850	AT5G60540	24336623	24338802	2179
26851	AT5G65640	26236964	26239219	2255
26852	AT5G57520	23295652	23296776	1124
26853	AT5G05920	1777547	1779867	2320
26854	AT5G46700	18950843	18953127	2284
26855	AT5G06310	1928343	1930951	2608
26856	AT5G16320	5344495	5346106	1611
26857	AT5G42340	16927893	16930532	2639
26858	AT5G45875	18608391	18608933	542
26859	AT5G56360	22823189	22828062	4873
26860	AT5G28290	10278615	10282824	4209
26861	AT5G04870	1416564	1420554	3990
26862	AT5G18520	6144855	6146603	1748
26863	AT5G38280	15293048	15297611	4563
26864	AT5G25980	9072708	9075777	3069
26865	AT5G27200	9571185	9572213	1028
26866	AT5G60620	24367142	24369790	2648
26867	AT5G63595	25459087	25460436	1349
26868	AT5G18000	5959900	5961642	1742
26869	AT5G63470	25415600	25417199	1599
26870	AT5G64750	25891449	25893888	2439
26871	AT5G24660	8443279	8444101	822
26872	AT5G64300	25718008	25721166	3158
26873	AT5G23120	7778017	7780907	2890
26874	AT5G45750	18559060	18560945	1885
26875	AT5G20630	6975029	6976036	1007
26876	AT5G18820	6271386	6274599	3213
26877	AT5G04040	1089342	1093204	3862
26878	AT5G39620	15864166	15865782	1616
26879	AT5G43525	17488088	17488516	428
26880	AT5G54380	22077040	22080341	3301
26881	AT5G12030	3883957	3884838	881
26882	AT5G59220	23894404	23896939	2535
26883	AT5G18890	6301652	6304088	2436
26884	AT5G66690	26625049	26626822	1773
26885	AT5G09230	2871365	2873789	2424
26886	AT5G57550	23304782	23306440	1658
26887	AT5G42900	17197641	17199910	2269
26888	AT5G43580	17507801	17508752	951
26889	AT5G62690	25181296	25183811	2515
26890	AT5G61420	24689069	24691187	2118
26891	AT5G28770	10796457	10798305	1848
26892	AT5G05380	1592013	1593185	1172
26893	AT5G38970	15594674	15598089	3415
26894	AT5G04410	1243684	1246684	3000
26895	AT5G17310	5696478	5700993	4515
26896	AT5G11510	3679748	3684884	5136
26897	AT5G04200	1153740	1155040	1300
26898	AT5G55300	22424502	22429514	5012
26899	AT5G13530	4345202	4354723	9521
26900	AT5G04895	1428597	1434769	6172
26901	AT5G67470	26926551	26930556	4005
26902	AT5G12130	3919428	3922485	3057
26903	AT5G20710	7010451	7014249	3798
26904	AT5G13640	4392937	4397541	4604
26905	AT5G51100	20773235	20775739	2504
26906	AT5G45890	18613239	18614963	1724
26907	AT5G37510	14897329	14900693	3364
26908	AT5G65700	26281642	26285413	3771
26909	AT5G04180	1147648	1149284	1636
26910	AT5G51600	20960779	20964537	3758
26911	AT5G65870	26351373	26352703	1330
26912	AT5G23990	8105461	8108642	3181
26913	AT5G58960	23805717	23808478	2761
26914	AT5G62575	25117414	25118892	1478
26915	AT5G67590	26957915	26959557	1642
26916	AT5G27070	9527741	9528604	863
26917	AT5G66570	26568572	26570461	1889
26918	AT5G06500	1982444	1983205	761
26919	AT5G06150	1859279	1861703	2424
26920	AT5G27100	9535059	9538444	3385
26921	AT5G62020	24915807	24917643	1836
26922	AT5G52460	21292375	21293758	1383
26923	AT5G52600	21343102	21344106	1004
26924	AT5G47470	19254403	19256810	2407
26925	AT5G54640	22196287	22197492	1205
26926	AT5G61160	24608605	24610329	1724
26927	AT5G65720	26296025	26298091	2066
26928	AT5G13000	4110171	4121489	11318
26929	AT5G52870	21427827	21429495	1668
26930	AT5G48180	19540937	19542760	1823
26931	AT5G41090	16445655	16446673	1018
26932	AT5G61380	24674963	24678550	3587
26933	AT5G11800	3803315	3808273	4958
26934	AT5G13800	4451733	4454813	3080
26935	AT5G39860	15957368	15958559	1191
26936	AT5G46250	18755280	18758333	3053
26937	AT5G18060	5975780	5976589	809
26938	AT5G03150	745421	749028	3607
26939	AT5G43070	17288965	17289958	993
26940	AT5G54500	22124390	22126618	2228
26941	AT5G58260	23560568	23562001	1433
26942	AT5G51451	20898108	20898775	667
26943	AT5G15650	5092140	5095302	3162
26944	AT5G24140	8164319	8167776	3457
26945	AT5G20900	7090704	7092539	1835
26946	AT5G41370	16551119	16556038	4919
26947	AT5G03280	787428	793404	5976
26948	AT5G02030	395567	399125	3558
26949	AT5G12860	4059579	4062289	2710
26950	AT5G58060	23498139	23500384	2245
26951	AT5G01600	227953	230051	2098
26952	AT5G05490	1624206	1629269	5063
26953	AT5G63870	25561070	25563316	2246
26954	AT5G21920	7241201	7242880	1679
26955	AT5G37680	14969596	14971343	1747
26956	AT5G02310	473868	482942	9074
26957	AT5G52310	21240717	21243644	2927
26958	AT5G46210	18731371	18736815	5444
26959	AT5G04190	1150886	1152627	1741
26960	AT5G24290	8263111	8265748	2637
26961	AT5G05260	1559608	1561802	2194
26962	AT5G50850	20689243	20693470	4227
26963	AT5G47077	19123506	19123779	273
26964	AT5G35220	13484403	13487594	3191
26965	AT5G23440	7902895	7903899	1004
26966	AT5G11210	3571020	3574817	3797
26967	AT5G24090	8143545	8145252	1707
26968	AT5G04140	1129785	1138488	8703
26969	AT5G58240	23558114	23559353	1239
26970	AT5G54960	22310553	22312832	2279
26971	AT5G39710	15895682	15898219	2537
26972	AT5G02380	506498	507244	746
26973	AT5G03160	750101	752805	2704
26974	AT5G51860	21081844	21084427	2583
26975	AT5G66360	26510146	26511844	1698
26976	AT5G16180	5279884	5283102	3218
26977	AT5G62100	24940203	24942003	1800
26978	AT5G20510	6939813	6943011	3198
26979	AT5G14100	4549438	4551843	2405
26980	AT5G45680	18530834	18532337	1503
26981	AT5G57360	23241320	23244590	3270
26982	AT5G17640	5810935	5813316	2381
26983	AT5G26000	9079452	9082384	2932
26984	AT5G20690	7002453	7004775	2322
26985	AT5G12170	3931349	3935142	3793
26986	AT5G24770	8500468	8502224	1756
26987	AT5G10330	3247847	3250964	3117
26988	AT5G07480	2367167	2369696	2529
26989	AT5G50470	20555120	20555758	638
26990	AT5G27670	9792509	9793560	1051
26991	AT5G41360	16544333	16549327	4994
26992	AT5G04820	1399395	1400784	1389
26993	AT5G10810	3418610	3420692	2082
26994	AT5G61430	24701062	24702787	1725
26995	AT5G38330	15317683	15318511	828
26996	AT5G67440	26912707	26916453	3746
26997	AT5G13420	4301792	4304315	2523
26998	AT5G48905	19831255	19831917	662
26999	AT5G13300	4255547	4262568	7021
27000	AT5G10380	3267635	3268813	1178
27001	AT5G09978	3120655	3121879	1224
27002	AT5G47175	19160013	19160456	443
27003	AT5G04990	1471481	1474029	2548
27004	AT5G08790	2858849	2860558	1709
27005	AT5G60770	24444365	24447127	2762
27006	AT5G14170	4568480	4570994	2514
27007	AT5G42230	16880592	16884462	3870
27008	AT5G17420	5736630	5741500	4870
27009	AT5G37260	14751344	14753088	1744
27010	AT5G09250	2875136	2876609	1473
27011	AT5G39400	15766037	15768354	2317
27012	AT5G15630	5084524	5086811	2287
27013	AT5G04560	1309099	1318520	9421
27014	AT5G63090	25308516	25311019	2503
27015	AT5G62490	25090091	25091559	1468
27016	AT5G35360	13584104	13588496	4392
27017	AT5G37415	14839047	14840301	1254
27018	AT5G22360	7404004	7405883	1879
27019	AT5G43160	17329275	17331352	2077
27020	AT5G54440	22099764	22107849	8085
27021	AT5G56080	22711141	22712441	1300
27022	AT5G04220	1155725	1158944	3219
27023	AT5G18580	6174972	6178401	3429
27024	AT5G40580	16248286	16250925	2639
27025	AT5G16760	5509625	5511322	1697
27026	AT5G23630	7960478	7968197	7719
27027	AT5G61580	24761041	24764168	3127
27028	AT5G36150	14220634	14226211	5577
27029	AT5G05850	1762405	1764774	2369
27030	AT5G42890	17194170	17196093	1923
27031	AT5G60640	24370827	24374098	3271
27032	AT5G14000	4517694	4519426	1732
27033	AT5G15770	5144091	5144580	489
27034	AT5G44480	17920456	17923802	3346
27035	AT5G13060	4142910	4147140	4230
27036	AT5G05500	1629610	1630478	868
27037	AT5G50820	20679222	20680274	1052
27038	AT5G45330	18363406	18366684	3278
27039	AT5G49970	20329103	20333172	4069
27040	AT5G43290	17371808	17373221	1413
27041	AT5G63030	25286177	25287694	1517
27042	AT5G05940	1785845	1788600	2755
27043	AT5G45600	18487798	18489869	2071
27044	AT5G66680	26617399	26620704	3305
27045	AT5G01540	210979	213472	2493
27046	AT5G01830	320349	323213	2864
27047	AT5G28650	10677599	10679204	1605
27048	AT5G52120	21176377	21180474	4097
27049	AT5G58860	23765791	23768111	2320
27050	AT5G11380	3629988	3633511	3523
27051	AT5G16620	5450620	5454577	3957
27052	AT5G43880	17639776	17643982	4206
27053	AT5G41340	16538063	16540189	2126
27054	AT5G51990	21116877	21117860	983
27055	AT5G16020	5229513	5232311	2798
27056	AT5G54740	22238358	22239187	829
27057	AT5G48850	19805437	19807853	2416
27058	AT5G05690	1702640	1706948	4308
27059	AT5G13570	4367262	4370429	3167
27060	AT5G02600	584162	586953	2791
27061	AT5G20850	7070491	7072968	2477
27062	AT5G56600	22909882	22910710	828
27063	AT5G52640	21352557	21355147	2590
27064	AT5G13480	4326397	4331971	5574
27065	AT5G23270	7838863	7841077	2214
27066	AT5G35750	13911283	13916805	5522
27067	AT5G35620	13824424	13826444	2020
27068	AT5G51700	21001144	21003286	2142
27069	AT5G07050	2191385	2193416	2031
27070	AT5G25190	8706745	8707885	1140
27071	AT5G63560	25449311	25451419	2108
27072	AT5G22900	7657224	7659868	2644
27073	AT5G46795	18986936	18988197	1261
27074	AT5G65970	26387428	26390767	3339
27075	AT5G59780	24081868	24083562	1694
27076	AT5G51660	20980005	20989499	9494
27077	AT5G48170	19532270	19533390	1120
27078	AT5G54510	22130964	22133688	2724
27079	AT5G42270	16902475	16905294	2819
27080	AT5G45100	18218586	18220047	1461
27081	AT5G57015	23071028	23074843	3815
27082	AT5G40120	16051879	16053036	1157
27083	AT5G56290	22786496	22792306	5810
27084	AT5G15150	4913699	4915976	2277
27085	AT5G40480	16213036	16224177	11141
27086	AT5G18660	6220710	6222300	1590
27087	AT5G55280	22420600	22422649	2049
27088	AT5G35670	13855736	13858059	2323
27089	AT5G62180	24978718	24980075	1357
27090	AT5G41040	16431304	16433305	2001
27091	AT5G08130	2606002	2610250	4248
27092	AT5G39300	15737366	15738479	1113
27093	AT5G18480	6131130	6133982	2852
27094	AT5G26940	9480308	9482818	2510
27095	AT5G45090	18202617	18205000	2383
27096	AT5G06070	1828150	1829186	1036
27097	AT5G67030	26753469	26757402	3933
27098	AT5G67500	26935075	26937650	2575
27099	AT5G22800	7615747	7620278	4531
27100	AT5G17920	5935038	5939865	4827
27101	AT5G25390	8820458	8822062	1604
27102	ATMG00630	183111	183443	332
27103	AT5G22240	7364689	7365426	737
27104	AT5G57920	23453056	23454397	1341
27105	AT5G03720	971142	974326	3184
27106	AT5G56860	22989216	22991530	2314
27107	AT5G57190	23171049	23175495	4446
27108	AT5G01100	34538	37999	3461
27109	AT5G64330	25727126	25730358	3232
27110	AT5G63770	25518404	25523621	5217
27111	AT5G39950	15990687	15991978	1291
27112	AT5G03270	781725	784368	2643
27113	AT5G64060	25633455	25635789	2334
27114	AT5G09600	2978825	2981096	2271
27115	AT5G64860	25925173	25928879	3706
27116	AT5G63540	25440783	25444471	3688
27117	AT5G01580	222760	223852	1092
27118	AT5G13730	4429095	4430901	1806
27119	AT5G01310	126204	129150	2946
27120	AT5G42240	16887626	16891192	3566
27121	AT5G36110	14195356	14197761	2405
27122	AT5G49270	19971884	19974530	2646
27123	AT5G50430	20534058	20537138	3080
27124	AT5G59920	24128491	24131081	2590
27125	AT5G10140	3173382	3179448	6066
27126	AT5G48100	19489327	19492744	3417
27127	AT5G24930	8589457	8590949	1492
27128	AT5G63140	25328119	25329882	1763
27129	AT5G22750	7565037	7571109	6072
27130	AT5G15580	5068237	5072492	4255
27131	AT5G49720	20197391	20200468	3077
27132	AT5G24920	8584535	8585297	762
27133	AT5G09790	3038978	3041206	2228
27134	AT5G61410	24683606	24686217	2611
27135	AT5G16840	5535845	5538250	2405
27136	AT5G20960	7116455	7122774	6319
27137	AT5G09640	2988314	2991156	2842
27138	AT5G59300	23919868	23921193	1325
27139	AT5G03415	842289	845454	3165
27140	AT5G06850	2126944	2130509	3565
27141	AT5G37300	14767426	14770396	2970
27142	AT5G53560	21759329	21760578	1249
27143	AT5G10510	3315401	3320323	4922
27144	AT5G51720	21009347	21010345	998
27145	AT5G23860	8042853	8044934	2081
27146	AT5G14420	4648081	4651442	3361
27147	ATMG00130	34190	34555	365
27148	AT5G23320	7852585	7853963	1378
27149	AT5G25620	8934941	8938768	3827
27150	AT5G17520	5772568	5775417	2849
27151	AT5G57160	23154965	23161826	6861
27152	AT5G63160	25333172	25335570	2398
27153	AT5G44460	17916993	17918001	1008
27154	AT5G20230	6826365	6827748	1383
27155	AT5G18300	6057773	6058216	443
27156	AT5G49020	19871191	19874974	3783
27157	AT5G01550	214373	216773	2400
27158	AT5G60660	24375368	24377206	1838
27159	AT5G13490	4335272	4337730	2458
27160	AT5G65330	26110326	26111403	1077
27161	AT5G14320	4617218	4618981	1763
27162	AT5G65390	26128581	26129547	966
27163	AT5G61640	24774980	24776398	1418
27164	AT5G01920	359107	361310	2203
27165	AT5G24105	8151907	8153007	1100
27166	AT5G16770	5514717	5517153	2436
27167	AT5G06710	2067941	2070566	2625
27168	AT5G57690	23371675	23374676	3001
27169	AT5G04280	1192259	1195759	3500
27170	AT5G67400	26894778	26896488	1710
27171	AT5G17400	5728789	5730430	1641
27172	AT5G58380	23596962	23599353	2391
27173	AT5G03470	866339	869252	2913
27174	AT5G05160	1527768	1530205	2437
27175	AT5G63790	25526509	25528281	1772
27176	AT5G25910	9038860	9041377	2517
27177	AT5G19470	6566271	6568806	2535
27178	AT5G65690	26266180	26269763	3583
27179	AT5G44510	17929558	17934222	4664
27180	AT5G64630	25833165	25836400	3235
27181	AT5G05460	1615507	1619107	3600
27182	AT5G04490	1279577	1281746	2169
27183	AT5G49740	20205302	20208777	3475
27184	AT5G07210	2252237	2256018	3781
27185	AT5G19330	6507576	6512801	5225
27186	AT5G45610	18496228	18499888	3660
27187	AT5G54650	22197530	22202127	4597
27188	AT5G66130	26433964	26437222	3258
27189	AT5G22010	7280321	7287434	7113
27190	AT5G62540	25103934	25105619	1685
27191	AT5G13160	4176506	4180009	3503
27192	AT5G26240	9189425	9194758	5333
27193	AT5G67600	26959533	26960399	866
27194	AT5G62700	25184258	25186777	2519
27195	AT5G05987	1804697	1806850	2153
27196	AT5G09930	3097555	3100291	2736
27197	AT5G38110	15208358	15210335	1977
27198	AT5G23800	8022216	8024795	2579
27199	AT5G18440	6112738	6115932	3194
27200	AT5G11860	3821733	3824298	2565
27201	AT5G16820	5530195	5532889	2694
27202	AT5G51870	21085462	21088414	2952
27203	AT5G20590	6963338	6966226	2888
27204	AT5G03170	752750	753657	907
27205	AT5G24630	8432384	8436193	3809
27206	AT5G56750	22957629	22960916	3287
27207	AT5G52230	21207784	21212072	4288
27208	AT5G46110	18697235	18700900	3665
27209	AT5G56010	22681238	22684252	3014
27210	AT5G62740	25200838	25202839	2001
27211	AT5G56680	22936534	22939060	2526
27212	AT5G57020	23074867	23077193	2326
27213	AT5G61840	24839177	24842143	2966
27214	AT5G44800	18083277	18093907	10630
27215	AT5G53400	21661444	21663843	2399
27216	AT5G43510	17474049	17474485	436
27217	AT5G56795	22971713	22972690	977
27218	AT5G36220	14253673	14256284	2611
27219	AT5G20935	7103384	7103945	561
27220	AT5G04240	1169153	1174992	5839
27221	AT5G12870	4062666	4065075	2409
27222	AT5G61480	24724337	24728244	3907
27223	AT5G48380	19604089	19607147	3058
27224	AT5G02500	553745	556623	2878
27225	AT5G28646	10674712	10677234	2522
27226	AT5G46400	18819933	18824782	4849
27227	AT5G51750	21020014	21022903	2889
27228	AT5G09400	2916151	2920823	4672
27229	AT5G24655	8440601	8441364	763
27230	AT5G03670	947146	950239	3093
27231	AT5G02560	575225	577216	1991
27232	AT5G40890	16381314	16385424	4110
27233	AT5G07530	2382381	2384525	2144
27234	AT5G02790	632796	635240	2444
27235	AT5G26594	9269282	9270254	972
27236	AT5G48820	19792270	19794480	2210
27237	AT5G51290	20843923	20848376	4453
27238	AT5G11300	3601513	3605350	3837
27239	AT5G16260	5311141	5315834	4693
27240	AT5G24860	8541558	8542473	915
27241	AT5G03730	974360	979849	5489
27242	AT5G60490	24325457	24326827	1370
27243	AT5G39190	15692542	15693735	1193
27244	AT5G55480	22474142	22478216	4074
27245	AT5G43750	17579867	17581275	1408
27246	AT5G13910	4482128	4483247	1119
27247	AT5G53950	21901704	21903854	2150
27248	AT5G67560	26950106	26952285	2179
27249	AT5G26660	9331565	9333284	1719
27250	AT5G52440	21286735	21288913	2178
27251	AT5G20570	6956573	6958338	1765
27252	AT5G59280	23914069	23915139	1070
27253	AT5G49360	20011812	20016857	5045
27254	AT5G08380	2694669	2697781	3112
27255	AT5G35410	13634399	13638375	3976
27256	AT5G53450	21688763	21692480	3717
27257	AT5G44780	18067925	18070928	3003
27258	AT5G39550	15837178	15840678	3500
27259	AT5G17890	5916862	5923494	6632
27260	AT5G56280	22783384	22785605	2221
27261	AT5G17790	5869696	5872782	3086
27262	AT5G23880	8052439	8058465	6026
27263	AT5G43430	17453517	17455297	1780
27264	AT5G51940	21104551	21105947	1396
27265	AT5G66280	26476166	26477754	1588
27266	AT5G66870	26705785	26708741	2956
27267	AT5G43630	17526660	17530605	3945
27268	AT5G36140	14212174	14213293	1119
27269	AT5G66990	26744257	26745362	1105
27270	AT5G57900	23449694	23450933	1239
27271	AT5G61500	24733785	24736876	3091
27272	AT5G64610	25828160	25830669	2509
27273	AT5G14040	4530643	4533119	2476
27274	AT5G10500	3305287	3308109	2822
27275	AT5G43090	17295933	17298214	2281
27276	AT5G40440	16181628	16184827	3199
27277	AT5G66140	26437170	26438771	1601
27278	AT5G43650	17533130	17534796	1666
27279	AT5G10520	3319870	3322935	3065
27280	AT5G19855	6711943	6713937	1994
27281	AT5G26980	9488133	9491092	2959
27282	AT5G49450	20051829	20052735	906
27283	AT5G23770	8014320	8016913	2593
27284	AT5G07830	2503125	2506688	3563
27285	AT5G04720	1360589	1363907	3318
27286	AT5G50700	20623024	20625279	2255
27287	AT5G05760	1728893	1731090	2197
27288	AT5G16560	5406863	5411766	4903
27289	AT5G05390	1594685	1597042	2357
27290	AT5G27740	9823513	9827243	3730
27291	AT5G55130	22373168	22376138	2970
27292	AT5G47075	19122503	19122866	363
27293	AT5G02200	437365	439019	1654
27294	AT5G07350	2319994	2325535	5541
27295	AT5G47680	19316046	19317539	1493
27296	AT5G02750	619865	621180	1315
27297	AT5G46370	18809496	18811870	2374
27298	AT5G27000	9497939	9503173	5234
27299	AT5G42100	16829113	16831618	2505
27300	AT5G61810	24831574	24833984	2410
27301	AT5G46410	18825100	18829624	4524
27302	AT5G48670	19738646	19739841	1195
27303	AT5G58310	23574992	23576084	1092
27304	AT5G24800	8515200	8516669	1469
27305	AT5G23070	7741792	7742978	1186
27306	AT5G28020	10026152	10028722	2570
27307	AT5G54730	22233789	22237370	3581
27308	AT5G19400	6539926	6545081	5155
27309	AT5G06140	1855995	1858903	2908
27310	AT5G49030	19874925	19883297	8372
27311	AT5G02250	454777	459696	4919
27312	AT5G60790	24453258	24456115	2857
27313	AT5G60360	24279660	24282482	2822
27314	AT5G66640	26599351	26602034	2683
27315	AT5G39210	15703078	15704272	1194
27316	AT5G55190	22392063	22394185	2122
27317	AT5G54600	22182843	22184610	1767
27318	AT5G24020	8116665	8118087	1422
27319	AT5G58760	23730450	23733707	3257
27320	AT5G14750	4763372	4764834	1462
27321	AT5G04110	1110342	1115007	4665
27322	AT5G05740	1723687	1727068	3381
27323	AT5G16750	5504242	5509361	5119
27324	AT5G41410	16579936	16584077	4141
27325	AT5G44370	17874734	17877658	2924
27326	AT5G59560	24000476	24001957	1481
27327	AT5G45800	18575520	18579241	3721
27328	AT5G63530	25432890	25435834	2944
27329	AT5G50960	20734136	20736138	2002
27330	AT5G40210	16073534	16076221	2687
27331	AT5G54770	22246519	22248332	1813
27332	AT5G06600	2019084	2028116	9032
27333	AT5G50320	20480626	20484945	4319
27334	AT5G42380	16942447	16943820	1373
27335	AT5G13840	4468508	4471466	2958
27336	AT5G59440	23971063	23972964	1901
27337	AT5G20540	6947789	6952038	4249
27338	AT5G49550	20106532	20107208	676
27339	AT5G19820	6695174	6701355	6181
27340	ATMG01140	292973	293431	458
27341	AT5G64667	25850509	25851375	866
27342	AT5G06530	1989650	1994961	5311
27343	AT5G54180	21988457	21990393	1936
27344	AT5G36880	14534585	14540441	5856
27345	AT5G44420	17906968	17907638	670
27346	AT5G53980	21913883	21914866	983
27347	AT5G39360	15753006	15754690	1684
27348	AT5G23310	7850444	7852534	2090
27349	AT5G01690	257306	260490	3184
27350	AT5G67330	26861266	26863897	2631
27351	AT5G27580	9736525	9737322	797
27352	AT5G15920	5195593	5199697	4104
27353	AT5G04540	1296356	1302477	6121
27354	AT5G17290	5686135	5689947	3812
27355	AT5G17620	5805708	5808619	2911
27356	AT5G14200	4576123	4578402	2279
27357	AT5G21040	7144829	7147277	2448
27358	AT5G08335	2681996	2683780	1784
27359	AT5G33290	12558154	12562020	3866
27360	AT5G07520	2379898	2381317	1419
27361	AT5G60780	24450745	24452964	2219
27362	AT5G40430	16176427	16177731	1304
27363	AT5G67070	26767599	26768956	1357
27364	AT5G54840	22276343	22278423	2080
27365	AT5G22290	7375839	7377776	1937
27366	AT5G03520	883311	885451	2140
27367	AT5G19320	6505092	6507645	2553
27368	AT5G44785	18069449	18073129	3680
27369	AT5G49190	19943181	19947588	4407
27370	AT5G47880	19386045	19388587	2542
27371	AT5G57280	23204377	23206663	2286
27372	AT5G26570	9261479	9267732	6253
27373	AT5G38410	15376988	15378642	1654
27374	AT5G22030	7289703	7296344	6641
27375	AT5G41260	16503562	16507475	3913
27376	AT5G64070	25636882	25644478	7596
27377	AT5G04770	1378621	1382478	3857
27378	AT5G10940	3448535	3454286	5751
27379	AT5G61730	24803427	24807920	4493
27380	AT5G40170	16064859	16067628	2769
27381	AT5G19520	6585355	6588966	3611
27382	AT5G09610	2980865	2982819	1954
27383	AT5G24280	8251220	8262603	11383
27384	AT5G04640	1332759	1333922	1163
27385	AT5G16490	5384250	5385230	980
27386	AT5G64310	25721733	25722678	945
27387	AT5G44700	18032864	18037323	4459
27388	AT5G48600	19701728	19709342	7614
27389	AT5G16510	5392576	5394573	1997
27390	AT5G06950	2150840	2154586	3746
27391	ATMG00910	241306	241953	647
27392	AT5G52240	21212940	21214842	1902
27393	AT5G05870	1767630	1769477	1847
27394	AT5G24110	8153115	8154710	1595
27395	AT5G22740	7554689	7560190	5501
27396	AT5G09730	3014894	3018342	3448
27397	AT5G58970	23808461	23811292	2831
27398	AT5G18020	5966183	5966785	602
27399	AT5G50210	20442613	20446050	3437
27400	AT5G35840	14007812	14011848	4036
27401	AT5G60040	24173259	24183641	10382
27402	AT5G42980	17242607	17244231	1624
27403	AT5G26580	9393065	9394102	1037
27404	AT5G11190	3564824	3566260	1436
27405	AT5G10930	3445029	3447278	2249
27406	AT5G20140	6798832	6800977	2145
27407	AT5G04230	1160569	1163957	3388
27408	AT5G33320	12588741	12591748	3007
27409	AT5G09980	3122731	3124003	1272
27410	AT5G39700	15893761	15894424	663
27411	AT5G44030	17714390	17719723	5333
27412	AT5G20240	6828904	6831515	2611
27413	AT5G60110	24201954	24202937	983
27414	AT5G65510	26185593	26189571	3978
27415	AT5G09470	2949132	2950695	1563
27416	AT5G07120	2206894	2209556	2662
27417	AT5G60860	24484498	24485705	1207
27418	AT5G57540	23302787	23304095	1308
27419	AT5G61060	24566783	24571072	4289
27420	AT5G09650	2991149	2993213	2064
27421	AT5G45380	18390942	18395928	4986
27422	AT5G62790	25214125	25217469	3344
27423	AT5G56130	22722482	22725099	2617
27424	AT5G09420	2928173	2932021	3848
27425	AT5G24550	8392059	8395302	3243
27426	AT5G47670	19314778	19316169	1391
27427	AT5G64410	25750845	25755501	4656
27428	AT5G49310	19991946	19994672	2726
27429	AT5G57685	23365805	23367063	1258
27430	AT5G08370	2690879	2693585	2706
27431	AT5G14490	4670289	4672958	2669
27432	AT5G65270	26083216	26084832	1616
27433	AT5G52290	21230224	21236554	6330
27434	AT5G23060	7736518	7738535	2017
27435	AT5G45370	18387091	18390450	3359
27436	AT5G14180	4571294	4574679	3385
27437	AT5G03790	1004782	1006631	1849
27438	AT5G58560	23670267	23672877	2610
27439	AT5G43470	17462547	17467448	4901
27440	AT5G64800	25905956	25906713	757
27441	AT5G57630	23340746	23343489	2743
27442	AT5G57660	23355337	23356989	1652
27443	AT5G13330	4271730	4274674	2944
27444	AT5G44160	17772856	17775749	2893
27445	AT5G53470	21710170	21712614	2444
27446	AT5G13690	4415754	4420371	4617
27447	AT5G66850	26695568	26699426	3858
27448	AT5G03455	862556	864176	1620
27449	AT5G62920	25252007	25254318	2311
27450	AT5G49570	20111859	20116269	4410
27451	AT5G55820	22586287	22594135	7848
27452	AT5G07290	2293114	2298976	5862
27453	AT5G57030	23077120	23080096	2976
27454	AT5G56340	22817480	22819730	2250
27455	AT5G13270	4246954	4249307	2353
27456	AT5G12230	3953140	3956185	3045
27457	AT5G65200	26048065	26050046	1981
27458	AT5G64020	25620246	25622646	2400
27459	AT5G37770	14997514	14999619	2105
27460	AT5G12200	3941528	3944866	3338
27461	ATMG00170	48113	48532	419
27462	AT5G10280	3232569	3234277	1708
27463	AT5G52570	21334793	21337126	2333
27464	AT5G24420	8336534	8338032	1498
27465	AT5G27450	9690428	9693289	2861
27466	AT5G22260	7367635	7370295	2660
27467	AT5G19000	6342220	6344993	2773
27468	AT5G25370	8803829	8807783	3954
27469	AT5G15490	5027638	5030245	2607
27470	AT5G07190	2237474	2238720	1246
27471	AT5G12080	3897893	3901790	3897
27472	AT5G07010	2174668	2176446	1778
27473	AT5G62880	25236945	25239262	2317
27474	AT5G01530	208866	210548	1682
27475	AT5G37720	14981619	14984730	3111
27476	AT5G17020	5594632	5602969	8337
27477	AT5G19160	6430486	6433004	2518
27478	AT5G50580	20585349	20587761	2412
27479	AT5G08590	2783168	2786113	2945
27480	AT5G08640	2803833	2805606	1773
27481	AT5G26310	9234600	9236408	1808
27482	AT5G58170	23540049	23543345	3296
27483	AT5G51760	21026805	21029188	2383
27484	AT5G02490	550035	552827	2792
27485	AT5G39100	15653125	15654028	903
27486	AT5G58460	23632228	23635037	2809
27487	AT5G47240	19183523	19185644	2121
27488	ATCG00500	57075	58541	1466
27489	ATCG00510	59247	59360	113
27490	ATCG00280	33720	35141	1421
27491	ATCG00890	94941	96795	1854
27492	ATCG01250	141854	143708	1854
27493	ATCG00180	20251	23084	2833
27494	ATCG00340	37375	39579	2204
27495	ATCG00420	48677	49153	476
27496	ATCG00600	65998	66111	113
27497	ATCG00210	28089	28178	89
27498	ATCG00020	383	1444	1061
27499	ATCG01100	119847	122009	2162
27500	ATCG00660	68512	68865	353
27501	ATCG00740	77901	78890	989
27502	ATCG00820	84005	84283	278
27503	ATCG00640	67488	67688	200
27504	ATCG01020	113449	113607	158
27505	ATCG01060	117318	117563	245
27506	ATCG01050	115665	117185	1520
27507	ATCG00050	5084	6188	1104
27508	ATCG00520	59772	60326	554
27509	ATCG00070	7017	7202	185
27510	ATCG00700	74249	74380	131
27511	ATCG00830	84337	85843	1506
27512	ATCG00480	52660	54156	1496
27513	ATCG00080	7583	7693	110
27514	ATCG01000	109405	110436	1031
27515	ATCG01130	123884	129244	5360
27516	ATCG00440	50001	50363	362
27517	ATCG00680	72371	73897	1526
27518	ATCG00900	97478	97945	467
27519	ATCG00040	2056	3636	1580
27520	ATCG00470	52265	52663	398
27521	ATCG00170	15938	20068	4130
27522	ATCG01080	118377	118907	530
27523	ATMG00660	190104	190553	449
27524	ATMG00160	40502	42628	2126
27525	ATCG00120	9938	11461	1523
27526	ATCG01110	122011	123192	1181
27527	ATCG00270	32711	33772	1061
27528	ATCG01010	110398	112638	2240
27529	ATCG01040	114461	115447	986
27530	ATCG00550	63538	63660	122
27531	ATCG00360	42584	43751	1167
27532	ATCG00065	69611	69724	113
27533	ATCG00840	85862	86143	281
27534	ATCG00490	54958	56397	1439
27535	ATCG00140	13262	13507	245
27536	ATCG01270	144921	145154	233
27537	ATCG00905	97999	98793	794
27538	ATCG00810	83467	83949	482
27539	ATCG00720	74841	76292	1451
27540	ATCG01230	139856	140650	794
27541	ATCG00220	28707	28811	104
27542	ATCG01120	123296	123562	266
27543	ATCG01240	140704	141171	467
27544	ATCG00870	93495	93728	233
27545	ATCG00540	61657	62619	962
27546	ATCG00790	81189	82652	1463
27547	ATCG00150	14021	14770	749
27548	ATCG00130	11529	12798	1269
27549	ATCG01310	152806	154312	1506
27550	ATCG00860	86474	93358	6884
27551	ATCG00750	78960	79376	416
27552	ATMG00500	130968	131393	425
27553	ATCG00730	76481	77672	1191
27554	ATCG01300	152506	152787	281
27555	ATCG01090	119244	119762	518
27556	ATCG00560	63804	63920	116
27557	ATCG00650	67917	68222	305
27558	ATCG00190	23111	26329	3218
27559	ATCG00780	80696	81064	368
27560	ATCG00630	66929	67063	134
27561	ATCG00530	60741	61430	689
27562	ATMG01220	305221	305562	341
27563	ATMG00320	91001	91384	383
27564	ATMG00710	207553	207915	362
27565	ATMG00760	221700	222029	329
27566	ATMG01190	302166	303689	1523
27567	ATMG01000	260963	261307	344
27568	ATMG01010	261105	261461	356
27569	ATMG00090	25482	28733	3251
27570	ATMG00520	144294	146312	2018
27571	ATMG01200	303836	304720	884
27572	ATMG00880	237053	237616	563
27573	ATMG01100	281614	281931	317
27574	ATMG00470	127475	127843	368
27575	ATMG00310	90883	91347	464
27576	ATMG00550	151265	151747	482
27577	ATMG01270	314627	315073	446
27578	ATMG00650	188929	189231	302
27579	ATMG00040	16844	17791	947
27580	ATMG00810	227709	228431	722
27581	ATMG01300	325300	325710	410
27582	ATMG01120	287917	289083	1166
27583	ATMG01150	293976	294296	320
27584	ATMG01400	363725	364042	317
27585	ATMG01130	289197	289517	320
27586	ATMG00530	147282	147611	329
27587	ATMG00220	60235	61416	1181
27588	ATMG00960	256865	257476	611
27589	ATMG01280	318588	319463	875
27590	ATMG00290	82028	83116	1088
27591	ATMG00410	111587	112907	1320
27592	ATMG00900	239988	240758	770
27593	ATMG00440	116296	116754	458
27594	ATMG00030	11918	12241	323
27595	ATMG01275	318004	318390	386
27596	ATMG00280	77819	78151	332
27597	ATMG00120	32041	32472	431
27598	ATMG01350	346757	347194	437
27599	ATMG01170	296820	298204	1384
27600	ATMG00560	154744	157345	2601
27601	ATMG00400	110930	111403	473
27602	ATMG00665	190740	190761	21
27603	ATMG01320	327890	333105	5215
27604	ATMG01210	304779	305084	305
27605	ATMG00580	161693	169674	7981
27606	ATMG00570	157491	158351	860
27607	ATMG00770	222687	222989	302
27608	ATMG01180	300966	301301	335
27609	ATMG01080	278649	279152	503
27610	ATMG00820	228573	229085	512
27611	ATMG00050	16856	17251	395
27612	ATMG00070	23663	24235	572
27613	ATMG01110	283034	283789	755
27614	ATMG00970	258045	258398	353
27615	ATMG00210	57774	58331	557
27616	ATMG00750	220830	221189	359
27617	ATMG01240	309338	309640	302
27618	ATMG00430	115431	115751	320
27619	ATMG00890	239636	239956	320
27620	ATMG01360	349830	351413	1583
27621	ATMG01040	270238	270561	323
27622	ATMG00516	143219	147048	3829
27623	ATMG01020	261617	262078	461
27624	ATMG00180	51293	53611	2318
27625	ATMG00740	220471	220773	302
27626	ATMG01090	279463	280251	788
27627	ATMG00010	273	734	461
27628	ATMG00240	68918	69253	335
27629	ATMG01370	360717	361052	335
27630	ATMG00860	235916	236392	476
27631	ATMG00510	132071	138153	6082
27632	ATMG01060	274899	275222	323
27633	ATMG01330	329082	329465	383
27634	ATMG00830	231894	233042	1148
27635	ATMG00590	169796	170737	941
27636	ATMG00730	217631	219077	1446
27637	ATMG00150	35782	36132	350
27638	ATMG00060	20571	22086	1515
27639	ATMG00980	260224	260601	377
27640	ATMG00920	249272	249919	647
27641	ATMG00610	176542	177027	485
27642	ATMG01410	366086	366700	614
27643	ATMG00670	191055	191882	827
27644	ATMG00110	30463	31083	620
27645	ATMG01030	264113	264433	320
27646	ATMG00840	234538	234903	365
27647	ATMG00680	201729	202097	368
27648	ATMG01260	312545	313162	617
27649	ATMG00370	104954	105553	599
27650	ATMG00260	76132	76437	305
27651	ATMG00285	79740	81297	1557
27652	ATMG00140	34599	35102	503
27653	ATMG00990	260647	261006	359
27654	ATMG00690	203588	204310	722
